natx =     1500
    x       y        z       iph  
      0.00000      0.00000      0.00000   0      0.00000
      1.35275     -1.35275      1.35275   1      2.34303
     -1.35275     -1.35275     -1.35275   1      2.34303
      1.35275      1.35275     -1.35275   1      2.34303
     -1.35275      1.35275      1.35275   1      2.34303
      0.00000      2.70550      0.00000   2      2.70550
     -2.70550      0.00000      0.00000   2      2.70550
      0.00000      0.00000     -2.70550   2      2.70550
      2.70550      0.00000      0.00000   2      2.70550
      0.00000      0.00000      2.70550   2      2.70550
      0.00000     -2.70550      0.00000   2      2.70550
     -2.70550     -2.70550      0.00000   2      3.82615
     -2.70550      0.00000     -2.70550   2      3.82615
     -2.70550      2.70550      0.00000   2      3.82615
     -2.70550      0.00000      2.70550   2      3.82615
      0.00000     -2.70550     -2.70550   2      3.82615
      2.70550     -2.70550      0.00000   2      3.82615
      0.00000     -2.70550      2.70550   2      3.82615
      2.70550      0.00000     -2.70550   2      3.82615
      0.00000      2.70550     -2.70550   2      3.82615
      2.70550      2.70550      0.00000   2      3.82615
      2.70550      0.00000      2.70550   2      3.82615
      0.00000      2.70550      2.70550   2      3.82615
     -1.35275     -1.35275      4.05825   1      4.48656
      1.35275      1.35275      4.05825   1      4.48656
     -1.35275      4.05825     -1.35275   1      4.48656
      1.35275      4.05825      1.35275   1      4.48656
      4.05825     -1.35275     -1.35275   1      4.48656
      4.05825      1.35275      1.35275   1      4.48656
     -4.05825      1.35275     -1.35275   1      4.48656
     -4.05825     -1.35275      1.35275   1      4.48656
      1.35275     -4.05825     -1.35275   1      4.48656
     -1.35275     -4.05825      1.35275   1      4.48656
      1.35275     -1.35275     -4.05825   1      4.48656
     -1.35275      1.35275     -4.05825   1      4.48656
     -2.70550      2.70550     -2.70550   2      4.68606
     -2.70550      2.70550      2.70550   2      4.68606
      2.70550      2.70550     -2.70550   2      4.68606
      2.70550      2.70550      2.70550   2      4.68606
     -2.70550     -2.70550      2.70550   2      4.68606
      2.70550     -2.70550     -2.70550   2      4.68606
      2.70550     -2.70550      2.70550   2      4.68606
     -2.70550     -2.70550     -2.70550   2      4.68606
     -5.41100      0.00000      0.00000   2      5.41100
      0.00000     -5.41100      0.00000   2      5.41100
      0.00000      0.00000     -5.41100   2      5.41100
      0.00000      0.00000      5.41100   2      5.41100
      0.00000      5.41100      0.00000   2      5.41100
      5.41100      0.00000      0.00000   2      5.41100
     -1.35275      4.05825      4.05825   1      5.89650
      4.05825     -1.35275      4.05825   1      5.89650
      4.05825      4.05825     -1.35275   1      5.89650
     -4.05825      4.05825      1.35275   1      5.89650
      4.05825     -4.05825      1.35275   1      5.89650
     -4.05825     -4.05825     -1.35275   1      5.89650
     -4.05825     -1.35275     -4.05825   1      5.89650
     -4.05825      1.35275      4.05825   1      5.89650
     -1.35275     -4.05825     -4.05825   1      5.89650
      1.35275     -4.05825      4.05825   1      5.89650
      1.35275      4.05825     -4.05825   1      5.89650
      4.05825      1.35275     -4.05825   1      5.89650
     -2.70550      0.00000      5.41100   2      6.04968
     -2.70550      5.41100      0.00000   2      6.04968
      0.00000      5.41100     -2.70550   2      6.04968
      2.70550      5.41100      0.00000   2      6.04968
      0.00000      5.41100      2.70550   2      6.04968
     -5.41100      0.00000      2.70550   2      6.04968
     -5.41100      2.70550      0.00000   2      6.04968
      2.70550      0.00000     -5.41100   2      6.04968
      2.70550      0.00000      5.41100   2      6.04968
      0.00000      2.70550     -5.41100   2      6.04968
      0.00000      2.70550      5.41100   2      6.04968
      5.41100      0.00000     -2.70550   2      6.04968
      5.41100      0.00000      2.70550   2      6.04968
      5.41100      2.70550      0.00000   2      6.04968
     -2.70550     -5.41100      0.00000   2      6.04968
     -2.70550      0.00000     -5.41100   2      6.04968
     -5.41100      0.00000     -2.70550   2      6.04968
     -5.41100     -2.70550      0.00000   2      6.04968
      0.00000     -5.41100     -2.70550   2      6.04968
      2.70550     -5.41100      0.00000   2      6.04968
      0.00000     -5.41100      2.70550   2      6.04968
      0.00000     -2.70550     -5.41100   2      6.04968
      0.00000     -2.70550      5.41100   2      6.04968
      5.41100     -2.70550      0.00000   2      6.04968
     -2.70550     -5.41100      2.70550   2      6.62709
     -5.41100     -2.70550      2.70550   2      6.62709
     -2.70550     -2.70550      5.41100   2      6.62709
     -5.41100      2.70550     -2.70550   2      6.62709
     -5.41100      2.70550      2.70550   2      6.62709
     -2.70550      5.41100     -2.70550   2      6.62709
     -2.70550      5.41100      2.70550   2      6.62709
      2.70550     -5.41100     -2.70550   2      6.62709
      2.70550     -5.41100      2.70550   2      6.62709
      2.70550      5.41100     -2.70550   2      6.62709
      5.41100     -2.70550     -2.70550   2      6.62709
      5.41100     -2.70550      2.70550   2      6.62709
     -2.70550     -5.41100     -2.70550   2      6.62709
     -5.41100     -2.70550     -2.70550   2      6.62709
     -2.70550      2.70550     -5.41100   2      6.62709
     -2.70550      2.70550      5.41100   2      6.62709
      2.70550     -2.70550     -5.41100   2      6.62709
      2.70550     -2.70550      5.41100   2      6.62709
      2.70550      2.70550     -5.41100   2      6.62709
      2.70550      2.70550      5.41100   2      6.62709
      2.70550      5.41100      2.70550   2      6.62709
      5.41100      2.70550     -2.70550   2      6.62709
     -2.70550     -2.70550     -5.41100   2      6.62709
      5.41100      2.70550      2.70550   2      6.62709
     -6.76375      1.35275      1.35275   1      7.02910
      1.35275     -6.76375      1.35275   1      7.02910
      1.35275     -1.35275      6.76375   1      7.02910
     -1.35275      1.35275      6.76375   1      7.02910
      1.35275      6.76375     -1.35275   1      7.02910
     -1.35275      6.76375      1.35275   1      7.02910
      6.76375      1.35275     -1.35275   1      7.02910
      6.76375     -1.35275      1.35275   1      7.02910
     -4.05825     -4.05825      4.05825   1      7.02910
     -6.76375     -1.35275     -1.35275   1      7.02910
     -4.05825      4.05825     -4.05825   1      7.02910
     -1.35275     -6.76375     -1.35275   1      7.02910
     -1.35275     -1.35275     -6.76375   1      7.02910
      1.35275      1.35275     -6.76375   1      7.02910
      4.05825     -4.05825     -4.05825   1      7.02910
      4.05825      4.05825      4.05825   1      7.02910
     -5.41100     -5.41100      0.00000   2      7.65231
     -5.41100      0.00000     -5.41100   2      7.65231
     -5.41100      0.00000      5.41100   2      7.65231
     -5.41100      5.41100      0.00000   2      7.65231
      0.00000     -5.41100     -5.41100   2      7.65231
      0.00000     -5.41100      5.41100   2      7.65231
      0.00000      5.41100     -5.41100   2      7.65231
      0.00000      5.41100      5.41100   2      7.65231
      5.41100     -5.41100      0.00000   2      7.65231
      5.41100      0.00000     -5.41100   2      7.65231
      5.41100      0.00000      5.41100   2      7.65231
      5.41100      5.41100      0.00000   2      7.65231
      1.35275      6.76375      4.05825   1      8.00298
     -4.05825     -6.76375      1.35275   1      8.00298
     -6.76375     -4.05825      1.35275   1      8.00298
     -4.05825      1.35275     -6.76375   1      8.00298
     -6.76375      1.35275     -4.05825   1      8.00298
     -6.76375     -1.35275      4.05825   1      8.00298
     -4.05825     -1.35275      6.76375   1      8.00298
     -6.76375      4.05825     -1.35275   1      8.00298
     -4.05825      6.76375     -1.35275   1      8.00298
      1.35275     -4.05825     -6.76375   1      8.00298
      1.35275     -6.76375     -4.05825   1      8.00298
     -1.35275     -6.76375      4.05825   1      8.00298
     -1.35275     -4.05825      6.76375   1      8.00298
     -1.35275      4.05825     -6.76375   1      8.00298
     -1.35275      6.76375     -4.05825   1      8.00298
      1.35275      4.05825      6.76375   1      8.00298
      4.05825     -6.76375     -1.35275   1      8.00298
      6.76375     -4.05825     -1.35275   1      8.00298
      4.05825     -1.35275     -6.76375   1      8.00298
      6.76375     -1.35275     -4.05825   1      8.00298
      6.76375      1.35275      4.05825   1      8.00298
      4.05825      1.35275      6.76375   1      8.00298
      6.76375      4.05825      1.35275   1      8.00298
      4.05825      6.76375      1.35275   1      8.00298
     -5.41100     -5.41100      2.70550   2      8.11650
     -2.70550     -5.41100      5.41100   2      8.11650
     -5.41100     -2.70550      5.41100   2      8.11650
     -5.41100      2.70550     -5.41100   2      8.11650
     -2.70550      5.41100     -5.41100   2      8.11650
     -5.41100      5.41100     -2.70550   2      8.11650
     -5.41100      5.41100      2.70550   2      8.11650
     -5.41100      2.70550      5.41100   2      8.11650
     -2.70550      5.41100      5.41100   2      8.11650
      2.70550     -5.41100      5.41100   2      8.11650
      0.00000      0.00000     -8.11650   2      8.11650
     -8.11650      0.00000      0.00000   2      8.11650
      0.00000      0.00000      8.11650   2      8.11650
      2.70550      5.41100     -5.41100   2      8.11650
      2.70550      5.41100      5.41100   2      8.11650
      0.00000      8.11650      0.00000   2      8.11650
      5.41100     -2.70550     -5.41100   2      8.11650
      8.11650      0.00000      0.00000   2      8.11650
      5.41100     -2.70550      5.41100   2      8.11650
      5.41100      2.70550     -5.41100   2      8.11650
      5.41100      5.41100     -2.70550   2      8.11650
      5.41100      5.41100      2.70550   2      8.11650
      5.41100      2.70550      5.41100   2      8.11650
     -2.70550     -5.41100     -5.41100   2      8.11650
     -5.41100     -5.41100     -2.70550   2      8.11650
     -5.41100     -2.70550     -5.41100   2      8.11650
      2.70550     -5.41100     -5.41100   2      8.11650
      0.00000     -8.11650      0.00000   2      8.11650
      5.41100     -5.41100     -2.70550   2      8.11650
      5.41100     -5.41100      2.70550   2      8.11650
     -2.70550     -8.11650      0.00000   2      8.55554
     -8.11650      0.00000     -2.70550   2      8.55554
     -2.70550      0.00000     -8.11650   2      8.55554
     -8.11650     -2.70550      0.00000   2      8.55554
     -2.70550      0.00000      8.11650   2      8.55554
     -2.70550      8.11650      0.00000   2      8.55554
      0.00000     -8.11650     -2.70550   2      8.55554
      2.70550     -8.11650      0.00000   2      8.55554
      0.00000     -8.11650      2.70550   2      8.55554
      0.00000     -2.70550     -8.11650   2      8.55554
     -8.11650      2.70550      0.00000   2      8.55554
      0.00000     -2.70550      8.11650   2      8.55554
      2.70550      0.00000     -8.11650   2      8.55554
      0.00000      2.70550     -8.11650   2      8.55554
      2.70550      0.00000      8.11650   2      8.55554
      0.00000      2.70550      8.11650   2      8.55554
     -8.11650      0.00000      2.70550   2      8.55554
      0.00000      8.11650     -2.70550   2      8.55554
      2.70550      8.11650      0.00000   2      8.55554
      0.00000      8.11650      2.70550   2      8.55554
      8.11650     -2.70550      0.00000   2      8.55554
      8.11650      0.00000     -2.70550   2      8.55554
      8.11650      2.70550      0.00000   2      8.55554
      8.11650      0.00000      2.70550   2      8.55554
     -6.76375      4.05825      4.05825   1      8.87057
     -4.05825      6.76375      4.05825   1      8.87057
     -4.05825      4.05825      6.76375   1      8.87057
      4.05825     -6.76375      4.05825   1      8.87057
      6.76375     -4.05825      4.05825   1      8.87057
      4.05825     -4.05825      6.76375   1      8.87057
      4.05825      4.05825     -6.76375   1      8.87057
      6.76375      4.05825     -4.05825   1      8.87057
      4.05825      6.76375     -4.05825   1      8.87057
     -4.05825     -4.05825     -6.76375   1      8.87057
     -4.05825     -6.76375     -4.05825   1      8.87057
     -6.76375     -4.05825     -4.05825   1      8.87057
     -2.70550     -2.70550     -8.11650   2      8.97313
     -2.70550     -2.70550      8.11650   2      8.97313
     -2.70550      2.70550     -8.11650   2      8.97313
     -8.11650      2.70550     -2.70550   2      8.97313
     -2.70550      2.70550      8.11650   2      8.97313
     -2.70550      8.11650     -2.70550   2      8.97313
     -2.70550      8.11650      2.70550   2      8.97313
      2.70550     -2.70550     -8.11650   2      8.97313
     -8.11650     -2.70550     -2.70550   2      8.97313
      2.70550     -2.70550      8.11650   2      8.97313
      2.70550      2.70550     -8.11650   2      8.97313
      2.70550      2.70550      8.11650   2      8.97313
     -8.11650     -2.70550      2.70550   2      8.97313
      2.70550      8.11650     -2.70550   2      8.97313
      2.70550      8.11650      2.70550   2      8.97313
      8.11650     -2.70550     -2.70550   2      8.97313
     -8.11650      2.70550      2.70550   2      8.97313
      8.11650     -2.70550      2.70550   2      8.97313
      8.11650      2.70550     -2.70550   2      8.97313
      8.11650      2.70550      2.70550   2      8.97313
     -2.70550     -8.11650     -2.70550   2      8.97313
     -2.70550     -8.11650      2.70550   2      8.97313
      2.70550     -8.11650     -2.70550   2      8.97313
      2.70550     -8.11650      2.70550   2      8.97313
     -5.41100     -5.41100      5.41100   2      9.37213
      5.41100      5.41100     -5.41100   2      9.37213
     -5.41100     -5.41100     -5.41100   2      9.37213
     -5.41100      5.41100     -5.41100   2      9.37213
     -5.41100      5.41100      5.41100   2      9.37213
      5.41100     -5.41100     -5.41100   2      9.37213
      5.41100     -5.41100      5.41100   2      9.37213
      5.41100      5.41100      5.41100   2      9.37213
     -6.76375     -6.76375     -1.35275   1      9.66057
     -6.76375     -1.35275     -6.76375   1      9.66057
     -6.76375      1.35275      6.76375   1      9.66057
     -9.46925      1.35275     -1.35275   1      9.66057
     -6.76375      6.76375      1.35275   1      9.66057
      1.35275     -9.46925     -1.35275   1      9.66057
     -1.35275     -9.46925      1.35275   1      9.66057
     -1.35275     -6.76375     -6.76375   1      9.66057
     -9.46925     -1.35275      1.35275   1      9.66057
      1.35275     -6.76375      6.76375   1      9.66057
      1.35275     -1.35275     -9.46925   1      9.66057
     -1.35275      1.35275     -9.46925   1      9.66057
     -1.35275     -1.35275      9.46925   1      9.66057
      1.35275      1.35275      9.46925   1      9.66057
      1.35275      6.76375     -6.76375   1      9.66057
     -1.35275      6.76375      6.76375   1      9.66057
     -1.35275      9.46925     -1.35275   1      9.66057
      1.35275      9.46925      1.35275   1      9.66057
      6.76375     -6.76375      1.35275   1      9.66057
      6.76375      1.35275     -6.76375   1      9.66057
      6.76375     -1.35275      6.76375   1      9.66057
      6.76375      6.76375     -1.35275   1      9.66057
      9.46925     -1.35275     -1.35275   1      9.66057
      9.46925      1.35275      1.35275   1      9.66057
      0.00000      5.41100     -8.11650   2      9.75482
      0.00000      5.41100      8.11650   2      9.75482
     -8.11650      0.00000      5.41100   2      9.75482
     -8.11650      5.41100      0.00000   2      9.75482
     -5.41100      0.00000     -8.11650   2      9.75482
     -5.41100      0.00000      8.11650   2      9.75482
     -5.41100      8.11650      0.00000   2      9.75482
      0.00000     -5.41100     -8.11650   2      9.75482
     -8.11650      0.00000     -5.41100   2      9.75482
      0.00000     -8.11650      5.41100   2      9.75482
      0.00000     -5.41100      8.11650   2      9.75482
     -8.11650     -5.41100      0.00000   2      9.75482
      0.00000      8.11650     -5.41100   2      9.75482
      0.00000      8.11650      5.41100   2      9.75482
      8.11650     -5.41100      0.00000   2      9.75482
      5.41100      0.00000     -8.11650   2      9.75482
      8.11650      0.00000     -5.41100   2      9.75482
      8.11650      0.00000      5.41100   2      9.75482
      5.41100      0.00000      8.11650   2      9.75482
      8.11650      5.41100      0.00000   2      9.75482
      5.41100      8.11650      0.00000   2      9.75482
     -5.41100     -8.11650      0.00000   2      9.75482
      0.00000     -8.11650     -5.41100   2      9.75482
      5.41100     -8.11650      0.00000   2      9.75482
     -5.41100     -8.11650      2.70550   2     10.12305
     -8.11650      2.70550      5.41100   2     10.12305
     -2.70550     -8.11650      5.41100   2     10.12305
     -2.70550     -5.41100     -8.11650   2     10.12305
     -5.41100     -2.70550     -8.11650   2     10.12305
     -2.70550     -5.41100      8.11650   2     10.12305
     -5.41100     -2.70550      8.11650   2     10.12305
     -5.41100      2.70550     -8.11650   2     10.12305
     -5.41100      2.70550      8.11650   2     10.12305
     -2.70550      5.41100     -8.11650   2     10.12305
     -2.70550      8.11650     -5.41100   2     10.12305
     -8.11650     -5.41100      2.70550   2     10.12305
     -2.70550      8.11650      5.41100   2     10.12305
     -2.70550      5.41100      8.11650   2     10.12305
     -8.11650      5.41100     -2.70550   2     10.12305
      2.70550     -8.11650      5.41100   2     10.12305
      2.70550     -5.41100     -8.11650   2     10.12305
     -8.11650     -2.70550      5.41100   2     10.12305
      2.70550     -5.41100      8.11650   2     10.12305
      2.70550      5.41100     -8.11650   2     10.12305
      2.70550      8.11650     -5.41100   2     10.12305
     -8.11650      5.41100      2.70550   2     10.12305
      2.70550      8.11650      5.41100   2     10.12305
      2.70550      5.41100      8.11650   2     10.12305
      5.41100     -2.70550     -8.11650   2     10.12305
      8.11650     -2.70550     -5.41100   2     10.12305
      8.11650     -2.70550      5.41100   2     10.12305
      5.41100     -2.70550      8.11650   2     10.12305
      5.41100      2.70550     -8.11650   2     10.12305
      8.11650      2.70550     -5.41100   2     10.12305
      8.11650      2.70550      5.41100   2     10.12305
      5.41100      2.70550      8.11650   2     10.12305
      8.11650      5.41100     -2.70550   2     10.12305
      5.41100      8.11650     -2.70550   2     10.12305
     -8.11650     -2.70550     -5.41100   2     10.12305
     -8.11650     -5.41100     -2.70550   2     10.12305
     -2.70550     -8.11650     -5.41100   2     10.12305
     -5.41100      8.11650     -2.70550   2     10.12305
     -5.41100      8.11650      2.70550   2     10.12305
     -5.41100     -8.11650     -2.70550   2     10.12305
      2.70550     -8.11650     -5.41100   2     10.12305
     -8.11650      2.70550     -5.41100   2     10.12305
      5.41100     -8.11650     -2.70550   2     10.12305
      5.41100     -8.11650      2.70550   2     10.12305
      8.11650     -5.41100     -2.70550   2     10.12305
      8.11650     -5.41100      2.70550   2     10.12305
      8.11650      5.41100      2.70550   2     10.12305
      5.41100      8.11650      2.70550   2     10.12305
     -9.46925     -4.05825     -1.35275   1     10.39067
     -6.76375     -6.76375      4.05825   1     10.39067
     -4.05825     -6.76375      6.76375   1     10.39067
     -6.76375     -4.05825      6.76375   1     10.39067
     -4.05825     -1.35275     -9.46925   1     10.39067
     -4.05825      1.35275      9.46925   1     10.39067
     -6.76375      4.05825     -6.76375   1     10.39067
     -4.05825      6.76375     -6.76375   1     10.39067
     -6.76375      6.76375     -4.05825   1     10.39067
     -4.05825      9.46925      1.35275   1     10.39067
     -1.35275     -9.46925     -4.05825   1     10.39067
      1.35275     -9.46925      4.05825   1     10.39067
     -1.35275     -4.05825     -9.46925   1     10.39067
     -4.05825     -9.46925     -1.35275   1     10.39067
      1.35275     -4.05825      9.46925   1     10.39067
     -9.46925      4.05825      1.35275   1     10.39067
      1.35275      4.05825     -9.46925   1     10.39067
     -1.35275      4.05825      9.46925   1     10.39067
      1.35275      9.46925     -4.05825   1     10.39067
     -1.35275      9.46925      4.05825   1     10.39067
      4.05825     -9.46925      1.35275   1     10.39067
      4.05825     -6.76375     -6.76375   1     10.39067
      6.76375     -4.05825     -6.76375   1     10.39067
      6.76375     -6.76375     -4.05825   1     10.39067
      4.05825      1.35275     -9.46925   1     10.39067
     -9.46925     -1.35275     -4.05825   1     10.39067
     -9.46925      1.35275      4.05825   1     10.39067
      4.05825     -1.35275      9.46925   1     10.39067
      6.76375      6.76375      4.05825   1     10.39067
      6.76375      4.05825      6.76375   1     10.39067
      4.05825      6.76375      6.76375   1     10.39067
      4.05825      9.46925     -1.35275   1     10.39067
      9.46925     -4.05825      1.35275   1     10.39067
      9.46925      1.35275     -4.05825   1     10.39067
      9.46925     -1.35275      4.05825   1     10.39067
      9.46925      4.05825     -1.35275   1     10.39067
      0.00000    -10.82200      0.00000   2     10.82200
    -10.82200      0.00000      0.00000   2     10.82200
      0.00000      0.00000    -10.82200   2     10.82200
      0.00000      0.00000     10.82200   2     10.82200
      0.00000     10.82200      0.00000   2     10.82200
     10.82200      0.00000      0.00000   2     10.82200
     -9.46925      4.05825     -4.05825   1     11.07274
     -4.05825      4.05825     -9.46925   1     11.07274
     -4.05825      9.46925     -4.05825   1     11.07274
      4.05825     -9.46925     -4.05825   1     11.07274
      4.05825     -4.05825     -9.46925   1     11.07274
     -9.46925     -4.05825      4.05825   1     11.07274
     -4.05825     -9.46925      4.05825   1     11.07274
      4.05825      4.05825      9.46925   1     11.07274
      4.05825      9.46925      4.05825   1     11.07274
      9.46925     -4.05825     -4.05825   1     11.07274
      9.46925      4.05825      4.05825   1     11.07274
     -4.05825     -4.05825      9.46925   1     11.07274
     -8.11650      5.41100      5.41100   2     11.15506
     -2.70550      0.00000     10.82200   2     11.15506
     -5.41100      5.41100     -8.11650   2     11.15506
     -8.11650      5.41100     -5.41100   2     11.15506
     -5.41100      5.41100      8.11650   2     11.15506
     -5.41100     -8.11650      5.41100   2     11.15506
     -5.41100      8.11650     -5.41100   2     11.15506
     -2.70550     10.82200      0.00000   2     11.15506
     -5.41100      8.11650      5.41100   2     11.15506
     -5.41100     -5.41100      8.11650   2     11.15506
      0.00000     -2.70550    -10.82200   2     11.15506
      2.70550      0.00000    -10.82200   2     11.15506
    -10.82200     -2.70550      0.00000   2     11.15506
    -10.82200      0.00000     -2.70550   2     11.15506
     -2.70550      0.00000    -10.82200   2     11.15506
      0.00000     -2.70550     10.82200   2     11.15506
      2.70550      0.00000     10.82200   2     11.15506
      0.00000      2.70550    -10.82200   2     11.15506
     -8.11650     -5.41100      5.41100   2     11.15506
     -8.11650     -5.41100     -5.41100   2     11.15506
      0.00000      2.70550     10.82200   2     11.15506
      0.00000     10.82200     -2.70550   2     11.15506
      2.70550     10.82200      0.00000   2     11.15506
      0.00000     10.82200      2.70550   2     11.15506
    -10.82200      2.70550      0.00000   2     11.15506
      5.41100     -5.41100     -8.11650   2     11.15506
      5.41100     -8.11650     -5.41100   2     11.15506
      8.11650     -5.41100     -5.41100   2     11.15506
      5.41100     -8.11650      5.41100   2     11.15506
      8.11650     -5.41100      5.41100   2     11.15506
      5.41100     -5.41100      8.11650   2     11.15506
    -10.82200      0.00000      2.70550   2     11.15506
      5.41100      5.41100     -8.11650   2     11.15506
      8.11650      5.41100     -5.41100   2     11.15506
      8.11650      5.41100      5.41100   2     11.15506
      5.41100      5.41100      8.11650   2     11.15506
      5.41100      8.11650     -5.41100   2     11.15506
      5.41100      8.11650      5.41100   2     11.15506
     10.82200      0.00000     -2.70550   2     11.15506
     10.82200     -2.70550      0.00000   2     11.15506
     10.82200      0.00000      2.70550   2     11.15506
     10.82200      2.70550      0.00000   2     11.15506
     -5.41100     -8.11650     -5.41100   2     11.15506
     -5.41100     -5.41100     -8.11650   2     11.15506
     -8.11650      0.00000      8.11650   2     11.47846
      0.00000     -8.11650     -8.11650   2     11.47846
      0.00000     -8.11650      8.11650   2     11.47846
      0.00000      8.11650     -8.11650   2     11.47846
    -10.82200      2.70550      2.70550   2     11.47846
     -8.11650      8.11650      0.00000   2     11.47846
      0.00000      8.11650      8.11650   2     11.47846
     -8.11650      0.00000     -8.11650   2     11.47846
      8.11650     -8.11650      0.00000   2     11.47846
      8.11650      0.00000     -8.11650   2     11.47846
      8.11650      0.00000      8.11650   2     11.47846
     -8.11650     -8.11650      0.00000   2     11.47846
      8.11650      8.11650      0.00000   2     11.47846
     10.82200     -2.70550     -2.70550   2     11.47846
     10.82200     -2.70550      2.70550   2     11.47846
     -2.70550      2.70550     10.82200   2     11.47846
     -2.70550    -10.82200     -2.70550   2     11.47846
    -10.82200     -2.70550      2.70550   2     11.47846
     -2.70550     10.82200     -2.70550   2     11.47846
     -2.70550     10.82200      2.70550   2     11.47846
     -2.70550     -2.70550    -10.82200   2     11.47846
      2.70550    -10.82200     -2.70550   2     11.47846
    -10.82200     -2.70550     -2.70550   2     11.47846
      2.70550    -10.82200      2.70550   2     11.47846
      2.70550     -2.70550    -10.82200   2     11.47846
      2.70550     -2.70550     10.82200   2     11.47846
     -2.70550      2.70550    -10.82200   2     11.47846
      2.70550      2.70550    -10.82200   2     11.47846
      2.70550      2.70550     10.82200   2     11.47846
     -2.70550    -10.82200      2.70550   2     11.47846
      2.70550     10.82200     -2.70550   2     11.47846
      2.70550     10.82200      2.70550   2     11.47846
    -10.82200      2.70550     -2.70550   2     11.47846
     -2.70550     -2.70550     10.82200   2     11.47846
     10.82200      2.70550     -2.70550   2     11.47846
     10.82200      2.70550      2.70550   2     11.47846
     -6.76375      6.76375      6.76375   1     11.71516
      6.76375     -6.76375      6.76375   1     11.71516
      6.76375      6.76375     -6.76375   1     11.71516
     -6.76375      9.46925     -1.35275   1     11.71516
      1.35275     -9.46925     -6.76375   1     11.71516
     -6.76375     -1.35275      9.46925   1     11.71516
     -9.46925     -6.76375      1.35275   1     11.71516
     -1.35275     -9.46925      6.76375   1     11.71516
      1.35275     -6.76375     -9.46925   1     11.71516
     -1.35275     -6.76375      9.46925   1     11.71516
     -6.76375      1.35275     -9.46925   1     11.71516
     -9.46925      6.76375     -1.35275   1     11.71516
     -1.35275      6.76375     -9.46925   1     11.71516
     -6.76375     -9.46925      1.35275   1     11.71516
     -6.76375     -6.76375     -6.76375   1     11.71516
      1.35275      6.76375      9.46925   1     11.71516
     -1.35275      9.46925     -6.76375   1     11.71516
      1.35275      9.46925      6.76375   1     11.71516
      6.76375     -9.46925     -1.35275   1     11.71516
     -9.46925      1.35275     -6.76375   1     11.71516
      6.76375     -1.35275     -9.46925   1     11.71516
     -9.46925     -1.35275      6.76375   1     11.71516
      6.76375      1.35275      9.46925   1     11.71516
      6.76375      9.46925      1.35275   1     11.71516
      9.46925     -6.76375     -1.35275   1     11.71516
      9.46925     -1.35275     -6.76375   1     11.71516
      9.46925      1.35275      6.76375   1     11.71516
      9.46925      6.76375      1.35275   1     11.71516
     -2.70550      8.11650      8.11650   2     11.79300
     -8.11650      2.70550     -8.11650   2     11.79300
     -8.11650      8.11650     -2.70550   2     11.79300
      2.70550      8.11650     -8.11650   2     11.79300
      2.70550      8.11650      8.11650   2     11.79300
      8.11650     -2.70550     -8.11650   2     11.79300
     -2.70550      8.11650     -8.11650   2     11.79300
      8.11650     -2.70550      8.11650   2     11.79300
      8.11650      2.70550     -8.11650   2     11.79300
     -8.11650     -2.70550      8.11650   2     11.79300
     -8.11650      8.11650      2.70550   2     11.79300
     -8.11650      2.70550      8.11650   2     11.79300
      8.11650      2.70550      8.11650   2     11.79300
      8.11650      8.11650     -2.70550   2     11.79300
      8.11650      8.11650      2.70550   2     11.79300
     -8.11650     -8.11650      2.70550   2     11.79300
      8.11650     -8.11650     -2.70550   2     11.79300
      8.11650     -8.11650      2.70550   2     11.79300
      2.70550     -8.11650     -8.11650   2     11.79300
     -2.70550     -8.11650     -8.11650   2     11.79300
      2.70550     -8.11650      8.11650   2     11.79300
     -8.11650     -2.70550     -8.11650   2     11.79300
     -8.11650     -8.11650     -2.70550   2     11.79300
     -2.70550     -8.11650      8.11650   2     11.79300
     -5.41100     10.82200      0.00000   2     12.09936
     -5.41100      0.00000     10.82200   2     12.09936
      0.00000    -10.82200      5.41100   2     12.09936
      0.00000     -5.41100    -10.82200   2     12.09936
      0.00000     -5.41100     10.82200   2     12.09936
     -5.41100      0.00000    -10.82200   2     12.09936
      0.00000      5.41100    -10.82200   2     12.09936
    -10.82200      5.41100      0.00000   2     12.09936
     -5.41100    -10.82200      0.00000   2     12.09936
      0.00000      5.41100     10.82200   2     12.09936
      0.00000     10.82200     -5.41100   2     12.09936
      5.41100    -10.82200      0.00000   2     12.09936
      5.41100      0.00000    -10.82200   2     12.09936
      5.41100      0.00000     10.82200   2     12.09936
    -10.82200      0.00000      5.41100   2     12.09936
      5.41100     10.82200      0.00000   2     12.09936
     10.82200     -5.41100      0.00000   2     12.09936
     10.82200      0.00000     -5.41100   2     12.09936
      0.00000    -10.82200     -5.41100   2     12.09936
      0.00000     10.82200      5.41100   2     12.09936
    -10.82200     -5.41100      0.00000   2     12.09936
    -10.82200      0.00000     -5.41100   2     12.09936
     10.82200      0.00000      5.41100   2     12.09936
     10.82200      5.41100      0.00000   2     12.09936
     -6.76375      9.46925      4.05825   1     12.32414
     -4.05825      9.46925      6.76375   1     12.32414
     -4.05825     -6.76375     -9.46925   1     12.32414
     -1.35275    -12.17475     -1.35275   1     12.32414
      1.35275    -12.17475      1.35275   1     12.32414
     -6.76375     -4.05825     -9.46925   1     12.32414
    -12.17475      1.35275      1.35275   1     12.32414
     -9.46925      6.76375      4.05825   1     12.32414
     -1.35275     -1.35275    -12.17475   1     12.32414
      1.35275      1.35275    -12.17475   1     12.32414
      1.35275     -1.35275     12.17475   1     12.32414
     -1.35275      1.35275     12.17475   1     12.32414
    -12.17475     -1.35275     -1.35275   1     12.32414
      1.35275     12.17475     -1.35275   1     12.32414
     -1.35275     12.17475      1.35275   1     12.32414
      6.76375     -9.46925      4.05825   1     12.32414
      4.05825     -9.46925      6.76375   1     12.32414
     -9.46925     -4.05825     -6.76375   1     12.32414
     -9.46925      4.05825      6.76375   1     12.32414
      4.05825     -6.76375      9.46925   1     12.32414
      6.76375     -4.05825      9.46925   1     12.32414
     -4.05825     -9.46925     -6.76375   1     12.32414
     -6.76375     -9.46925     -4.05825   1     12.32414
     -6.76375      4.05825      9.46925   1     12.32414
     -4.05825      6.76375      9.46925   1     12.32414
      6.76375      4.05825     -9.46925   1     12.32414
      4.05825      6.76375     -9.46925   1     12.32414
      4.05825      9.46925     -6.76375   1     12.32414
      6.76375      9.46925     -4.05825   1     12.32414
      9.46925     -6.76375      4.05825   1     12.32414
      9.46925     -4.05825      6.76375   1     12.32414
     12.17475      1.35275     -1.35275   1     12.32414
     12.17475     -1.35275      1.35275   1     12.32414
      9.46925      4.05825     -6.76375   1     12.32414
      9.46925      6.76375     -4.05825   1     12.32414
     -9.46925     -6.76375     -4.05825   1     12.32414
      2.70550     -5.41100    -10.82200   2     12.39816
     -5.41100      2.70550     10.82200   2     12.39816
    -10.82200     -2.70550     -5.41100   2     12.39816
      2.70550     -5.41100     10.82200   2     12.39816
     -2.70550      5.41100     10.82200   2     12.39816
     -5.41100     -2.70550    -10.82200   2     12.39816
      2.70550      5.41100    -10.82200   2     12.39816
     -5.41100      2.70550    -10.82200   2     12.39816
    -10.82200     -5.41100     -2.70550   2     12.39816
    -10.82200     -2.70550      5.41100   2     12.39816
     -2.70550      5.41100    -10.82200   2     12.39816
      2.70550      5.41100     10.82200   2     12.39816
     -2.70550     10.82200     -5.41100   2     12.39816
      2.70550     10.82200     -5.41100   2     12.39816
    -10.82200      5.41100     -2.70550   2     12.39816
    -10.82200      2.70550     -5.41100   2     12.39816
     -2.70550     -5.41100     10.82200   2     12.39816
      2.70550     10.82200      5.41100   2     12.39816
     -5.41100     10.82200     -2.70550   2     12.39816
      5.41100     -2.70550    -10.82200   2     12.39816
    -10.82200      2.70550      5.41100   2     12.39816
      5.41100     -2.70550     10.82200   2     12.39816
      5.41100      2.70550    -10.82200   2     12.39816
     -2.70550     10.82200      5.41100   2     12.39816
    -10.82200      5.41100      2.70550   2     12.39816
    -10.82200     -5.41100      2.70550   2     12.39816
      5.41100      2.70550     10.82200   2     12.39816
      5.41100     10.82200     -2.70550   2     12.39816
      5.41100     10.82200      2.70550   2     12.39816
     10.82200     -5.41100     -2.70550   2     12.39816
     10.82200     -5.41100      2.70550   2     12.39816
     10.82200     -2.70550     -5.41100   2     12.39816
     -5.41100     -2.70550     10.82200   2     12.39816
     10.82200     -2.70550      5.41100   2     12.39816
     10.82200      2.70550     -5.41100   2     12.39816
     10.82200      5.41100     -2.70550   2     12.39816
     10.82200      5.41100      2.70550   2     12.39816
     -5.41100     10.82200      2.70550   2     12.39816
     10.82200      2.70550      5.41100   2     12.39816
     -2.70550     -5.41100    -10.82200   2     12.39816
     -5.41100     -8.11650      8.11650   2     12.68992
     -8.11650     -8.11650      5.41100   2     12.68992
     -8.11650     -5.41100      8.11650   2     12.68992
     -8.11650      8.11650     -5.41100   2     12.68992
      5.41100     -8.11650     -8.11650   2     12.68992
      8.11650     -8.11650     -5.41100   2     12.68992
      8.11650     -8.11650      5.41100   2     12.68992
      5.41100     -8.11650      8.11650   2     12.68992
      8.11650     -5.41100     -8.11650   2     12.68992
     -5.41100      8.11650      8.11650   2     12.68992
      8.11650     -5.41100      8.11650   2     12.68992
     -8.11650      5.41100     -8.11650   2     12.68992
      8.11650      5.41100     -8.11650   2     12.68992
      5.41100      8.11650     -8.11650   2     12.68992
     -8.11650      8.11650      5.41100   2     12.68992
     -8.11650      5.41100      8.11650   2     12.68992
      8.11650      8.11650     -5.41100   2     12.68992
     -5.41100      8.11650     -8.11650   2     12.68992
     -8.11650     -8.11650     -5.41100   2     12.68992
      8.11650      8.11650      5.41100   2     12.68992
     -8.11650     -5.41100     -8.11650   2     12.68992
     -5.41100     -8.11650     -8.11650   2     12.68992
      8.11650      5.41100      8.11650   2     12.68992
      5.41100      8.11650      8.11650   2     12.68992
     -4.05825      1.35275    -12.17475   1     12.90441
     -1.35275     -4.05825     12.17475   1     12.90441
    -12.17475      4.05825     -1.35275   1     12.90441
     -1.35275      4.05825    -12.17475   1     12.90441
      1.35275      4.05825     12.17475   1     12.90441
     -1.35275     12.17475     -4.05825   1     12.90441
      1.35275     -4.05825    -12.17475   1     12.90441
      4.05825    -12.17475     -1.35275   1     12.90441
      4.05825     -1.35275    -12.17475   1     12.90441
    -12.17475     -1.35275      4.05825   1     12.90441
     -4.05825     -1.35275     12.17475   1     12.90441
      4.05825      1.35275     12.17475   1     12.90441
      4.05825     12.17475      1.35275   1     12.90441
     12.17475     -4.05825     -1.35275   1     12.90441
     12.17475     -1.35275     -4.05825   1     12.90441
     -1.35275    -12.17475      4.05825   1     12.90441
     -4.05825     12.17475     -1.35275   1     12.90441
     -4.05825    -12.17475      1.35275   1     12.90441
      1.35275    -12.17475     -4.05825   1     12.90441
      1.35275     12.17475      4.05825   1     12.90441
    -12.17475     -4.05825      1.35275   1     12.90441
    -12.17475      1.35275     -4.05825   1     12.90441
     12.17475      1.35275      4.05825   1     12.90441
     12.17475      4.05825      1.35275   1     12.90441
      5.41100    -10.82200     -5.41100   2     13.25419
     -5.41100     10.82200      5.41100   2     13.25419
      5.41100    -10.82200      5.41100   2     13.25419
    -10.82200      5.41100      5.41100   2     13.25419
    -10.82200      5.41100     -5.41100   2     13.25419
     -5.41100    -10.82200      5.41100   2     13.25419
      5.41100     10.82200     -5.41100   2     13.25419
     -5.41100     10.82200     -5.41100   2     13.25419
     10.82200     -5.41100     -5.41100   2     13.25419
     10.82200     -5.41100      5.41100   2     13.25419
     -5.41100      5.41100     10.82200   2     13.25419
     -5.41100     -5.41100    -10.82200   2     13.25419
     -5.41100      5.41100    -10.82200   2     13.25419
     -5.41100     -5.41100     10.82200   2     13.25419
    -10.82200     -5.41100      5.41100   2     13.25419
      5.41100     -5.41100    -10.82200   2     13.25419
      5.41100     -5.41100     10.82200   2     13.25419
      5.41100      5.41100    -10.82200   2     13.25419
      5.41100      5.41100     10.82200   2     13.25419
      5.41100     10.82200      5.41100   2     13.25419
     -5.41100    -10.82200     -5.41100   2     13.25419
     10.82200      5.41100     -5.41100   2     13.25419
    -10.82200     -5.41100     -5.41100   2     13.25419
     10.82200      5.41100      5.41100   2     13.25419
     -6.76375      6.76375     -9.46925   1     13.45969
      4.05825    -12.17475      4.05825   1     13.45969
      6.76375     -6.76375     -9.46925   1     13.45969
    -12.17475      4.05825      4.05825   1     13.45969
     -6.76375     -9.46925      6.76375   1     13.45969
      6.76375      6.76375      9.46925   1     13.45969
      4.05825     12.17475     -4.05825   1     13.45969
     12.17475     -4.05825      4.05825   1     13.45969
     -9.46925      6.76375     -6.76375   1     13.45969
     -9.46925     -1.35275     -9.46925   1     13.45969
     -4.05825    -12.17475     -4.05825   1     13.45969
     -9.46925     -9.46925     -1.35275   1     13.45969
     -4.05825     12.17475      4.05825   1     13.45969
      1.35275      9.46925     -9.46925   1     13.45969
     -1.35275      9.46925      9.46925   1     13.45969
      6.76375     -9.46925     -6.76375   1     13.45969
     -9.46925      9.46925      1.35275   1     13.45969
     -6.76375      9.46925     -6.76375   1     13.45969
      1.35275     -9.46925      9.46925   1     13.45969
    -12.17475     -4.05825     -4.05825   1     13.45969
      4.05825     -4.05825     12.17475   1     13.45969
     -9.46925     -6.76375      6.76375   1     13.45969
     -6.76375     -6.76375      9.46925   1     13.45969
      4.05825      4.05825    -12.17475   1     13.45969
     -4.05825      4.05825     12.17475   1     13.45969
     -9.46925      1.35275      9.46925   1     13.45969
      6.76375      9.46925      6.76375   1     13.45969
      9.46925     -9.46925      1.35275   1     13.45969
      9.46925     -6.76375     -6.76375   1     13.45969
     -1.35275     -9.46925     -9.46925   1     13.45969
      9.46925      1.35275     -9.46925   1     13.45969
      9.46925     -1.35275      9.46925   1     13.45969
     12.17475      4.05825     -4.05825   1     13.45969
     -4.05825     -4.05825    -12.17475   1     13.45969
      9.46925      6.76375      6.76375   1     13.45969
      9.46925      9.46925     -1.35275   1     13.45969
      0.00000      8.11650    -10.82200   2     13.52750
      0.00000     10.82200     -8.11650   2     13.52750
      0.00000     10.82200      8.11650   2     13.52750
      0.00000      8.11650     10.82200   2     13.52750
      0.00000     13.52750      0.00000   2     13.52750
      8.11650      0.00000    -10.82200   2     13.52750
     -8.11650      0.00000     10.82200   2     13.52750
    -10.82200      0.00000      8.11650   2     13.52750
      8.11650      0.00000     10.82200   2     13.52750
    -10.82200      8.11650      0.00000   2     13.52750
     -8.11650     10.82200      0.00000   2     13.52750
      8.11650     10.82200      0.00000   2     13.52750
     10.82200      0.00000     -8.11650   2     13.52750
     10.82200      0.00000      8.11650   2     13.52750
    -10.82200      0.00000     -8.11650   2     13.52750
      0.00000     -8.11650    -10.82200   2     13.52750
     -8.11650      0.00000    -10.82200   2     13.52750
      0.00000     -8.11650     10.82200   2     13.52750
      0.00000      0.00000     13.52750   2     13.52750
     10.82200     -8.11650      0.00000   2     13.52750
     13.52750      0.00000      0.00000   2     13.52750
    -10.82200     -8.11650      0.00000   2     13.52750
     10.82200      8.11650      0.00000   2     13.52750
     -8.11650     -2.70550     10.82200   2     13.79540
      8.11650    -10.82200     -2.70550   2     13.79540
      8.11650    -10.82200      2.70550   2     13.79540
    -10.82200     -8.11650      2.70550   2     13.79540
    -10.82200      8.11650      2.70550   2     13.79540
     -8.11650     10.82200      2.70550   2     13.79540
     -2.70550     -8.11650     10.82200   2     13.79540
     -8.11650     10.82200     -2.70550   2     13.79540
     -8.11650    -10.82200      2.70550   2     13.79540
      8.11650     10.82200     -2.70550   2     13.79540
     10.82200     -8.11650     -2.70550   2     13.79540
     10.82200     -8.11650      2.70550   2     13.79540
    -10.82200      8.11650     -2.70550   2     13.79540
      2.70550      8.11650    -10.82200   2     13.79540
     -2.70550      0.00000     13.52750   2     13.79540
      2.70550      8.11650     10.82200   2     13.79540
      2.70550     10.82200     -8.11650   2     13.79540
      0.00000     13.52750     -2.70550   2     13.79540
      2.70550     13.52750      0.00000   2     13.79540
      0.00000     13.52750      2.70550   2     13.79540
      2.70550    -10.82200     -8.11650   2     13.79540
    -10.82200      2.70550     -8.11650   2     13.79540
     -2.70550      8.11650     10.82200   2     13.79540
      2.70550      0.00000     13.52750   2     13.79540
      0.00000     -2.70550     13.52750   2     13.79540
      0.00000      2.70550     13.52750   2     13.79540
      8.11650     -2.70550    -10.82200   2     13.79540
     -2.70550     10.82200      8.11650   2     13.79540
      8.11650     -2.70550     10.82200   2     13.79540
      8.11650      2.70550    -10.82200   2     13.79540
     -2.70550     10.82200     -8.11650   2     13.79540
     -2.70550     13.52750      0.00000   2     13.79540
      8.11650      2.70550     10.82200   2     13.79540
      2.70550     -8.11650     10.82200   2     13.79540
      2.70550    -10.82200      8.11650   2     13.79540
    -10.82200     -2.70550      8.11650   2     13.79540
     -8.11650    -10.82200     -2.70550   2     13.79540
    -10.82200      2.70550      8.11650   2     13.79540
     -8.11650      2.70550     10.82200   2     13.79540
     -2.70550    -10.82200      8.11650   2     13.79540
      8.11650     10.82200      2.70550   2     13.79540
    -10.82200     -8.11650     -2.70550   2     13.79540
     10.82200     -2.70550     -8.11650   2     13.79540
      2.70550     -8.11650    -10.82200   2     13.79540
     -2.70550      8.11650    -10.82200   2     13.79540
     13.52750     -2.70550      0.00000   2     13.79540
     10.82200     -2.70550      8.11650   2     13.79540
     10.82200      2.70550     -8.11650   2     13.79540
     -8.11650      2.70550    -10.82200   2     13.79540
     13.52750      0.00000     -2.70550   2     13.79540
     13.52750      2.70550      0.00000   2     13.79540
     13.52750      0.00000      2.70550   2     13.79540
      2.70550     10.82200      8.11650   2     13.79540
     -2.70550    -10.82200     -8.11650   2     13.79540
     -2.70550     -8.11650    -10.82200   2     13.79540
     -8.11650     -2.70550    -10.82200   2     13.79540
    -10.82200     -2.70550     -8.11650   2     13.79540
     10.82200      2.70550      8.11650   2     13.79540
     10.82200      8.11650     -2.70550   2     13.79540
     10.82200      8.11650      2.70550   2     13.79540
     -4.05825     -9.46925      9.46925   1     13.99295
     -9.46925      4.05825     -9.46925   1     13.99295
      6.76375     -1.35275     12.17475   1     13.99295
      1.35275      6.76375    -12.17475   1     13.99295
      9.46925     -4.05825     -9.46925   1     13.99295
     -9.46925     -4.05825      9.46925   1     13.99295
     -9.46925     -9.46925      4.05825   1     13.99295
     -1.35275      6.76375     12.17475   1     13.99295
      1.35275     12.17475     -6.76375   1     13.99295
     -1.35275     12.17475      6.76375   1     13.99295
      4.05825     -9.46925     -9.46925   1     13.99295
    -12.17475      6.76375      1.35275   1     13.99295
      6.76375    -12.17475      1.35275   1     13.99295
    -12.17475     -6.76375     -1.35275   1     13.99295
      6.76375      1.35275    -12.17475   1     13.99295
     -1.35275    -12.17475     -6.76375   1     13.99295
     -4.05825      9.46925     -9.46925   1     13.99295
    -12.17475      1.35275      6.76375   1     13.99295
     -1.35275     -6.76375    -12.17475   1     13.99295
      6.76375     12.17475     -1.35275   1     13.99295
     -6.76375    -12.17475     -1.35275   1     13.99295
      4.05825      9.46925      9.46925   1     13.99295
      9.46925     -9.46925     -4.05825   1     13.99295
     -6.76375     12.17475      1.35275   1     13.99295
     12.17475     -6.76375      1.35275   1     13.99295
     12.17475      1.35275     -6.76375   1     13.99295
    -12.17475     -1.35275     -6.76375   1     13.99295
     -6.76375      1.35275     12.17475   1     13.99295
     12.17475     -1.35275      6.76375   1     13.99295
      1.35275    -12.17475      6.76375   1     13.99295
     -9.46925      9.46925     -4.05825   1     13.99295
      1.35275     -6.76375     12.17475   1     13.99295
     -6.76375     -1.35275    -12.17475   1     13.99295
     12.17475      6.76375     -1.35275   1     13.99295
      9.46925      4.05825      9.46925   1     13.99295
      9.46925      9.46925      4.05825   1     13.99295
      2.70550     13.52750      2.70550   2     14.05819
     -2.70550     13.52750      2.70550   2     14.05819
     -8.11650      8.11650      8.11650   2     14.05819
     -8.11650      8.11650     -8.11650   2     14.05819
      8.11650      8.11650     -8.11650   2     14.05819
     -2.70550     13.52750     -2.70550   2     14.05819
     13.52750     -2.70550     -2.70550   2     14.05819
     13.52750     -2.70550      2.70550   2     14.05819
     13.52750      2.70550     -2.70550   2     14.05819
      2.70550     13.52750     -2.70550   2     14.05819
      8.11650     -8.11650     -8.11650   2     14.05819
      8.11650     -8.11650      8.11650   2     14.05819
     -8.11650     -8.11650     -8.11650   2     14.05819
      2.70550      2.70550     13.52750   2     14.05819
     -8.11650     -8.11650      8.11650   2     14.05819
      8.11650      8.11650      8.11650   2     14.05819
      2.70550     -2.70550     13.52750   2     14.05819
     -2.70550      2.70550     13.52750   2     14.05819
     -2.70550     -2.70550     13.52750   2     14.05819
     13.52750      2.70550      2.70550   2     14.05819
      4.05825    -12.17475     -6.76375   1     14.50663
      6.76375    -12.17475     -4.05825   1     14.50663
     -4.05825      6.76375    -12.17475   1     14.50663
    -12.17475     -4.05825      6.76375   1     14.50663
      4.05825     -6.76375    -12.17475   1     14.50663
      6.76375     -4.05825    -12.17475   1     14.50663
    -12.17475     -6.76375      4.05825   1     14.50663
     -4.05825     -6.76375     12.17475   1     14.50663
     -4.05825     12.17475     -6.76375   1     14.50663
    -12.17475      6.76375     -4.05825   1     14.50663
     -6.76375    -12.17475      4.05825   1     14.50663
     -4.05825    -12.17475      6.76375   1     14.50663
     -6.76375     12.17475     -4.05825   1     14.50663
      6.76375      4.05825     12.17475   1     14.50663
      4.05825      6.76375     12.17475   1     14.50663
    -12.17475      4.05825     -6.76375   1     14.50663
      6.76375     12.17475      4.05825   1     14.50663
     -6.76375     -4.05825     12.17475   1     14.50663
      4.05825     12.17475      6.76375   1     14.50663
     12.17475     -4.05825     -6.76375   1     14.50663
     12.17475     -6.76375     -4.05825   1     14.50663
     -6.76375      4.05825    -12.17475   1     14.50663
     12.17475      6.76375      4.05825   1     14.50663
     12.17475      4.05825      6.76375   1     14.50663
    -10.82200      8.11650     -5.41100   2     14.56956
     -8.11650     10.82200     -5.41100   2     14.56956
     -8.11650     -5.41100     10.82200   2     14.56956
      8.11650     10.82200     -5.41100   2     14.56956
      5.41100     13.52750      0.00000   2     14.56956
    -10.82200      8.11650      5.41100   2     14.56956
     -8.11650     10.82200      5.41100   2     14.56956
      0.00000     13.52750     -5.41100   2     14.56956
     -5.41100     13.52750      0.00000   2     14.56956
    -10.82200      5.41100      8.11650   2     14.56956
      0.00000     -5.41100     13.52750   2     14.56956
      5.41100     -8.11650     10.82200   2     14.56956
      8.11650     -5.41100     10.82200   2     14.56956
    -10.82200      5.41100     -8.11650   2     14.56956
     -8.11650      5.41100     10.82200   2     14.56956
      5.41100      0.00000     13.52750   2     14.56956
      8.11650      5.41100    -10.82200   2     14.56956
     -5.41100     10.82200      8.11650   2     14.56956
     -8.11650      5.41100    -10.82200   2     14.56956
      8.11650      5.41100     10.82200   2     14.56956
      5.41100      8.11650    -10.82200   2     14.56956
      5.41100     10.82200     -8.11650   2     14.56956
     -5.41100     10.82200     -8.11650   2     14.56956
    -10.82200     -5.41100      8.11650   2     14.56956
      0.00000      5.41100     13.52750   2     14.56956
     -5.41100      0.00000     13.52750   2     14.56956
      8.11650     10.82200      5.41100   2     14.56956
      5.41100     10.82200      8.11650   2     14.56956
      0.00000     13.52750      5.41100   2     14.56956
      5.41100      8.11650     10.82200   2     14.56956
     10.82200     -5.41100     -8.11650   2     14.56956
     10.82200     -8.11650     -5.41100   2     14.56956
     13.52750     -5.41100      0.00000   2     14.56956
     10.82200     -8.11650      5.41100   2     14.56956
     10.82200     -5.41100      8.11650   2     14.56956
      5.41100     -8.11650    -10.82200   2     14.56956
     13.52750      0.00000     -5.41100   2     14.56956
     13.52750      0.00000      5.41100   2     14.56956
     10.82200      5.41100     -8.11650   2     14.56956
     -5.41100     -8.11650     10.82200   2     14.56956
     -5.41100      8.11650    -10.82200   2     14.56956
     13.52750      5.41100      0.00000   2     14.56956
     -5.41100      8.11650     10.82200   2     14.56956
      8.11650     -5.41100    -10.82200   2     14.56956
     10.82200      5.41100      8.11650   2     14.56956
     10.82200      8.11650     -5.41100   2     14.56956
    -10.82200     -8.11650      5.41100   2     14.56956
    -10.82200     -8.11650     -5.41100   2     14.56956
     -5.41100     -8.11650    -10.82200   2     14.56956
     -8.11650     -5.41100    -10.82200   2     14.56956
    -10.82200     -5.41100     -8.11650   2     14.56956
     10.82200      8.11650      5.41100   2     14.56956
      5.41100     -2.70550     13.52750   2     14.81863
     -5.41100      2.70550     13.52750   2     14.81863
     -5.41100     13.52750      2.70550   2     14.81863
      2.70550      5.41100     13.52750   2     14.81863
      5.41100      2.70550     13.52750   2     14.81863
     -2.70550      5.41100     13.52750   2     14.81863
      2.70550     13.52750      5.41100   2     14.81863
      2.70550     -5.41100     13.52750   2     14.81863
     -2.70550     13.52750      5.41100   2     14.81863
      5.41100     13.52750     -2.70550   2     14.81863
      5.41100     13.52750      2.70550   2     14.81863
     13.52750     -2.70550     -5.41100   2     14.81863
     13.52750     -5.41100     -2.70550   2     14.81863
     -2.70550     13.52750     -5.41100   2     14.81863
     13.52750     -5.41100      2.70550   2     14.81863
     -2.70550     -5.41100     13.52750   2     14.81863
     13.52750     -2.70550      5.41100   2     14.81863
     -5.41100     13.52750     -2.70550   2     14.81863
     -5.41100     -2.70550     13.52750   2     14.81863
      2.70550     13.52750     -5.41100   2     14.81863
     13.52750      2.70550     -5.41100   2     14.81863
     13.52750      2.70550      5.41100   2     14.81863
     13.52750      5.41100     -2.70550   2     14.81863
     13.52750      5.41100      2.70550   2     14.81863
     -9.46925      9.46925      6.76375   1     15.00272
     -9.46925      6.76375      9.46925   1     15.00272
     -6.76375      9.46925      9.46925   1     15.00272
      6.76375      9.46925     -9.46925   1     15.00272
      9.46925     -9.46925      6.76375   1     15.00272
     -9.46925     -9.46925     -6.76375   1     15.00272
      6.76375     -9.46925      9.46925   1     15.00272
      9.46925     -6.76375      9.46925   1     15.00272
      9.46925      6.76375     -9.46925   1     15.00272
      9.46925      9.46925     -6.76375   1     15.00272
     -9.46925     -6.76375     -9.46925   1     15.00272
     -6.76375     -9.46925     -9.46925   1     15.00272
      0.00000     10.82200     10.82200   2     15.30462
      0.00000    -10.82200     10.82200   2     15.30462
    -10.82200    -10.82200      0.00000   2     15.30462
      0.00000    -10.82200    -10.82200   2     15.30462
    -10.82200      0.00000    -10.82200   2     15.30462
    -10.82200      0.00000     10.82200   2     15.30462
     10.82200    -10.82200      0.00000   2     15.30462
    -10.82200     10.82200      0.00000   2     15.30462
      0.00000     10.82200    -10.82200   2     15.30462
     10.82200      0.00000    -10.82200   2     15.30462
     10.82200      0.00000     10.82200   2     15.30462
     10.82200     10.82200      0.00000   2     15.30462
      6.76375      6.76375    -12.17475   1     15.48293
     -6.76375      6.76375     12.17475   1     15.48293
      6.76375     -6.76375     12.17475   1     15.48293
    -12.17475      9.46925     -1.35275   1     15.48293
     -9.46925      1.35275    -12.17475   1     15.48293
    -12.17475     -9.46925      1.35275   1     15.48293
     -1.35275     -9.46925     12.17475   1     15.48293
      1.35275     12.17475      9.46925   1     15.48293
     -9.46925     12.17475     -1.35275   1     15.48293
     -9.46925    -12.17475      1.35275   1     15.48293
    -12.17475     -1.35275      9.46925   1     15.48293
      6.76375    -12.17475      6.76375   1     15.48293
      6.76375     12.17475     -6.76375   1     15.48293
      1.35275     -9.46925    -12.17475   1     15.48293
     -6.76375    -12.17475     -6.76375   1     15.48293
     -6.76375     -6.76375    -12.17475   1     15.48293
     -1.35275      9.46925    -12.17475   1     15.48293
     -1.35275    -12.17475      9.46925   1     15.48293
      1.35275    -12.17475     -9.46925   1     15.48293
      9.46925    -12.17475     -1.35275   1     15.48293
     12.17475     -9.46925     -1.35275   1     15.48293
     -9.46925     -1.35275     12.17475   1     15.48293
    -12.17475      1.35275     -9.46925   1     15.48293
     12.17475     -6.76375      6.76375   1     15.48293
      9.46925     -1.35275    -12.17475   1     15.48293
     12.17475     -1.35275     -9.46925   1     15.48293
    -12.17475     -6.76375     -6.76375   1     15.48293
      1.35275      9.46925     12.17475   1     15.48293
     12.17475      1.35275      9.46925   1     15.48293
      9.46925      1.35275     12.17475   1     15.48293
     12.17475      6.76375     -6.76375   1     15.48293
     -1.35275     12.17475     -9.46925   1     15.48293
    -12.17475      6.76375      6.76375   1     15.48293
     12.17475      9.46925      1.35275   1     15.48293
      9.46925     12.17475      1.35275   1     15.48293
     -6.76375     12.17475      6.76375   1     15.48293
     -5.41100      5.41100     13.52750   2     15.54191
     -5.41100     13.52750     -5.41100   2     15.54191
      5.41100     13.52750     -5.41100   2     15.54191
    -10.82200     10.82200     -2.70550   2     15.54191
    -10.82200      2.70550     10.82200   2     15.54191
      5.41100     13.52750      5.41100   2     15.54191
     -5.41100     -5.41100     13.52750   2     15.54191
     10.82200     -2.70550    -10.82200   2     15.54191
    -10.82200      2.70550    -10.82200   2     15.54191
     -5.41100     13.52750      5.41100   2     15.54191
     10.82200     -2.70550     10.82200   2     15.54191
     13.52750      5.41100     -5.41100   2     15.54191
    -10.82200     10.82200      2.70550   2     15.54191
    -10.82200     -2.70550     10.82200   2     15.54191
      5.41100      5.41100     13.52750   2     15.54191
      5.41100     -5.41100     13.52750   2     15.54191
     -2.70550     10.82200    -10.82200   2     15.54191
     -2.70550     10.82200     10.82200   2     15.54191
     13.52750     -5.41100     -5.41100   2     15.54191
     13.52750     -5.41100      5.41100   2     15.54191
      2.70550     10.82200     10.82200   2     15.54191
     10.82200      2.70550    -10.82200   2     15.54191
      2.70550     10.82200    -10.82200   2     15.54191
     13.52750      5.41100      5.41100   2     15.54191
     10.82200      2.70550     10.82200   2     15.54191
     10.82200     10.82200     -2.70550   2     15.54191
    -10.82200     -2.70550    -10.82200   2     15.54191
     10.82200     10.82200      2.70550   2     15.54191
      8.11650     10.82200     -8.11650   2     15.77564
     -8.11650     -8.11650     10.82200   2     15.77564
      0.00000     13.52750     -8.11650   2     15.77564
      8.11650      8.11650    -10.82200   2     15.77564
      0.00000     -8.11650     13.52750   2     15.77564
    -10.82200      8.11650      8.11650   2     15.77564
      8.11650      8.11650     10.82200   2     15.77564
      0.00000      8.11650     13.52750   2     15.77564
    -10.82200     -8.11650     -8.11650   2     15.77564
      8.11650     13.52750      0.00000   2     15.77564
      8.11650     -8.11650    -10.82200   2     15.77564
      8.11650    -10.82200     -8.11650   2     15.77564
      8.11650     10.82200      8.11650   2     15.77564
     10.82200     -8.11650     -8.11650   2     15.77564
      8.11650    -10.82200      8.11650   2     15.77564
     -8.11650     10.82200     -8.11650   2     15.77564
     13.52750     -8.11650      0.00000   2     15.77564
     10.82200     -8.11650      8.11650   2     15.77564
     -8.11650      0.00000     13.52750   2     15.77564
     -8.11650    -10.82200      8.11650   2     15.77564
    -10.82200      8.11650     -8.11650   2     15.77564
    -10.82200     -8.11650      8.11650   2     15.77564
     -8.11650      8.11650    -10.82200   2     15.77564
     13.52750      0.00000     -8.11650   2     15.77564
     -8.11650      8.11650     10.82200   2     15.77564
     -8.11650     10.82200      8.11650   2     15.77564
      8.11650     -8.11650     10.82200   2     15.77564
     10.82200      8.11650     -8.11650   2     15.77564
     -8.11650    -10.82200     -8.11650   2     15.77564
      8.11650      0.00000     13.52750   2     15.77564
     -8.11650     13.52750      0.00000   2     15.77564
      0.00000     13.52750      8.11650   2     15.77564
     -8.11650     -8.11650    -10.82200   2     15.77564
     13.52750      0.00000      8.11650   2     15.77564
     13.52750      8.11650      0.00000   2     15.77564
     10.82200      8.11650      8.11650   2     15.77564
      4.05825     12.17475     -9.46925   1     15.94869
     -4.05825      9.46925     12.17475   1     15.94869
      4.05825      9.46925    -12.17475   1     15.94869
     -4.05825     12.17475      9.46925   1     15.94869
      9.46925    -12.17475      4.05825   1     15.94869
     12.17475     -9.46925      4.05825   1     15.94869
     -9.46925      4.05825     12.17475   1     15.94869
    -12.17475      4.05825      9.46925   1     15.94869
      4.05825    -12.17475      9.46925   1     15.94869
     12.17475     -4.05825      9.46925   1     15.94869
      9.46925     -4.05825     12.17475   1     15.94869
      4.05825     -9.46925     12.17475   1     15.94869
      9.46925      4.05825    -12.17475   1     15.94869
     12.17475      4.05825     -9.46925   1     15.94869
     -9.46925     12.17475      4.05825   1     15.94869
    -12.17475      9.46925      4.05825   1     15.94869
     12.17475      9.46925     -4.05825   1     15.94869
      9.46925     12.17475     -4.05825   1     15.94869
     -9.46925     -4.05825    -12.17475   1     15.94869
     -4.05825    -12.17475     -9.46925   1     15.94869
     -4.05825     -9.46925    -12.17475   1     15.94869
    -12.17475     -4.05825     -9.46925   1     15.94869
    -12.17475     -9.46925     -4.05825   1     15.94869
     -9.46925    -12.17475     -4.05825   1     15.94869
      2.70550     13.52750     -8.11650   2     16.00595
     -2.70550     13.52750     -8.11650   2     16.00595
     -2.70550     13.52750      8.11650   2     16.00595
      8.11650     13.52750     -2.70550   2     16.00595
     -8.11650     13.52750     -2.70550   2     16.00595
      8.11650     13.52750      2.70550   2     16.00595
     13.52750     -8.11650     -2.70550   2     16.00595
     -2.70550      8.11650     13.52750   2     16.00595
      8.11650      2.70550     13.52750   2     16.00595
     13.52750     -8.11650      2.70550   2     16.00595
     -8.11650     -2.70550     13.52750   2     16.00595
     13.52750     -2.70550     -8.11650   2     16.00595
      2.70550      8.11650     13.52750   2     16.00595
     -8.11650      2.70550     13.52750   2     16.00595
     13.52750     -2.70550      8.11650   2     16.00595
     -8.11650     13.52750      2.70550   2     16.00595
     13.52750      2.70550     -8.11650   2     16.00595
      2.70550     -8.11650     13.52750   2     16.00595
      2.70550     13.52750      8.11650   2     16.00595
     13.52750      2.70550      8.11650   2     16.00595
     -2.70550     -8.11650     13.52750   2     16.00595
     13.52750      8.11650     -2.70550   2     16.00595
     13.52750      8.11650      2.70550   2     16.00595
      8.11650     -2.70550     13.52750   2     16.00595
    -10.82200    -10.82200     -5.41100   2     16.23300
      5.41100    -10.82200    -10.82200   2     16.23300
    -10.82200    -10.82200      5.41100   2     16.23300
      5.41100     10.82200     10.82200   2     16.23300
     -5.41100    -10.82200     10.82200   2     16.23300
     10.82200    -10.82200     -5.41100   2     16.23300
    -10.82200      5.41100    -10.82200   2     16.23300
    -10.82200     -5.41100     10.82200   2     16.23300
      5.41100     10.82200    -10.82200   2     16.23300
     10.82200    -10.82200      5.41100   2     16.23300
     10.82200     -5.41100    -10.82200   2     16.23300
    -10.82200     10.82200     -5.41100   2     16.23300
     -5.41100    -10.82200    -10.82200   2     16.23300
     10.82200     -5.41100     10.82200   2     16.23300
     -5.41100     10.82200     10.82200   2     16.23300
     -5.41100     10.82200    -10.82200   2     16.23300
      5.41100    -10.82200     10.82200   2     16.23300
     10.82200      5.41100    -10.82200   2     16.23300
    -10.82200     10.82200      5.41100   2     16.23300
    -10.82200      5.41100     10.82200   2     16.23300
     10.82200     10.82200     -5.41100   2     16.23300
     10.82200     10.82200      5.41100   2     16.23300
    -10.82200     -5.41100    -10.82200   2     16.23300
     10.82200      5.41100     10.82200   2     16.23300
      9.46925     -9.46925     -9.46925   1     16.40122
     -9.46925     -9.46925      9.46925   1     16.40122
     -9.46925      9.46925     -9.46925   1     16.40122
      9.46925      9.46925      9.46925   1     16.40122
      2.70550     16.23300      0.00000   2     16.45691
      0.00000     16.23300      2.70550   2     16.45691
     -2.70550     16.23300      0.00000   2     16.45691
      0.00000     16.23300     -2.70550   2     16.45691
     13.52750     -8.11650     -5.41100   2     16.67782
     -8.11650      5.41100     13.52750   2     16.67782
     -5.41100     13.52750     -8.11650   2     16.67782
     13.52750     -8.11650      5.41100   2     16.67782
     13.52750     -5.41100     -8.11650   2     16.67782
      5.41100     13.52750     -8.11650   2     16.67782
     -5.41100      8.11650     13.52750   2     16.67782
     13.52750     -5.41100      8.11650   2     16.67782
      8.11650      5.41100     13.52750   2     16.67782
     -8.11650     13.52750      5.41100   2     16.67782
      5.41100      8.11650     13.52750   2     16.67782
     -8.11650     -5.41100     13.52750   2     16.67782
      5.41100     -8.11650     13.52750   2     16.67782
      8.11650     -5.41100     13.52750   2     16.67782
     -5.41100     13.52750      8.11650   2     16.67782
     13.52750      5.41100     -8.11650   2     16.67782
      8.11650     13.52750     -5.41100   2     16.67782
     -5.41100     -8.11650     13.52750   2     16.67782
      5.41100     13.52750      8.11650   2     16.67782
     -8.11650     13.52750     -5.41100   2     16.67782
      8.11650     13.52750      5.41100   2     16.67782
     13.52750      8.11650     -5.41100   2     16.67782
     13.52750      8.11650      5.41100   2     16.67782
     13.52750      5.41100      8.11650   2     16.67782
     -6.76375     12.17475     -9.46925   1     16.84160
     -9.46925    -12.17475      6.76375   1     16.84160
      9.46925     -6.76375    -12.17475   1     16.84160
     12.17475     -6.76375     -9.46925   1     16.84160
    -12.17475      6.76375     -9.46925   1     16.84160
     -6.76375    -12.17475      9.46925   1     16.84160
     -6.76375     -9.46925     12.17475   1     16.84160
    -12.17475      9.46925     -6.76375   1     16.84160
      6.76375     12.17475      9.46925   1     16.84160
      6.76375      9.46925     12.17475   1     16.84160
      6.76375     -9.46925    -12.17475   1     16.84160
      6.76375    -12.17475     -9.46925   1     16.84160
     12.17475     -9.46925     -6.76375   1     16.84160
     -9.46925      6.76375    -12.17475   1     16.84160
     -9.46925     -6.76375     12.17475   1     16.84160
    -12.17475     -9.46925      6.76375   1     16.84160
     -6.76375      9.46925    -12.17475   1     16.84160
    -12.17475     -6.76375      9.46925   1     16.84160
     -9.46925     12.17475     -6.76375   1     16.84160
     12.17475      6.76375      9.46925   1     16.84160
      9.46925      6.76375     12.17475   1     16.84160
     12.17475      9.46925      6.76375   1     16.84160
      9.46925     12.17475      6.76375   1     16.84160
      9.46925    -12.17475     -6.76375   1     16.84160
    -12.17475     12.17475      1.35275   1     17.27076
      1.35275     12.17475    -12.17475   1     17.27076
     -1.35275    -12.17475    -12.17475   1     17.27076
    -12.17475      1.35275     12.17475   1     17.27076
     12.17475      1.35275    -12.17475   1     17.27076
      1.35275    -12.17475     12.17475   1     17.27076
     12.17475    -12.17475      1.35275   1     17.27076
    -12.17475     -1.35275    -12.17475   1     17.27076
     12.17475     -1.35275     12.17475   1     17.27076
     -1.35275     12.17475     12.17475   1     17.27076
    -12.17475    -12.17475     -1.35275   1     17.27076
     12.17475     12.17475     -1.35275   1     17.27076
    -10.82200     10.82200     -8.11650   2     17.32365
    -10.82200     10.82200      8.11650   2     17.32365
     10.82200     -8.11650     10.82200   2     17.32365
     13.52750      0.00000    -10.82200   2     17.32365
     -2.70550     16.23300     -5.41100   2     17.32365
    -10.82200      8.11650    -10.82200   2     17.32365
      5.41100     16.23300     -2.70550   2     17.32365
     -8.11650     10.82200     10.82200   2     17.32365
    -10.82200     13.52750      0.00000   2     17.32365
     13.52750      0.00000     10.82200   2     17.32365
     10.82200      0.00000     13.52750   2     17.32365
     -2.70550     16.23300      5.41100   2     17.32365
    -10.82200     -8.11650    -10.82200   2     17.32365
      2.70550     16.23300      5.41100   2     17.32365
      0.00000     13.52750     10.82200   2     17.32365
      5.41100     16.23300      2.70550   2     17.32365
     -5.41100     16.23300      2.70550   2     17.32365
      8.11650     10.82200     10.82200   2     17.32365
      2.70550     16.23300     -5.41100   2     17.32365
     -5.41100     16.23300     -2.70550   2     17.32365
    -10.82200     -8.11650     10.82200   2     17.32365
     -8.11650     10.82200    -10.82200   2     17.32365
      8.11650     10.82200    -10.82200   2     17.32365
      0.00000     13.52750    -10.82200   2     17.32365
     10.82200      8.11650    -10.82200   2     17.32365
     10.82200     10.82200     -8.11650   2     17.32365
     10.82200     -8.11650    -10.82200   2     17.32365
      0.00000     10.82200     13.52750   2     17.32365
     13.52750     10.82200      0.00000   2     17.32365
     10.82200     10.82200      8.11650   2     17.32365
     10.82200      8.11650     10.82200   2     17.32365
    -10.82200      0.00000     13.52750   2     17.32365
     10.82200     13.52750      0.00000   2     17.32365
    -10.82200      8.11650     10.82200   2     17.32365
      2.70550     10.82200     13.52750   2     17.53364
     13.52750    -10.82200     -2.70550   2     17.53364
     -2.70550     10.82200     13.52750   2     17.53364
     13.52750     -2.70550     10.82200   2     17.53364
     10.82200     -2.70550     13.52750   2     17.53364
     13.52750      2.70550    -10.82200   2     17.53364
     13.52750     -2.70550    -10.82200   2     17.53364
     -2.70550     13.52750     10.82200   2     17.53364
    -10.82200     13.52750     -2.70550   2     17.53364
     13.52750      2.70550     10.82200   2     17.53364
     10.82200      2.70550     13.52750   2     17.53364
      2.70550     13.52750     10.82200   2     17.53364
     13.52750    -10.82200      2.70550   2     17.53364
    -10.82200     13.52750      2.70550   2     17.53364
     -2.70550     13.52750    -10.82200   2     17.53364
     -2.70550    -10.82200     13.52750   2     17.53364
      2.70550    -10.82200     13.52750   2     17.53364
    -10.82200      2.70550     13.52750   2     17.53364
     13.52750     10.82200     -2.70550   2     17.53364
     10.82200     13.52750     -2.70550   2     17.53364
    -10.82200     -2.70550     13.52750   2     17.53364
     13.52750     10.82200      2.70550   2     17.53364
     10.82200     13.52750      2.70550   2     17.53364
      2.70550     13.52750    -10.82200   2     17.53364
     12.17475     -4.05825    -12.17475   1     17.68950
     -4.05825     12.17475    -12.17475   1     17.68950
    -12.17475     -4.05825     12.17475   1     17.68950
    -12.17475     12.17475     -4.05825   1     17.68950
    -12.17475      4.05825    -12.17475   1     17.68950
      4.05825    -12.17475    -12.17475   1     17.68950
    -12.17475    -12.17475      4.05825   1     17.68950
     -4.05825    -12.17475     12.17475   1     17.68950
     12.17475    -12.17475     -4.05825   1     17.68950
     12.17475     12.17475      4.05825   1     17.68950
      4.05825     12.17475     12.17475   1     17.68950
     12.17475      4.05825     12.17475   1     17.68950
     -8.11650     13.52750      8.11650   2     17.74115
     -8.11650      8.11650     13.52750   2     17.74115
     -8.11650     -8.11650     13.52750   2     17.74115
     13.52750      8.11650     -8.11650   2     17.74115
     -8.11650     13.52750     -8.11650   2     17.74115
      8.11650     13.52750     -8.11650   2     17.74115
      8.11650      8.11650     13.52750   2     17.74115
      8.11650     13.52750      8.11650   2     17.74115
     13.52750     -8.11650      8.11650   2     17.74115
      8.11650     -8.11650     13.52750   2     17.74115
     13.52750      8.11650      8.11650   2     17.74115
     13.52750     -8.11650     -8.11650   2     17.74115
     -9.46925     12.17475      9.46925   1     18.09856
     -9.46925    -12.17475     -9.46925   1     18.09856
      9.46925    -12.17475      9.46925   1     18.09856
     -9.46925      9.46925     12.17475   1     18.09856
    -12.17475     -9.46925     -9.46925   1     18.09856
     -9.46925     -9.46925    -12.17475   1     18.09856
    -12.17475      9.46925      9.46925   1     18.09856
     12.17475     -9.46925      9.46925   1     18.09856
      9.46925      9.46925    -12.17475   1     18.09856
     12.17475      9.46925     -9.46925   1     18.09856
      9.46925     12.17475     -9.46925   1     18.09856
      9.46925     -9.46925     12.17475   1     18.09856
      0.00000     16.23300      8.11650   2     18.14905
    -10.82200     13.52750      5.41100   2     18.14905
     10.82200     -5.41100     13.52750   2     18.14905
     13.52750      5.41100     10.82200   2     18.14905
     10.82200      5.41100     13.52750   2     18.14905
     13.52750     -5.41100    -10.82200   2     18.14905
      5.41100     13.52750     10.82200   2     18.14905
     -5.41100     10.82200     13.52750   2     18.14905
     13.52750     -5.41100     10.82200   2     18.14905
     -8.11650     16.23300      0.00000   2     18.14905
    -10.82200      5.41100     13.52750   2     18.14905
      8.11650     16.23300      0.00000   2     18.14905
    -10.82200     -5.41100     13.52750   2     18.14905
      5.41100     10.82200     13.52750   2     18.14905
     10.82200     13.52750     -5.41100   2     18.14905
     -5.41100     13.52750     10.82200   2     18.14905
     13.52750      5.41100    -10.82200   2     18.14905
     -5.41100     13.52750    -10.82200   2     18.14905
      5.41100     13.52750    -10.82200   2     18.14905
    -10.82200     13.52750     -5.41100   2     18.14905
      0.00000     16.23300     -8.11650   2     18.14905
     10.82200     13.52750      5.41100   2     18.14905
     13.52750     10.82200     -5.41100   2     18.14905
     13.52750     10.82200      5.41100   2     18.14905
     12.17475      6.76375    -12.17475   1     18.49858
    -12.17475     12.17475      6.76375   1     18.49858
      6.76375     12.17475    -12.17475   1     18.49858
      6.76375    -12.17475     12.17475   1     18.49858
     12.17475     -6.76375     12.17475   1     18.49858
    -12.17475      6.76375     12.17475   1     18.49858
     -6.76375     12.17475     12.17475   1     18.49858
    -12.17475    -12.17475     -6.76375   1     18.49858
     12.17475     12.17475     -6.76375   1     18.49858
     12.17475    -12.17475      6.76375   1     18.49858
     -6.76375    -12.17475    -12.17475   1     18.49858
    -12.17475     -6.76375    -12.17475   1     18.49858
    -10.82200    -10.82200     10.82200   2     18.74425
     10.82200     10.82200    -10.82200   2     18.74425
    -10.82200     10.82200     10.82200   2     18.74425
     10.82200    -10.82200     10.82200   2     18.74425
    -10.82200    -10.82200    -10.82200   2     18.74425
    -10.82200     10.82200    -10.82200   2     18.74425
     10.82200    -10.82200    -10.82200   2     18.74425
     10.82200     10.82200     10.82200   2     18.74425
      8.11650     16.23300     -5.41100   2     18.93850
     -5.41100     16.23300     -8.11650   2     18.93850
     -8.11650     16.23300      5.41100   2     18.93850
      8.11650     16.23300      5.41100   2     18.93850
      5.41100     16.23300     -8.11650   2     18.93850
     -5.41100     16.23300      8.11650   2     18.93850
     -8.11650     16.23300     -5.41100   2     18.93850
      5.41100     16.23300      8.11650   2     18.93850
     13.52750     -8.11650    -10.82200   2     19.13077
     -8.11650     10.82200     13.52750   2     19.13077
    -10.82200     -8.11650     13.52750   2     19.13077
      8.11650    -10.82200     13.52750   2     19.13077
      8.11650     13.52750    -10.82200   2     19.13077
     -8.11650     13.52750    -10.82200   2     19.13077
    -10.82200      8.11650     13.52750   2     19.13077
     13.52750     10.82200     -8.11650   2     19.13077
     10.82200     13.52750     -8.11650   2     19.13077
     10.82200     -8.11650     13.52750   2     19.13077
     -8.11650    -10.82200     13.52750   2     19.13077
     13.52750     -8.11650     10.82200   2     19.13077
     -8.11650     13.52750     10.82200   2     19.13077
      8.11650     13.52750     10.82200   2     19.13077
     13.52750    -10.82200      8.11650   2     19.13077
      8.11650     10.82200     13.52750   2     19.13077
     13.52750      8.11650     10.82200   2     19.13077
     10.82200      8.11650     13.52750   2     19.13077
    -10.82200     13.52750      8.11650   2     19.13077
     13.52750    -10.82200     -8.11650   2     19.13077
    -10.82200     13.52750     -8.11650   2     19.13077
     13.52750      8.11650    -10.82200   2     19.13077
     13.52750     13.52750      0.00000   2     19.13077
     13.52750      0.00000     13.52750   2     19.13077
     13.52750     10.82200      8.11650   2     19.13077
     10.82200     13.52750      8.11650   2     19.13077
      0.00000     13.52750     13.52750   2     19.13077
     13.52750      2.70550     13.52750   2     19.32113
      2.70550     13.52750     13.52750   2     19.32113
     13.52750     13.52750     -2.70550   2     19.32113
     -2.70550     13.52750     13.52750   2     19.32113
     13.52750     13.52750      2.70550   2     19.32113
     13.52750     -2.70550     13.52750   2     19.32113
      9.46925    -12.17475    -12.17475   1     19.64983
    -12.17475      9.46925    -12.17475   1     19.64983
     12.17475     -9.46925    -12.17475   1     19.64983
     -9.46925     12.17475    -12.17475   1     19.64983
     12.17475    -12.17475     -9.46925   1     19.64983
    -12.17475     12.17475     -9.46925   1     19.64983
    -12.17475     -9.46925     12.17475   1     19.64983
    -12.17475    -12.17475      9.46925   1     19.64983
     -9.46925    -12.17475     12.17475   1     19.64983
     12.17475     12.17475      9.46925   1     19.64983
     12.17475      9.46925     12.17475   1     19.64983
      9.46925     12.17475     12.17475   1     19.64983
    -10.82200     16.23300      2.70550   2     19.69634
     -2.70550     16.23300    -10.82200   2     19.69634
     10.82200     16.23300     -2.70550   2     19.69634
      2.70550     16.23300    -10.82200   2     19.69634
      2.70550     16.23300     10.82200   2     19.69634
     -2.70550     16.23300     10.82200   2     19.69634
     10.82200     16.23300      2.70550   2     19.69634
    -10.82200     16.23300     -2.70550   2     19.69634
     13.52750     -5.41100     13.52750   2     19.88128
     13.52750     13.52750     -5.41100   2     19.88128
     -5.41100     13.52750     13.52750   2     19.88128
      5.41100     13.52750     13.52750   2     19.88128
     13.52750     13.52750      5.41100   2     19.88128
     13.52750      5.41100     13.52750   2     19.88128
    -10.82200     10.82200     13.52750   2     20.42608
     10.82200     13.52750    -10.82200   2     20.42608
    -10.82200     13.52750     10.82200   2     20.42608
     13.52750     10.82200     10.82200   2     20.42608
    -10.82200     13.52750    -10.82200   2     20.42608
     10.82200     10.82200     13.52750   2     20.42608
     13.52750     10.82200    -10.82200   2     20.42608
     10.82200     13.52750     10.82200   2     20.42608
     13.52750     -8.11650     13.52750   2     20.78134
      8.11650     13.52750     13.52750   2     20.78134
     -8.11650     13.52750     13.52750   2     20.78134
     13.52750     13.52750      8.11650   2     20.78134
     13.52750     13.52750     -8.11650   2     20.78134
     13.52750      8.11650     13.52750   2     20.78134
     12.17475    -12.17475     12.17475   1     21.08729
     12.17475     12.17475    -12.17475   1     21.08729
    -12.17475     12.17475     12.17475   1     21.08729
    -12.17475    -12.17475    -12.17475   1     21.08729
     10.82200     16.23300     -8.11650   2     21.13063
     -8.11650     16.23300    -10.82200   2     21.13063
     -8.11650     16.23300     10.82200   2     21.13063
      8.11650     16.23300    -10.82200   2     21.13063
     13.52750     16.23300      0.00000   2     21.13063
      0.00000     16.23300     13.52750   2     21.13063
      8.11650     16.23300     10.82200   2     21.13063
    -10.82200     16.23300      8.11650   2     21.13063
     10.82200     16.23300      8.11650   2     21.13063
    -10.82200     16.23300     -8.11650   2     21.13063
     13.52750     16.23300     -5.41100   2     21.81244
     13.52750     16.23300      5.41100   2     21.81244
      5.41100     16.23300     13.52750   2     21.81244
     -5.41100     16.23300     13.52750   2     21.81244
    -10.82200     13.52750     13.52750   2     21.97959
     13.52750     13.52750    -10.82200   2     21.97959
     13.52750     13.52750     10.82200   2     21.97959
     13.52750     10.82200     13.52750   2     21.97959
     10.82200     13.52750     13.52750   2     21.97959
     13.52750    -10.82200     13.52750   2     21.97959
     13.52750     13.52750     13.52750   2     23.43032
     13.52750     16.23300    -10.82200   2     23.74067
     13.52750     16.23300     10.82200   2     23.74067
    -10.82200     16.23300     13.52750   2     23.74067
     10.82200     16.23300     13.52750   2     23.74067
