 -0.918732725068571       0.000000000000000E+000
 -0.909868570133236       0.000000000000000E+000
 -0.901004415197901       0.000000000000000E+000
 -0.892140260262566       0.000000000000000E+000
 -0.883276105327231       0.000000000000000E+000
 -0.874411950391896       0.000000000000000E+000
 -0.865547795456561       0.000000000000000E+000
 -0.856683640521226       0.000000000000000E+000
 -0.847819485585891       0.000000000000000E+000
 -0.838955330650556       0.000000000000000E+000
 -0.830091175715221       0.000000000000000E+000
 -0.821227020779886       0.000000000000000E+000
 -0.812362865844551       0.000000000000000E+000
 -0.803498710909216       0.000000000000000E+000
 -0.794634555973881       0.000000000000000E+000
 -0.785770401038546       0.000000000000000E+000
 -0.776906246103211       0.000000000000000E+000
 -0.768042091167876       0.000000000000000E+000
 -0.759177936232541       0.000000000000000E+000
 -0.750313781297206       0.000000000000000E+000
 -0.741449626361871       0.000000000000000E+000
 -0.732585471426536       0.000000000000000E+000
 -0.723721316491201       0.000000000000000E+000
 -0.714857161555866       0.000000000000000E+000
 -0.705993006620531       0.000000000000000E+000
 -0.697128851685196       0.000000000000000E+000
 -0.688264696749861       0.000000000000000E+000
 -0.679400541814526       0.000000000000000E+000
 -0.670536386879191       0.000000000000000E+000
 -0.661672231943856       0.000000000000000E+000
 -0.652808077008521       0.000000000000000E+000
 -0.643943922073186       0.000000000000000E+000
 -0.635079767137851       0.000000000000000E+000
 -0.626215612202516       0.000000000000000E+000
 -0.617351457267181       0.000000000000000E+000
 -0.608487302331846       0.000000000000000E+000
 -0.599623147396511       0.000000000000000E+000
 -0.590758992461176       0.000000000000000E+000
 -0.581894837525841       0.000000000000000E+000
 -0.573030682590506       0.000000000000000E+000
 -0.564166527655171       0.000000000000000E+000
 -0.555302372719836       0.000000000000000E+000
 -0.546438217784501       0.000000000000000E+000
 -0.537574062849166       0.000000000000000E+000
 -0.528709907913831       0.000000000000000E+000
 -0.519845752978496       0.000000000000000E+000
 -0.510981598043161       0.000000000000000E+000
 -0.502117443107826       0.000000000000000E+000
 -0.493253288172491       0.000000000000000E+000
 -0.484389133237156       0.000000000000000E+000
 -0.475524978301821       0.000000000000000E+000
 -0.466660823366486       0.000000000000000E+000
 -0.457796668431151       0.000000000000000E+000
 -0.448932513495816       0.000000000000000E+000
 -0.440068358560481       0.000000000000000E+000
 -0.431204203625147       0.000000000000000E+000
 -0.422340048689812       0.000000000000000E+000
 -0.413475893754477       0.000000000000000E+000
 -0.404611738819142       0.000000000000000E+000
 -0.395747583883807       0.000000000000000E+000
 -0.386883428948472       0.000000000000000E+000
 -0.378019274013137       0.000000000000000E+000
 -0.369155119077802       0.000000000000000E+000
 -0.360290964142467       0.000000000000000E+000
 -0.351426809207132       0.000000000000000E+000
 -0.342562654271797       0.000000000000000E+000
 -0.333698499336462       0.000000000000000E+000
 -0.324834344401127       0.000000000000000E+000
 -0.315970189465792       0.000000000000000E+000
 -0.307106034530457       0.000000000000000E+000
 -0.298241879595123       0.000000000000000E+000
 -0.289377724659788       0.000000000000000E+000
 -0.280513569724453       0.000000000000000E+000
 -0.271649414789118       0.000000000000000E+000
 -0.262785259853783       0.000000000000000E+000
 -0.253921104918448       0.000000000000000E+000
 -0.245056949983113       0.000000000000000E+000
 -0.236192795047778       0.000000000000000E+000
 -0.227328640112443       0.000000000000000E+000
 -0.218464485177108       0.000000000000000E+000
 -0.209600330241773       0.000000000000000E+000
 -0.200736175306438       0.000000000000000E+000
 -0.191872020371103       0.000000000000000E+000
 -0.183007865435768       0.000000000000000E+000
 -0.174143710500433       0.000000000000000E+000
 -0.165279555565098       0.000000000000000E+000
 -0.156415400629763       0.000000000000000E+000
 -0.147551245694428       0.000000000000000E+000
 -0.138687090759093       0.000000000000000E+000
 -0.129822935823758       0.000000000000000E+000
 -0.120958780888423       0.000000000000000E+000
 -0.112094625953089       0.000000000000000E+000
 -0.103230471017754       0.000000000000000E+000
 -9.436631608241863E-002  0.000000000000000E+000
 -8.550216114708369E-002  0.000000000000000E+000
 -7.663800621174874E-002  0.000000000000000E+000
 -6.777385127641379E-002  0.000000000000000E+000
 -5.890969634107884E-002  0.000000000000000E+000
 -5.004554140574388E-002  0.000000000000000E+000
 -4.118138647040893E-002  0.000000000000000E+000
 -3.231723153507397E-002  0.000000000000000E+000
 -2.345307659973902E-002  0.000000000000000E+000
 -1.458892166440407E-002  0.000000000000000E+000
 -5.724766729069113E-003  0.000000000000000E+000
  3.139388206265839E-003  0.000000000000000E+000
  1.200354314160079E-002  0.000000000000000E+000
  2.086769807693575E-002  0.000000000000000E+000
  2.973185301227070E-002  0.000000000000000E+000
  3.859600794760566E-002  0.000000000000000E+000
  4.746016288294061E-002  0.000000000000000E+000
  5.632431781827556E-002  0.000000000000000E+000
  6.518847275361052E-002  0.000000000000000E+000
  7.405262768894547E-002  0.000000000000000E+000
  8.291678262428041E-002  0.000000000000000E+000
  9.178093755961536E-002  0.000000000000000E+000
  0.100645092494950       0.000000000000000E+000
  0.109509247430285       0.000000000000000E+000
  0.118373402365620       0.000000000000000E+000
  0.127237557300955       0.000000000000000E+000
  0.136101712236290       0.000000000000000E+000
  0.144965867171625       0.000000000000000E+000
  0.153830022106960       0.000000000000000E+000
  0.162694177042295       0.000000000000000E+000
  0.171558331977630       0.000000000000000E+000
  0.180422486912965       0.000000000000000E+000
  0.189286641848300       0.000000000000000E+000
  0.198150796783635       0.000000000000000E+000
  0.207014951718970       0.000000000000000E+000
  0.215879106654305       0.000000000000000E+000
  0.224743261589640       0.000000000000000E+000
  0.233607416524975       0.000000000000000E+000
  0.242471571460310       0.000000000000000E+000
  0.251335726395645       0.000000000000000E+000
  0.260199881330980       0.000000000000000E+000
  0.269064036266314       0.000000000000000E+000
  0.277928191201649       0.000000000000000E+000
  0.286792346136984       0.000000000000000E+000
  0.295656501072319       0.000000000000000E+000
  0.304520656007654       0.000000000000000E+000
  0.313384810942989       0.000000000000000E+000
  0.322248965878324       0.000000000000000E+000
  0.331113120813659       0.000000000000000E+000
  0.339977275748994       0.000000000000000E+000
  0.348841430684329       0.000000000000000E+000
  0.357705585619664       0.000000000000000E+000
  0.366569740554999       0.000000000000000E+000
  0.375433895490334       0.000000000000000E+000
  0.384298050425669       0.000000000000000E+000
  0.393162205361004       0.000000000000000E+000
  0.402026360296338       0.000000000000000E+000
  0.410890515231673       0.000000000000000E+000
  0.419754670167008       0.000000000000000E+000
  0.428618825102343       0.000000000000000E+000
  0.437482980037678       0.000000000000000E+000
  0.446347134973013       0.000000000000000E+000
  0.455211289908348       0.000000000000000E+000
  0.464075444843683       0.000000000000000E+000
  0.472939599779018       0.000000000000000E+000
  0.481803754714353       0.000000000000000E+000
  0.490667909649688       0.000000000000000E+000
  0.499532064585023       0.000000000000000E+000
  0.508396219520358       0.000000000000000E+000
  0.517260374455693       0.000000000000000E+000
  0.526124529391028       0.000000000000000E+000
  0.534988684326363       0.000000000000000E+000
  0.543852839261698       0.000000000000000E+000
  0.552716994197033       0.000000000000000E+000
  0.561581149132368       0.000000000000000E+000
  0.570445304067703       0.000000000000000E+000
  0.579309459003038       0.000000000000000E+000
  0.588173613938373       0.000000000000000E+000
  0.597037768873708       0.000000000000000E+000
  0.605901923809043       0.000000000000000E+000
  0.614766078744378       0.000000000000000E+000
  0.623630233679713       0.000000000000000E+000
  0.632494388615048       0.000000000000000E+000
  0.641358543550383       0.000000000000000E+000
  0.650222698485718       0.000000000000000E+000
  0.659086853421053       0.000000000000000E+000
  0.667951008356388       0.000000000000000E+000
  0.676815163291723       0.000000000000000E+000
  0.685679318227058       0.000000000000000E+000
  0.694543473162393       0.000000000000000E+000
  0.703407628097727       0.000000000000000E+000
  0.712271783033062       0.000000000000000E+000
  0.721135937968397       0.000000000000000E+000
  0.730000092903732       0.000000000000000E+000
  0.738864247839067       0.000000000000000E+000
  0.747728402774402       0.000000000000000E+000
  0.756592557709737       0.000000000000000E+000
  0.765456712645072       0.000000000000000E+000
  0.774320867580407       0.000000000000000E+000
  0.783185022515742       0.000000000000000E+000
  0.792049177451077       0.000000000000000E+000
  0.800913332386412       0.000000000000000E+000
  0.809777487321747       0.000000000000000E+000
  0.818641642257082       0.000000000000000E+000
  0.827505797192417       0.000000000000000E+000
  0.836369952127752       0.000000000000000E+000
  0.845234107063087       0.000000000000000E+000
 -0.918732725068571       0.000000000000000E+000
 -0.909868570133236       0.000000000000000E+000
 -0.901004415197901       0.000000000000000E+000
 -0.892140260262566       0.000000000000000E+000
 -0.883276105327231       0.000000000000000E+000
 -0.874411950391896       0.000000000000000E+000
 -0.865547795456561       0.000000000000000E+000
 -0.856683640521226       0.000000000000000E+000
 -0.847819485585891       0.000000000000000E+000
 -0.838955330650556       0.000000000000000E+000
 -0.830091175715221       0.000000000000000E+000
 -0.821227020779886       0.000000000000000E+000
 -0.812362865844551       0.000000000000000E+000
 -0.803498710909216       0.000000000000000E+000
 -0.794634555973881       0.000000000000000E+000
 -0.785770401038546       0.000000000000000E+000
 -0.776906246103211       0.000000000000000E+000
 -0.768042091167876       0.000000000000000E+000
 -0.759177936232541       0.000000000000000E+000
 -0.750313781297206       0.000000000000000E+000
 -0.741449626361871       0.000000000000000E+000
 -0.732585471426536       0.000000000000000E+000
 -0.723721316491201       0.000000000000000E+000
 -0.714857161555866       0.000000000000000E+000
 -0.705993006620531       0.000000000000000E+000
 -0.697128851685196       0.000000000000000E+000
 -0.688264696749861       0.000000000000000E+000
 -0.679400541814526       0.000000000000000E+000
 -0.670536386879191       0.000000000000000E+000
 -0.661672231943856       0.000000000000000E+000
 -0.652808077008521       0.000000000000000E+000
 -0.643943922073186       0.000000000000000E+000
 -0.635079767137851       0.000000000000000E+000
 -0.626215612202516       0.000000000000000E+000
 -0.617351457267181       0.000000000000000E+000
 -0.608487302331846       0.000000000000000E+000
 -0.599623147396511       0.000000000000000E+000
 -0.590758992461176       0.000000000000000E+000
 -0.581894837525841       0.000000000000000E+000
 -0.573030682590506       0.000000000000000E+000
 -0.564166527655171       0.000000000000000E+000
 -0.555302372719836       0.000000000000000E+000
 -0.546438217784501       0.000000000000000E+000
 -0.537574062849166       0.000000000000000E+000
 -0.528709907913831       0.000000000000000E+000
 -0.519845752978496       0.000000000000000E+000
 -0.510981598043161       0.000000000000000E+000
 -0.502117443107826       0.000000000000000E+000
 -0.493253288172491       0.000000000000000E+000
 -0.484389133237156       0.000000000000000E+000
 -0.475524978301821       0.000000000000000E+000
 -0.466660823366486       0.000000000000000E+000
 -0.457796668431151       0.000000000000000E+000
 -0.448932513495816       0.000000000000000E+000
 -0.440068358560481       0.000000000000000E+000
 -0.431204203625147       0.000000000000000E+000
 -0.422340048689812       0.000000000000000E+000
 -0.413475893754477       0.000000000000000E+000
 -0.404611738819142       0.000000000000000E+000
 -0.395747583883807       0.000000000000000E+000
 -0.386883428948472       0.000000000000000E+000
 -0.378019274013137       0.000000000000000E+000
 -0.369155119077802       0.000000000000000E+000
 -0.360290964142467       0.000000000000000E+000
 -0.351426809207132       0.000000000000000E+000
 -0.342562654271797       0.000000000000000E+000
 -0.333698499336462       0.000000000000000E+000
 -0.324834344401127       0.000000000000000E+000
 -0.315970189465792       0.000000000000000E+000
 -0.307106034530457       0.000000000000000E+000
 -0.298241879595123       0.000000000000000E+000
 -0.289377724659788       0.000000000000000E+000
 -0.280513569724453       0.000000000000000E+000
 -0.271649414789118       0.000000000000000E+000
 -0.262785259853783       0.000000000000000E+000
 -0.253921104918448       0.000000000000000E+000
 -0.245056949983113       0.000000000000000E+000
 -0.236192795047778       0.000000000000000E+000
 -0.227328640112443       0.000000000000000E+000
 -0.218464485177108       0.000000000000000E+000
 -0.209600330241773       0.000000000000000E+000
 -0.200736175306438       0.000000000000000E+000
 -0.191872020371103       0.000000000000000E+000
 -0.183007865435768       0.000000000000000E+000
 -0.174143710500433       0.000000000000000E+000
 -0.165279555565098       0.000000000000000E+000
 -0.156415400629763       0.000000000000000E+000
 -0.147551245694428       0.000000000000000E+000
 -0.138687090759093       0.000000000000000E+000
 -0.129822935823758       0.000000000000000E+000
 -0.120958780888423       0.000000000000000E+000
 -0.112094625953089       0.000000000000000E+000
 -0.103230471017754       0.000000000000000E+000
 -9.436631608241863E-002  0.000000000000000E+000
 -8.550216114708369E-002  0.000000000000000E+000
 -7.663800621174874E-002  0.000000000000000E+000
 -6.777385127641379E-002  0.000000000000000E+000
 -5.890969634107884E-002  0.000000000000000E+000
 -5.004554140574388E-002  0.000000000000000E+000
 -4.118138647040893E-002  0.000000000000000E+000
 -3.231723153507397E-002  0.000000000000000E+000
 -2.345307659973902E-002  0.000000000000000E+000
 -1.458892166440407E-002  0.000000000000000E+000
 -5.724766729069113E-003  0.000000000000000E+000
  3.139388206265839E-003  0.000000000000000E+000
  1.200354314160079E-002  0.000000000000000E+000
  2.086769807693575E-002  0.000000000000000E+000
  2.973185301227070E-002  0.000000000000000E+000
  3.859600794760566E-002  0.000000000000000E+000
  4.746016288294061E-002  0.000000000000000E+000
  5.632431781827556E-002  0.000000000000000E+000
  6.518847275361052E-002  0.000000000000000E+000
  7.405262768894547E-002  0.000000000000000E+000
  8.291678262428041E-002  0.000000000000000E+000
  9.178093755961536E-002  0.000000000000000E+000
  0.100645092494950       0.000000000000000E+000
  0.109509247430285       0.000000000000000E+000
  0.118373402365620       0.000000000000000E+000
  0.127237557300955       0.000000000000000E+000
  0.136101712236290       0.000000000000000E+000
  0.144965867171625       0.000000000000000E+000
  0.153830022106960       0.000000000000000E+000
  0.162694177042295       0.000000000000000E+000
  0.171558331977630       0.000000000000000E+000
  0.180422486912965       0.000000000000000E+000
  0.189286641848300       0.000000000000000E+000
  0.198150796783635       0.000000000000000E+000
  0.207014951718970       0.000000000000000E+000
  0.215879106654305       0.000000000000000E+000
  0.224743261589640       0.000000000000000E+000
  0.233607416524975       0.000000000000000E+000
  0.242471571460310       0.000000000000000E+000
  0.251335726395645       0.000000000000000E+000
  0.260199881330980       0.000000000000000E+000
  0.269064036266314       0.000000000000000E+000
  0.277928191201649       0.000000000000000E+000
  0.286792346136984       0.000000000000000E+000
  0.295656501072319       0.000000000000000E+000
  0.304520656007654       0.000000000000000E+000
  0.313384810942989       0.000000000000000E+000
  0.322248965878324       0.000000000000000E+000
  0.331113120813659       0.000000000000000E+000
  0.339977275748994       0.000000000000000E+000
  0.348841430684329       0.000000000000000E+000
  0.357705585619664       0.000000000000000E+000
  0.366569740554999       0.000000000000000E+000
  0.375433895490334       0.000000000000000E+000
  0.384298050425669       0.000000000000000E+000
  0.393162205361004       0.000000000000000E+000
  0.402026360296338       0.000000000000000E+000
  0.410890515231673       0.000000000000000E+000
  0.419754670167008       0.000000000000000E+000
  0.428618825102343       0.000000000000000E+000
  0.437482980037678       0.000000000000000E+000
  0.446347134973013       0.000000000000000E+000
  0.455211289908348       0.000000000000000E+000
  0.464075444843683       0.000000000000000E+000
  0.472939599779018       0.000000000000000E+000
  0.481803754714353       0.000000000000000E+000
  0.490667909649688       0.000000000000000E+000
  0.499532064585023       0.000000000000000E+000
  0.508396219520358       0.000000000000000E+000
  0.517260374455693       0.000000000000000E+000
  0.526124529391028       0.000000000000000E+000
  0.534988684326363       0.000000000000000E+000
  0.543852839261698       0.000000000000000E+000
  0.552716994197033       0.000000000000000E+000
  0.561581149132368       0.000000000000000E+000
  0.570445304067703       0.000000000000000E+000
  0.579309459003038       0.000000000000000E+000
  0.588173613938373       0.000000000000000E+000
  0.597037768873708       0.000000000000000E+000
  0.605901923809043       0.000000000000000E+000
  0.614766078744378       0.000000000000000E+000
  0.623630233679713       0.000000000000000E+000
  0.632494388615048       0.000000000000000E+000
  0.641358543550383       0.000000000000000E+000
  0.650222698485718       0.000000000000000E+000
  0.659086853421053       0.000000000000000E+000
  0.667951008356388       0.000000000000000E+000
  0.676815163291723       0.000000000000000E+000
  0.685679318227058       0.000000000000000E+000
  0.694543473162393       0.000000000000000E+000
  0.703407628097727       0.000000000000000E+000
  0.712271783033062       0.000000000000000E+000
  0.721135937968397       0.000000000000000E+000
  0.730000092903732       0.000000000000000E+000
  0.738864247839067       0.000000000000000E+000
  0.747728402774402       0.000000000000000E+000
  0.756592557709737       0.000000000000000E+000
  0.765456712645072       0.000000000000000E+000
  0.774320867580407       0.000000000000000E+000
  0.783185022515742       0.000000000000000E+000
  0.792049177451077       0.000000000000000E+000
  0.800913332386412       0.000000000000000E+000
  0.809777487321747       0.000000000000000E+000
  0.818641642257082       0.000000000000000E+000
  0.827505797192417       0.000000000000000E+000
  0.836369952127752       0.000000000000000E+000
  0.845234107063087       0.000000000000000E+000
 -0.918732725068571       0.000000000000000E+000
 -0.909868570133236       0.000000000000000E+000
 -0.901004415197901       0.000000000000000E+000
 -0.892140260262566       0.000000000000000E+000
 -0.883276105327231       0.000000000000000E+000
 -0.874411950391896       0.000000000000000E+000
 -0.865547795456561       0.000000000000000E+000
 -0.856683640521226       0.000000000000000E+000
 -0.847819485585891       0.000000000000000E+000
 -0.838955330650556       0.000000000000000E+000
 -0.830091175715221       0.000000000000000E+000
 -0.821227020779886       0.000000000000000E+000
 -0.812362865844551       0.000000000000000E+000
 -0.803498710909216       0.000000000000000E+000
 -0.794634555973881       0.000000000000000E+000
 -0.785770401038546       0.000000000000000E+000
 -0.776906246103211       0.000000000000000E+000
 -0.768042091167876       0.000000000000000E+000
 -0.759177936232541       0.000000000000000E+000
 -0.750313781297206       0.000000000000000E+000
 -0.741449626361871       0.000000000000000E+000
 -0.732585471426536       0.000000000000000E+000
 -0.723721316491201       0.000000000000000E+000
 -0.714857161555866       0.000000000000000E+000
 -0.705993006620531       0.000000000000000E+000
 -0.697128851685196       0.000000000000000E+000
 -0.688264696749861       0.000000000000000E+000
 -0.679400541814526       0.000000000000000E+000
 -0.670536386879191       0.000000000000000E+000
 -0.661672231943856       0.000000000000000E+000
 -0.652808077008521       0.000000000000000E+000
 -0.643943922073186       0.000000000000000E+000
 -0.635079767137851       0.000000000000000E+000
 -0.626215612202516       0.000000000000000E+000
 -0.617351457267181       0.000000000000000E+000
 -0.608487302331846       0.000000000000000E+000
 -0.599623147396511       0.000000000000000E+000
 -0.590758992461176       0.000000000000000E+000
 -0.581894837525841       0.000000000000000E+000
 -0.573030682590506       0.000000000000000E+000
 -0.564166527655171       0.000000000000000E+000
 -0.555302372719836       0.000000000000000E+000
 -0.546438217784501       0.000000000000000E+000
 -0.537574062849166       0.000000000000000E+000
 -0.528709907913831       0.000000000000000E+000
 -0.519845752978496       0.000000000000000E+000
 -0.510981598043161       0.000000000000000E+000
 -0.502117443107826       0.000000000000000E+000
 -0.493253288172491       0.000000000000000E+000
 -0.484389133237156       0.000000000000000E+000
 -0.475524978301821       0.000000000000000E+000
 -0.466660823366486       0.000000000000000E+000
 -0.457796668431151       0.000000000000000E+000
 -0.448932513495816       0.000000000000000E+000
 -0.440068358560481       0.000000000000000E+000
 -0.431204203625147       0.000000000000000E+000
 -0.422340048689812       0.000000000000000E+000
 -0.413475893754477       0.000000000000000E+000
 -0.404611738819142       0.000000000000000E+000
 -0.395747583883807       0.000000000000000E+000
 -0.386883428948472       0.000000000000000E+000
 -0.378019274013137       0.000000000000000E+000
 -0.369155119077802       0.000000000000000E+000
 -0.360290964142467       0.000000000000000E+000
 -0.351426809207132       0.000000000000000E+000
 -0.342562654271797       0.000000000000000E+000
 -0.333698499336462       0.000000000000000E+000
 -0.324834344401127       0.000000000000000E+000
 -0.315970189465792       0.000000000000000E+000
 -0.307106034530457       0.000000000000000E+000
 -0.298241879595123       0.000000000000000E+000
 -0.289377724659788       0.000000000000000E+000
 -0.280513569724453       0.000000000000000E+000
 -0.271649414789118       0.000000000000000E+000
 -0.262785259853783       0.000000000000000E+000
 -0.253921104918448       0.000000000000000E+000
 -0.245056949983113       0.000000000000000E+000
 -0.236192795047778       0.000000000000000E+000
 -0.227328640112443       0.000000000000000E+000
 -0.218464485177108       0.000000000000000E+000
 -0.209600330241773       0.000000000000000E+000
 -0.200736175306438       0.000000000000000E+000
 -0.191872020371103       0.000000000000000E+000
 -0.183007865435768       0.000000000000000E+000
 -0.174143710500433       0.000000000000000E+000
 -0.165279555565098       0.000000000000000E+000
 -0.156415400629763       0.000000000000000E+000
 -0.147551245694428       0.000000000000000E+000
 -0.138687090759093       0.000000000000000E+000
 -0.129822935823758       0.000000000000000E+000
 -0.120958780888423       0.000000000000000E+000
 -0.112094625953089       0.000000000000000E+000
 -0.103230471017754       0.000000000000000E+000
 -9.436631608241863E-002  0.000000000000000E+000
 -8.550216114708369E-002  0.000000000000000E+000
 -7.663800621174874E-002  0.000000000000000E+000
 -6.777385127641379E-002  0.000000000000000E+000
 -5.890969634107884E-002  0.000000000000000E+000
 -5.004554140574388E-002  0.000000000000000E+000
 -4.118138647040893E-002  0.000000000000000E+000
 -3.231723153507397E-002  0.000000000000000E+000
 -2.345307659973902E-002  0.000000000000000E+000
 -1.458892166440407E-002  0.000000000000000E+000
 -5.724766729069113E-003  0.000000000000000E+000
  3.139388206265839E-003  0.000000000000000E+000
  1.200354314160079E-002  0.000000000000000E+000
  2.086769807693575E-002  0.000000000000000E+000
  2.973185301227070E-002  0.000000000000000E+000
  3.859600794760566E-002  0.000000000000000E+000
  4.746016288294061E-002  0.000000000000000E+000
  5.632431781827556E-002  0.000000000000000E+000
  6.518847275361052E-002  0.000000000000000E+000
  7.405262768894547E-002  0.000000000000000E+000
  8.291678262428041E-002  0.000000000000000E+000
  9.178093755961536E-002  0.000000000000000E+000
  0.100645092494950       0.000000000000000E+000
  0.109509247430285       0.000000000000000E+000
  0.118373402365620       0.000000000000000E+000
  0.127237557300955       0.000000000000000E+000
  0.136101712236290       0.000000000000000E+000
  0.144965867171625       0.000000000000000E+000
  0.153830022106960       0.000000000000000E+000
  0.162694177042295       0.000000000000000E+000
  0.171558331977630       0.000000000000000E+000
  0.180422486912965       0.000000000000000E+000
  0.189286641848300       0.000000000000000E+000
  0.198150796783635       0.000000000000000E+000
  0.207014951718970       0.000000000000000E+000
  0.215879106654305       0.000000000000000E+000
  0.224743261589640       0.000000000000000E+000
  0.233607416524975       0.000000000000000E+000
  0.242471571460310       0.000000000000000E+000
  0.251335726395645       0.000000000000000E+000
  0.260199881330980       0.000000000000000E+000
  0.269064036266314       0.000000000000000E+000
  0.277928191201649       0.000000000000000E+000
  0.286792346136984       0.000000000000000E+000
  0.295656501072319       0.000000000000000E+000
  0.304520656007654       0.000000000000000E+000
  0.313384810942989       0.000000000000000E+000
  0.322248965878324       0.000000000000000E+000
  0.331113120813659       0.000000000000000E+000
  0.339977275748994       0.000000000000000E+000
  0.348841430684329       0.000000000000000E+000
  0.357705585619664       0.000000000000000E+000
  0.366569740554999       0.000000000000000E+000
  0.375433895490334       0.000000000000000E+000
  0.384298050425669       0.000000000000000E+000
  0.393162205361004       0.000000000000000E+000
  0.402026360296338       0.000000000000000E+000
  0.410890515231673       0.000000000000000E+000
  0.419754670167008       0.000000000000000E+000
  0.428618825102343       0.000000000000000E+000
  0.437482980037678       0.000000000000000E+000
  0.446347134973013       0.000000000000000E+000
  0.455211289908348       0.000000000000000E+000
  0.464075444843683       0.000000000000000E+000
  0.472939599779018       0.000000000000000E+000
  0.481803754714353       0.000000000000000E+000
  0.490667909649688       0.000000000000000E+000
  0.499532064585023       0.000000000000000E+000
  0.508396219520358       0.000000000000000E+000
  0.517260374455693       0.000000000000000E+000
  0.526124529391028       0.000000000000000E+000
  0.534988684326363       0.000000000000000E+000
  0.543852839261698       0.000000000000000E+000
  0.552716994197033       0.000000000000000E+000
  0.561581149132368       0.000000000000000E+000
  0.570445304067703       0.000000000000000E+000
  0.579309459003038       0.000000000000000E+000
  0.588173613938373       0.000000000000000E+000
  0.597037768873708       0.000000000000000E+000
  0.605901923809043       0.000000000000000E+000
  0.614766078744378       0.000000000000000E+000
  0.623630233679713       0.000000000000000E+000
  0.632494388615048       0.000000000000000E+000
  0.641358543550383       0.000000000000000E+000
  0.650222698485718       0.000000000000000E+000
  0.659086853421053       0.000000000000000E+000
  0.667951008356388       0.000000000000000E+000
  0.676815163291723       0.000000000000000E+000
  0.685679318227058       0.000000000000000E+000
  0.694543473162393       0.000000000000000E+000
  0.703407628097727       0.000000000000000E+000
  0.712271783033062       0.000000000000000E+000
  0.721135937968397       0.000000000000000E+000
  0.730000092903732       0.000000000000000E+000
  0.738864247839067       0.000000000000000E+000
  0.747728402774402       0.000000000000000E+000
  0.756592557709737       0.000000000000000E+000
  0.765456712645072       0.000000000000000E+000
  0.774320867580407       0.000000000000000E+000
  0.783185022515742       0.000000000000000E+000
  0.792049177451077       0.000000000000000E+000
  0.800913332386412       0.000000000000000E+000
  0.809777487321747       0.000000000000000E+000
  0.818641642257082       0.000000000000000E+000
  0.827505797192417       0.000000000000000E+000
  0.836369952127752       0.000000000000000E+000
  0.845234107063087       0.000000000000000E+000
 -0.918732725068571       0.000000000000000E+000
 -0.909868570133236       0.000000000000000E+000
 -0.901004415197901       0.000000000000000E+000
 -0.892140260262566       0.000000000000000E+000
 -0.883276105327231       0.000000000000000E+000
 -0.874411950391896       0.000000000000000E+000
 -0.865547795456561       0.000000000000000E+000
 -0.856683640521226       0.000000000000000E+000
 -0.847819485585891       0.000000000000000E+000
 -0.838955330650556       0.000000000000000E+000
 -0.830091175715221       0.000000000000000E+000
 -0.821227020779886       0.000000000000000E+000
 -0.812362865844551       0.000000000000000E+000
 -0.803498710909216       0.000000000000000E+000
 -0.794634555973881       0.000000000000000E+000
 -0.785770401038546       0.000000000000000E+000
 -0.776906246103211       0.000000000000000E+000
 -0.768042091167876       0.000000000000000E+000
 -0.759177936232541       0.000000000000000E+000
 -0.750313781297206       0.000000000000000E+000
 -0.741449626361871       0.000000000000000E+000
 -0.732585471426536       0.000000000000000E+000
 -0.723721316491201       0.000000000000000E+000
 -0.714857161555866       0.000000000000000E+000
 -0.705993006620531       0.000000000000000E+000
 -0.697128851685196       0.000000000000000E+000
 -0.688264696749861       0.000000000000000E+000
 -0.679400541814526       0.000000000000000E+000
 -0.670536386879191       0.000000000000000E+000
 -0.661672231943856       0.000000000000000E+000
 -0.652808077008521       0.000000000000000E+000
 -0.643943922073186       0.000000000000000E+000
 -0.635079767137851       0.000000000000000E+000
 -0.626215612202516       0.000000000000000E+000
 -0.617351457267181       0.000000000000000E+000
 -0.608487302331846       0.000000000000000E+000
 -0.599623147396511       0.000000000000000E+000
 -0.590758992461176       0.000000000000000E+000
 -0.581894837525841       0.000000000000000E+000
 -0.573030682590506       0.000000000000000E+000
 -0.564166527655171       0.000000000000000E+000
 -0.555302372719836       0.000000000000000E+000
 -0.546438217784501       0.000000000000000E+000
 -0.537574062849166       0.000000000000000E+000
 -0.528709907913831       0.000000000000000E+000
 -0.519845752978496       0.000000000000000E+000
 -0.510981598043161       0.000000000000000E+000
 -0.502117443107826       0.000000000000000E+000
 -0.493253288172491       0.000000000000000E+000
 -0.484389133237156       0.000000000000000E+000
 -0.475524978301821       0.000000000000000E+000
 -0.466660823366486       0.000000000000000E+000
 -0.457796668431151       0.000000000000000E+000
 -0.448932513495816       0.000000000000000E+000
 -0.440068358560481       0.000000000000000E+000
 -0.431204203625147       0.000000000000000E+000
 -0.422340048689812       0.000000000000000E+000
 -0.413475893754477       0.000000000000000E+000
 -0.404611738819142       0.000000000000000E+000
 -0.395747583883807       0.000000000000000E+000
 -0.386883428948472       0.000000000000000E+000
 -0.378019274013137       0.000000000000000E+000
 -0.369155119077802       0.000000000000000E+000
 -0.360290964142467       0.000000000000000E+000
 -0.351426809207132       0.000000000000000E+000
 -0.342562654271797       0.000000000000000E+000
 -0.333698499336462       0.000000000000000E+000
 -0.324834344401127       0.000000000000000E+000
 -0.315970189465792       0.000000000000000E+000
 -0.307106034530457       0.000000000000000E+000
 -0.298241879595123       0.000000000000000E+000
 -0.289377724659788       0.000000000000000E+000
 -0.280513569724453       0.000000000000000E+000
 -0.271649414789118       0.000000000000000E+000
 -0.262785259853783       0.000000000000000E+000
 -0.253921104918448       0.000000000000000E+000
 -0.245056949983113       0.000000000000000E+000
 -0.236192795047778       0.000000000000000E+000
 -0.227328640112443       0.000000000000000E+000
 -0.218464485177108       0.000000000000000E+000
 -0.209600330241773       0.000000000000000E+000
 -0.200736175306438       0.000000000000000E+000
 -0.191872020371103       0.000000000000000E+000
 -0.183007865435768       0.000000000000000E+000
 -0.174143710500433       0.000000000000000E+000
 -0.165279555565098       0.000000000000000E+000
 -0.156415400629763       0.000000000000000E+000
 -0.147551245694428       0.000000000000000E+000
 -0.138687090759093       0.000000000000000E+000
 -0.129822935823758       0.000000000000000E+000
 -0.120958780888423       0.000000000000000E+000
 -0.112094625953089       0.000000000000000E+000
 -0.103230471017754       0.000000000000000E+000
 -9.436631608241863E-002  0.000000000000000E+000
 -8.550216114708369E-002  0.000000000000000E+000
 -7.663800621174874E-002  0.000000000000000E+000
 -6.777385127641379E-002  0.000000000000000E+000
 -5.890969634107884E-002  0.000000000000000E+000
 -5.004554140574388E-002  0.000000000000000E+000
 -4.118138647040893E-002  0.000000000000000E+000
 -3.231723153507397E-002  0.000000000000000E+000
 -2.345307659973902E-002  0.000000000000000E+000
 -1.458892166440407E-002  0.000000000000000E+000
 -5.724766729069113E-003  0.000000000000000E+000
  3.139388206265839E-003  0.000000000000000E+000
  1.200354314160079E-002  0.000000000000000E+000
  2.086769807693575E-002  0.000000000000000E+000
  2.973185301227070E-002  0.000000000000000E+000
  3.859600794760566E-002  0.000000000000000E+000
  4.746016288294061E-002  0.000000000000000E+000
  5.632431781827556E-002  0.000000000000000E+000
  6.518847275361052E-002  0.000000000000000E+000
  7.405262768894547E-002  0.000000000000000E+000
  8.291678262428041E-002  0.000000000000000E+000
  9.178093755961536E-002  0.000000000000000E+000
  0.100645092494950       0.000000000000000E+000
  0.109509247430285       0.000000000000000E+000
  0.118373402365620       0.000000000000000E+000
  0.127237557300955       0.000000000000000E+000
  0.136101712236290       0.000000000000000E+000
  0.144965867171625       0.000000000000000E+000
  0.153830022106960       0.000000000000000E+000
  0.162694177042295       0.000000000000000E+000
  0.171558331977630       0.000000000000000E+000
  0.180422486912965       0.000000000000000E+000
  0.189286641848300       0.000000000000000E+000
  0.198150796783635       0.000000000000000E+000
  0.207014951718970       0.000000000000000E+000
  0.215879106654305       0.000000000000000E+000
  0.224743261589640       0.000000000000000E+000
  0.233607416524975       0.000000000000000E+000
  0.242471571460310       0.000000000000000E+000
  0.251335726395645       0.000000000000000E+000
  0.260199881330980       0.000000000000000E+000
  0.269064036266314       0.000000000000000E+000
  0.277928191201649       0.000000000000000E+000
  0.286792346136984       0.000000000000000E+000
  0.295656501072319       0.000000000000000E+000
  0.304520656007654       0.000000000000000E+000
  0.313384810942989       0.000000000000000E+000
  0.322248965878324       0.000000000000000E+000
  0.331113120813659       0.000000000000000E+000
  0.339977275748994       0.000000000000000E+000
  0.348841430684329       0.000000000000000E+000
  0.357705585619664       0.000000000000000E+000
  0.366569740554999       0.000000000000000E+000
  0.375433895490334       0.000000000000000E+000
  0.384298050425669       0.000000000000000E+000
  0.393162205361004       0.000000000000000E+000
  0.402026360296338       0.000000000000000E+000
  0.410890515231673       0.000000000000000E+000
  0.419754670167008       0.000000000000000E+000
  0.428618825102343       0.000000000000000E+000
  0.437482980037678       0.000000000000000E+000
  0.446347134973013       0.000000000000000E+000
  0.455211289908348       0.000000000000000E+000
  0.464075444843683       0.000000000000000E+000
  0.472939599779018       0.000000000000000E+000
  0.481803754714353       0.000000000000000E+000
  0.490667909649688       0.000000000000000E+000
  0.499532064585023       0.000000000000000E+000
  0.508396219520358       0.000000000000000E+000
  0.517260374455693       0.000000000000000E+000
  0.526124529391028       0.000000000000000E+000
  0.534988684326363       0.000000000000000E+000
  0.543852839261698       0.000000000000000E+000
  0.552716994197033       0.000000000000000E+000
  0.561581149132368       0.000000000000000E+000
  0.570445304067703       0.000000000000000E+000
  0.579309459003038       0.000000000000000E+000
  0.588173613938373       0.000000000000000E+000
  0.597037768873708       0.000000000000000E+000
  0.605901923809043       0.000000000000000E+000
  0.614766078744378       0.000000000000000E+000
  0.623630233679713       0.000000000000000E+000
  0.632494388615048       0.000000000000000E+000
  0.641358543550383       0.000000000000000E+000
  0.650222698485718       0.000000000000000E+000
  0.659086853421053       0.000000000000000E+000
  0.667951008356388       0.000000000000000E+000
  0.676815163291723       0.000000000000000E+000
  0.685679318227058       0.000000000000000E+000
  0.694543473162393       0.000000000000000E+000
  0.703407628097727       0.000000000000000E+000
  0.712271783033062       0.000000000000000E+000
  0.721135937968397       0.000000000000000E+000
  0.730000092903732       0.000000000000000E+000
  0.738864247839067       0.000000000000000E+000
  0.747728402774402       0.000000000000000E+000
  0.756592557709737       0.000000000000000E+000
  0.765456712645072       0.000000000000000E+000
  0.774320867580407       0.000000000000000E+000
  0.783185022515742       0.000000000000000E+000
  0.792049177451077       0.000000000000000E+000
  0.800913332386412       0.000000000000000E+000
  0.809777487321747       0.000000000000000E+000
  0.818641642257082       0.000000000000000E+000
  0.827505797192417       0.000000000000000E+000
  0.836369952127752       0.000000000000000E+000
  0.845234107063087       0.000000000000000E+000
