nat, nph =  1500    2
    1    2    6
 iat     x       y        z       iph  
 -----------------------------------------------------------------------
   1      0.00000      0.00000      0.00000   0   1
   2      1.35275     -1.35275      1.35275   1   1
   3     -1.35275     -1.35275     -1.35275   1   1
   4      1.35275      1.35275     -1.35275   1   1
   5     -1.35275      1.35275      1.35275   1   1
   6      0.00000      2.70550      0.00000   2   1
   7     -2.70550      0.00000      0.00000   2   1
   8      0.00000      0.00000     -2.70550   2   1
   9      2.70550      0.00000      0.00000   2   1
  10      0.00000      0.00000      2.70550   2   1
  11      0.00000     -2.70550      0.00000   2   1
  12     -2.70550     -2.70550      0.00000   2   1
  13     -2.70550      0.00000     -2.70550   2   1
  14     -2.70550      2.70550      0.00000   2   1
  15     -2.70550      0.00000      2.70550   2   1
  16      0.00000     -2.70550     -2.70550   2   1
  17      2.70550     -2.70550      0.00000   2   1
  18      0.00000     -2.70550      2.70550   2   1
  19      2.70550      0.00000     -2.70550   2   1
  20      0.00000      2.70550     -2.70550   2   1
  21      2.70550      2.70550      0.00000   2   1
  22      2.70550      0.00000      2.70550   2   1
  23      0.00000      2.70550      2.70550   2   1
  24     -1.35275     -1.35275      4.05825   1   1
  25      1.35275      1.35275      4.05825   1   1
  26     -1.35275      4.05825     -1.35275   1   1
  27      1.35275      4.05825      1.35275   1   1
  28      4.05825     -1.35275     -1.35275   1   1
  29      4.05825      1.35275      1.35275   1   1
  30     -4.05825     -1.35275      1.35275   1   1
  31     -1.35275     -4.05825      1.35275   1   1
  32      1.35275     -1.35275     -4.05825   1   1
  33     -1.35275      1.35275     -4.05825   1   1
  34      1.35275     -4.05825     -1.35275   1   1
  35     -4.05825      1.35275     -1.35275   1   1
  36     -2.70550      2.70550     -2.70550   2   1
  37     -2.70550      2.70550      2.70550   2   1
  38      2.70550      2.70550     -2.70550   2   1
  39      2.70550      2.70550      2.70550   2   1
  40     -2.70550     -2.70550      2.70550   2   1
  41      2.70550     -2.70550     -2.70550   2   1
  42      2.70550     -2.70550      2.70550   2   1
  43     -2.70550     -2.70550     -2.70550   2   1
  44     -5.41100      0.00000      0.00000   2   1
  45      0.00000     -5.41100      0.00000   2   1
  46      0.00000      0.00000     -5.41100   2   1
  47      0.00000      0.00000      5.41100   2   1
  48      0.00000      5.41100      0.00000   2   1
  49      5.41100      0.00000      0.00000   2   1
  50     -1.35275      4.05825      4.05825   1   1
  51      4.05825     -1.35275      4.05825   1   1
  52      4.05825      4.05825     -1.35275   1   1
  53     -4.05825      4.05825      1.35275   1   1
  54      4.05825     -4.05825      1.35275   1   1
  55     -4.05825     -4.05825     -1.35275   1   1
  56     -4.05825     -1.35275     -4.05825   1   1
  57     -4.05825      1.35275      4.05825   1   1
  58     -1.35275     -4.05825     -4.05825   1   1
  59      1.35275     -4.05825      4.05825   1   1
  60      1.35275      4.05825     -4.05825   1   1
  61      4.05825      1.35275     -4.05825   1   1
  62     -2.70550      0.00000      5.41100   2   1
  63     -2.70550      5.41100      0.00000   2   1
  64      0.00000      5.41100     -2.70550   2   1
  65      2.70550      5.41100      0.00000   2   1
  66      0.00000      5.41100      2.70550   2   1
  67     -5.41100      0.00000      2.70550   2   1
  68     -5.41100      2.70550      0.00000   2   1
  69      2.70550      0.00000     -5.41100   2   1
  70      2.70550      0.00000      5.41100   2   1
  71      0.00000      2.70550     -5.41100   2   1
  72      0.00000      2.70550      5.41100   2   1
  73      5.41100      0.00000     -2.70550   2   1
  74      5.41100      0.00000      2.70550   2   1
  75      5.41100      2.70550      0.00000   2   1
  76     -5.41100      0.00000     -2.70550   2   1
  77     -5.41100     -2.70550      0.00000   2   1
  78      0.00000     -2.70550     -5.41100   2   1
  79      0.00000     -2.70550      5.41100   2   1
  80      5.41100     -2.70550      0.00000   2   1
  81      2.70550     -5.41100      0.00000   2   1
  82      0.00000     -5.41100      2.70550   2   1
  83     -2.70550     -5.41100      0.00000   2   1
  84     -2.70550      0.00000     -5.41100   2   1
  85      0.00000     -5.41100     -2.70550   2   1
  86     -2.70550     -2.70550      5.41100   2   1
  87     -5.41100     -2.70550      2.70550   2   1
  88     -2.70550     -5.41100      2.70550   2   1
  89     -5.41100      2.70550     -2.70550   2   1
  90     -5.41100      2.70550      2.70550   2   1
  91     -2.70550      5.41100     -2.70550   2   1
  92     -2.70550      5.41100      2.70550   2   1
  93      2.70550     -5.41100     -2.70550   2   1
  94      2.70550     -5.41100      2.70550   2   1
  95      2.70550      5.41100     -2.70550   2   1
  96      5.41100     -2.70550     -2.70550   2   1
  97      5.41100     -2.70550      2.70550   2   1
  98     -2.70550     -5.41100     -2.70550   2   1
  99     -5.41100     -2.70550     -2.70550   2   1
 100     -2.70550      2.70550     -5.41100   2   1
 101     -2.70550      2.70550      5.41100   2   1
 102      2.70550     -2.70550     -5.41100   2   1
 103      2.70550     -2.70550      5.41100   2   1
 104      2.70550      2.70550     -5.41100   2   1
 105      2.70550      2.70550      5.41100   2   1
 106      2.70550      5.41100      2.70550   2   1
 107      5.41100      2.70550     -2.70550   2   1
 108     -2.70550     -2.70550     -5.41100   2   1
 109      5.41100      2.70550      2.70550   2   1
 110      1.35275      6.76375     -1.35275   1   1
 111     -1.35275      6.76375      1.35275   1   1
 112      6.76375     -1.35275      1.35275   1   1
 113     -1.35275      1.35275      6.76375   1   1
 114     -6.76375      1.35275      1.35275   1   1
 115      1.35275     -6.76375      1.35275   1   1
 116      6.76375      1.35275     -1.35275   1   1
 117      1.35275     -1.35275      6.76375   1   1
 118     -4.05825     -4.05825      4.05825   1   1
 119     -6.76375     -1.35275     -1.35275   1   1
 120     -4.05825      4.05825     -4.05825   1   1
 121     -1.35275     -6.76375     -1.35275   1   1
 122     -1.35275     -1.35275     -6.76375   1   1
 123      1.35275      1.35275     -6.76375   1   1
 124      4.05825     -4.05825     -4.05825   1   1
 125      4.05825      4.05825      4.05825   1   1
 126     -5.41100     -5.41100      0.00000   2   1
 127     -5.41100      0.00000     -5.41100   2   1
 128     -5.41100      0.00000      5.41100   2   1
 129     -5.41100      5.41100      0.00000   2   1
 130      0.00000     -5.41100     -5.41100   2   1
 131      0.00000     -5.41100      5.41100   2   1
 132      0.00000      5.41100     -5.41100   2   1
 133      0.00000      5.41100      5.41100   2   1
 134      5.41100     -5.41100      0.00000   2   1
 135      5.41100      0.00000     -5.41100   2   1
 136      5.41100      0.00000      5.41100   2   1
 137      5.41100      5.41100      0.00000   2   1
 138      1.35275      6.76375      4.05825   1   1
 139     -4.05825      1.35275     -6.76375   1   1
 140     -6.76375      1.35275     -4.05825   1   1
 141     -6.76375     -1.35275      4.05825   1   1
 142     -4.05825     -1.35275      6.76375   1   1
 143     -6.76375      4.05825     -1.35275   1   1
 144     -4.05825      6.76375     -1.35275   1   1
 145      1.35275     -4.05825     -6.76375   1   1
 146      1.35275     -6.76375     -4.05825   1   1
 147     -1.35275     -6.76375      4.05825   1   1
 148     -1.35275     -4.05825      6.76375   1   1
 149     -1.35275      4.05825     -6.76375   1   1
 150     -1.35275      6.76375     -4.05825   1   1
 151      1.35275      4.05825      6.76375   1   1
 152      4.05825     -6.76375     -1.35275   1   1
 153      6.76375     -4.05825     -1.35275   1   1
 154      4.05825     -1.35275     -6.76375   1   1
 155      6.76375     -1.35275     -4.05825   1   1
 156      6.76375      1.35275      4.05825   1   1
 157      4.05825      1.35275      6.76375   1   1
 158      6.76375      4.05825      1.35275   1   1
 159      4.05825      6.76375      1.35275   1   1
 160     -6.76375     -4.05825      1.35275   1   1
 161     -4.05825     -6.76375      1.35275   1   1
 162     -2.70550      5.41100     -5.41100   2   1
 163     -5.41100      5.41100     -2.70550   2   1
 164     -5.41100      5.41100      2.70550   2   1
 165     -2.70550      5.41100      5.41100   2   1
 166      0.00000      0.00000     -8.11650   2   1
 167     -8.11650      0.00000      0.00000   2   1
 168      0.00000      0.00000      8.11650   2   1
 169      2.70550      5.41100     -5.41100   2   1
 170      2.70550      5.41100      5.41100   2   1
 171      0.00000      8.11650      0.00000   2   1
 172      8.11650      0.00000      0.00000   2   1
 173     -2.70550     -5.41100      5.41100   2   1
 174     -5.41100     -2.70550      5.41100   2   1
 175     -5.41100      2.70550      5.41100   2   1
 176     -5.41100      2.70550     -5.41100   2   1
 177      2.70550     -5.41100      5.41100   2   1
 178      5.41100     -2.70550     -5.41100   2   1
 179     -5.41100     -5.41100      2.70550   2   1
 180      5.41100     -2.70550      5.41100   2   1
 181      5.41100      2.70550     -5.41100   2   1
 182      5.41100      5.41100     -2.70550   2   1
 183      5.41100      5.41100      2.70550   2   1
 184      5.41100      2.70550      5.41100   2   1
 185     -2.70550     -5.41100     -5.41100   2   1
 186     -5.41100     -5.41100     -2.70550   2   1
 187     -5.41100     -2.70550     -5.41100   2   1
 188      2.70550     -5.41100     -5.41100   2   1
 189      0.00000     -8.11650      0.00000   2   1
 190      5.41100     -5.41100     -2.70550   2   1
 191      5.41100     -5.41100      2.70550   2   1
 192     -2.70550     -8.11650      0.00000   2   1
 193     -8.11650      0.00000     -2.70550   2   1
 194     -2.70550      0.00000     -8.11650   2   1
 195     -8.11650     -2.70550      0.00000   2   1
 196     -2.70550      0.00000      8.11650   2   1
 197     -2.70550      8.11650      0.00000   2   1
 198      0.00000     -8.11650     -2.70550   2   1
 199      2.70550     -8.11650      0.00000   2   1
 200      0.00000     -8.11650      2.70550   2   1
 201      0.00000     -2.70550     -8.11650   2   1
 202     -8.11650      2.70550      0.00000   2   1
 203      0.00000     -2.70550      8.11650   2   1
 204      2.70550      0.00000     -8.11650   2   1
 205      0.00000      2.70550     -8.11650   2   1
 206      2.70550      0.00000      8.11650   2   1
 207      0.00000      2.70550      8.11650   2   1
 208     -8.11650      0.00000      2.70550   2   1
 209      0.00000      8.11650     -2.70550   2   1
 210      2.70550      8.11650      0.00000   2   1
 211      0.00000      8.11650      2.70550   2   1
 212      8.11650     -2.70550      0.00000   2   1
 213      8.11650      0.00000     -2.70550   2   1
 214      8.11650      2.70550      0.00000   2   1
 215      8.11650      0.00000      2.70550   2   1
 216      4.05825      4.05825     -6.76375   1   1
 217      6.76375      4.05825     -4.05825   1   1
 218      4.05825      6.76375     -4.05825   1   1
 219      4.05825     -6.76375      4.05825   1   1
 220      6.76375     -4.05825      4.05825   1   1
 221      4.05825     -4.05825      6.76375   1   1
 222     -6.76375      4.05825      4.05825   1   1
 223     -4.05825      6.76375      4.05825   1   1
 224     -4.05825      4.05825      6.76375   1   1
 225     -4.05825     -6.76375     -4.05825   1   1
 226     -6.76375     -4.05825     -4.05825   1   1
 227     -4.05825     -4.05825     -6.76375   1   1
 228     -2.70550     -2.70550     -8.11650   2   1
 229     -2.70550     -2.70550      8.11650   2   1
 230     -2.70550      2.70550     -8.11650   2   1
 231     -8.11650      2.70550     -2.70550   2   1
 232     -2.70550      2.70550      8.11650   2   1
 233      2.70550     -2.70550     -8.11650   2   1
 234      2.70550     -2.70550      8.11650   2   1
 235      2.70550      2.70550     -8.11650   2   1
 236      2.70550      2.70550      8.11650   2   1
 237     -8.11650     -2.70550      2.70550   2   1
 238     -8.11650      2.70550      2.70550   2   1
 239     -8.11650     -2.70550     -2.70550   2   1
 240     -2.70550      8.11650      2.70550   2   1
 241      2.70550      8.11650     -2.70550   2   1
 242      2.70550      8.11650      2.70550   2   1
 243      8.11650     -2.70550     -2.70550   2   1
 244     -2.70550      8.11650     -2.70550   2   1
 245      8.11650     -2.70550      2.70550   2   1
 246      8.11650      2.70550     -2.70550   2   1
 247      8.11650      2.70550      2.70550   2   1
 248     -2.70550     -8.11650      2.70550   2   1
 249      2.70550     -8.11650      2.70550   2   1
 250      2.70550     -8.11650     -2.70550   2   1
 251     -2.70550     -8.11650     -2.70550   2   1
 252     -5.41100     -5.41100      5.41100   2   1
 253      5.41100      5.41100     -5.41100   2   1
 254     -5.41100     -5.41100     -5.41100   2   1
 255     -5.41100      5.41100     -5.41100   2   1
 256     -5.41100      5.41100      5.41100   2   1
 257      5.41100     -5.41100     -5.41100   2   1
 258      5.41100     -5.41100      5.41100   2   1
 259      5.41100      5.41100      5.41100   2   1
 260     -6.76375     -1.35275     -6.76375   1   1
 261     -6.76375      1.35275      6.76375   1   1
 262     -6.76375      6.76375      1.35275   1   1
 263     -1.35275     -6.76375     -6.76375   1   1
 264      1.35275     -6.76375      6.76375   1   1
 265      1.35275     -1.35275     -9.46925   1   1
 266     -1.35275      1.35275     -9.46925   1   1
 267     -1.35275     -1.35275      9.46925   1   1
 268      1.35275      1.35275      9.46925   1   1
 269      1.35275      6.76375     -6.76375   1   1
 270     -1.35275      6.76375      6.76375   1   1
 271      6.76375     -6.76375      1.35275   1   1
 272      6.76375      1.35275     -6.76375   1   1
 273      6.76375     -1.35275      6.76375   1   1
 274      6.76375      6.76375     -1.35275   1   1
 275      1.35275     -9.46925     -1.35275   1   1
 276     -1.35275      9.46925     -1.35275   1   1
 277      1.35275      9.46925      1.35275   1   1
 278     -1.35275     -9.46925      1.35275   1   1
 279     -9.46925      1.35275     -1.35275   1   1
 280     -9.46925     -1.35275      1.35275   1   1
 281     -6.76375     -6.76375     -1.35275   1   1
 282      9.46925     -1.35275     -1.35275   1   1
 283      9.46925      1.35275      1.35275   1   1
 284      0.00000      5.41100     -8.11650   2   1
 285      0.00000      5.41100      8.11650   2   1
 286     -8.11650      0.00000      5.41100   2   1
 287     -8.11650      5.41100      0.00000   2   1
 288     -5.41100      0.00000     -8.11650   2   1
 289     -5.41100      0.00000      8.11650   2   1
 290     -5.41100      8.11650      0.00000   2   1
 291      0.00000     -5.41100     -8.11650   2   1
 292     -8.11650      0.00000     -5.41100   2   1
 293      0.00000     -5.41100      8.11650   2   1
 294     -8.11650     -5.41100      0.00000   2   1
 295      0.00000      8.11650     -5.41100   2   1
 296      0.00000      8.11650      5.41100   2   1
 297      8.11650     -5.41100      0.00000   2   1
 298      5.41100      0.00000     -8.11650   2   1
 299      8.11650      0.00000     -5.41100   2   1
 300      8.11650      0.00000      5.41100   2   1
 301      5.41100      0.00000      8.11650   2   1
 302      8.11650      5.41100      0.00000   2   1
 303      5.41100      8.11650      0.00000   2   1
 304      0.00000     -8.11650      5.41100   2   1
 305     -5.41100     -8.11650      0.00000   2   1
 306      0.00000     -8.11650     -5.41100   2   1
 307      5.41100     -8.11650      0.00000   2   1
 308     -5.41100     -8.11650      2.70550   2   1
 309     -8.11650      2.70550      5.41100   2   1
 310     -2.70550     -8.11650      5.41100   2   1
 311     -2.70550     -5.41100     -8.11650   2   1
 312     -5.41100     -2.70550     -8.11650   2   1
 313     -2.70550     -5.41100      8.11650   2   1
 314     -5.41100     -2.70550      8.11650   2   1
 315     -5.41100      2.70550     -8.11650   2   1
 316     -5.41100      2.70550      8.11650   2   1
 317     -2.70550      5.41100     -8.11650   2   1
 318     -2.70550      8.11650     -5.41100   2   1
 319     -8.11650     -5.41100      2.70550   2   1
 320     -2.70550      8.11650      5.41100   2   1
 321     -2.70550      5.41100      8.11650   2   1
 322     -8.11650      5.41100     -2.70550   2   1
 323      2.70550     -8.11650      5.41100   2   1
 324      2.70550     -5.41100     -8.11650   2   1
 325     -8.11650     -2.70550      5.41100   2   1
 326      2.70550     -5.41100      8.11650   2   1
 327      2.70550      5.41100     -8.11650   2   1
 328      2.70550      8.11650     -5.41100   2   1
 329     -8.11650      5.41100      2.70550   2   1
 330      2.70550      8.11650      5.41100   2   1
 331      2.70550      5.41100      8.11650   2   1
 332      5.41100     -2.70550     -8.11650   2   1
 333      8.11650     -2.70550     -5.41100   2   1
 334      8.11650     -2.70550      5.41100   2   1
 335      5.41100     -2.70550      8.11650   2   1
 336      5.41100      2.70550     -8.11650   2   1
 337      8.11650      2.70550     -5.41100   2   1
 338      8.11650      2.70550      5.41100   2   1
 339      5.41100      2.70550      8.11650   2   1
 340      8.11650      5.41100     -2.70550   2   1
 341      5.41100      8.11650     -2.70550   2   1
 342     -8.11650     -2.70550     -5.41100   2   1
 343     -8.11650     -5.41100     -2.70550   2   1
 344     -2.70550     -8.11650     -5.41100   2   1
 345     -5.41100      8.11650     -2.70550   2   1
 346     -5.41100      8.11650      2.70550   2   1
 347     -5.41100     -8.11650     -2.70550   2   1
 348      2.70550     -8.11650     -5.41100   2   1
 349     -8.11650      2.70550     -5.41100   2   1
 350      5.41100     -8.11650     -2.70550   2   1
 351      5.41100     -8.11650      2.70550   2   1
 352      8.11650     -5.41100     -2.70550   2   1
 353      8.11650     -5.41100      2.70550   2   1
 354      8.11650      5.41100      2.70550   2   1
 355      5.41100      8.11650      2.70550   2   1
 356     -6.76375     -6.76375      4.05825   1   1
 357     -6.76375      6.76375     -4.05825   1   1
 358      1.35275     -9.46925      4.05825   1   1
 359     -9.46925      4.05825      1.35275   1   1
 360      1.35275      9.46925     -4.05825   1   1
 361      6.76375     -6.76375     -4.05825   1   1
 362     -9.46925      1.35275      4.05825   1   1
 363      6.76375      6.76375      4.05825   1   1
 364      9.46925     -4.05825      1.35275   1   1
 365      9.46925      1.35275     -4.05825   1   1
 366     -1.35275     -9.46925     -4.05825   1   1
 367     -4.05825     -6.76375      6.76375   1   1
 368     -1.35275     -4.05825     -9.46925   1   1
 369     -4.05825     -9.46925     -1.35275   1   1
 370      1.35275     -4.05825      9.46925   1   1
 371     -6.76375     -4.05825      6.76375   1   1
 372      1.35275      4.05825     -9.46925   1   1
 373     -1.35275      4.05825      9.46925   1   1
 374     -4.05825     -1.35275     -9.46925   1   1
 375     -1.35275      9.46925      4.05825   1   1
 376      4.05825     -9.46925      1.35275   1   1
 377      4.05825     -6.76375     -6.76375   1   1
 378      6.76375     -4.05825     -6.76375   1   1
 379     -4.05825      1.35275      9.46925   1   1
 380      4.05825      1.35275     -9.46925   1   1
 381     -9.46925     -1.35275     -4.05825   1   1
 382     -6.76375      4.05825     -6.76375   1   1
 383      4.05825     -1.35275      9.46925   1   1
 384     -4.05825      6.76375     -6.76375   1   1
 385      6.76375      4.05825      6.76375   1   1
 386      4.05825      6.76375      6.76375   1   1
 387      4.05825      9.46925     -1.35275   1   1
 388     -9.46925     -4.05825     -1.35275   1   1
 389     -4.05825      9.46925      1.35275   1   1
 390      9.46925     -1.35275      4.05825   1   1
 391      9.46925      4.05825     -1.35275   1   1
 392      0.00000    -10.82200      0.00000   2   1
 393    -10.82200      0.00000      0.00000   2   1
 394      0.00000      0.00000    -10.82200   2   1
 395      0.00000      0.00000     10.82200   2   1
 396      0.00000     10.82200      0.00000   2   1
 397     10.82200      0.00000      0.00000   2   1
 398     -9.46925      4.05825     -4.05825   1   1
 399     -9.46925     -4.05825      4.05825   1   1
 400     -4.05825     -9.46925      4.05825   1   1
 401      4.05825      4.05825      9.46925   1   1
 402      9.46925     -4.05825     -4.05825   1   1
 403     -4.05825      4.05825     -9.46925   1   1
 404     -4.05825      9.46925     -4.05825   1   1
 405      4.05825     -9.46925     -4.05825   1   1
 406      4.05825      9.46925      4.05825   1   1
 407      4.05825     -4.05825     -9.46925   1   1
 408      9.46925      4.05825      4.05825   1   1
 409     -4.05825     -4.05825      9.46925   1   1
 410     -8.11650      5.41100      5.41100   2   1
 411     -5.41100      5.41100     -8.11650   2   1
 412     -8.11650      5.41100     -5.41100   2   1
 413     -5.41100      5.41100      8.11650   2   1
 414     -5.41100      8.11650     -5.41100   2   1
 415     -5.41100      8.11650      5.41100   2   1
 416      0.00000      2.70550    -10.82200   2   1
 417     -8.11650     -5.41100      5.41100   2   1
 418      0.00000      2.70550     10.82200   2   1
 419    -10.82200      2.70550      0.00000   2   1
 420      8.11650     -5.41100     -5.41100   2   1
 421      8.11650     -5.41100      5.41100   2   1
 422    -10.82200      0.00000      2.70550   2   1
 423      5.41100      5.41100     -8.11650   2   1
 424      8.11650      5.41100     -5.41100   2   1
 425      8.11650      5.41100      5.41100   2   1
 426      5.41100      5.41100      8.11650   2   1
 427      5.41100      8.11650     -5.41100   2   1
 428     10.82200     -2.70550      0.00000   2   1
 429     -8.11650     -5.41100     -5.41100   2   1
 430      0.00000     10.82200     -2.70550   2   1
 431      2.70550     10.82200      0.00000   2   1
 432      0.00000     10.82200      2.70550   2   1
 433     -5.41100     -5.41100      8.11650   2   1
 434      5.41100     -5.41100     -8.11650   2   1
 435      0.00000     -2.70550    -10.82200   2   1
 436      2.70550      0.00000    -10.82200   2   1
 437      5.41100     -5.41100      8.11650   2   1
 438    -10.82200     -2.70550      0.00000   2   1
 439    -10.82200      0.00000     -2.70550   2   1
 440     -2.70550      0.00000    -10.82200   2   1
 441      0.00000     -2.70550     10.82200   2   1
 442      2.70550      0.00000     10.82200   2   1
 443     -2.70550      0.00000     10.82200   2   1
 444      5.41100      8.11650      5.41100   2   1
 445     10.82200      0.00000     -2.70550   2   1
 446     -2.70550     10.82200      0.00000   2   1
 447     10.82200      0.00000      2.70550   2   1
 448     10.82200      2.70550      0.00000   2   1
 449     -5.41100     -8.11650      5.41100   2   1
 450      5.41100     -8.11650      5.41100   2   1
 451      5.41100     -8.11650     -5.41100   2   1
 452     -5.41100     -8.11650     -5.41100   2   1
 453     -5.41100     -5.41100     -8.11650   2   1
 454     -8.11650      0.00000      8.11650   2   1
 455      0.00000     -8.11650     -8.11650   2   1
 456      0.00000     -8.11650      8.11650   2   1
 457      0.00000      8.11650     -8.11650   2   1
 458    -10.82200      2.70550      2.70550   2   1
 459     -8.11650      8.11650      0.00000   2   1
 460      0.00000      8.11650      8.11650   2   1
 461     -8.11650      0.00000     -8.11650   2   1
 462      8.11650     -8.11650      0.00000   2   1
 463      8.11650      0.00000     -8.11650   2   1
 464      8.11650      0.00000      8.11650   2   1
 465     -8.11650     -8.11650      0.00000   2   1
 466      8.11650      8.11650      0.00000   2   1
 467     10.82200     -2.70550     -2.70550   2   1
 468     10.82200     -2.70550      2.70550   2   1
 469     -2.70550      2.70550     10.82200   2   1
 470     -2.70550    -10.82200     -2.70550   2   1
 471    -10.82200     -2.70550      2.70550   2   1
 472     -2.70550     10.82200     -2.70550   2   1
 473     -2.70550     10.82200      2.70550   2   1
 474     -2.70550     -2.70550    -10.82200   2   1
 475      2.70550    -10.82200     -2.70550   2   1
 476    -10.82200     -2.70550     -2.70550   2   1
 477      2.70550    -10.82200      2.70550   2   1
 478      2.70550     -2.70550    -10.82200   2   1
 479      2.70550     -2.70550     10.82200   2   1
 480     -2.70550      2.70550    -10.82200   2   1
 481      2.70550      2.70550    -10.82200   2   1
 482      2.70550      2.70550     10.82200   2   1
 483     -2.70550    -10.82200      2.70550   2   1
 484      2.70550     10.82200     -2.70550   2   1
 485      2.70550     10.82200      2.70550   2   1
 486    -10.82200      2.70550     -2.70550   2   1
 487     -2.70550     -2.70550     10.82200   2   1
 488     10.82200      2.70550     -2.70550   2   1
 489     10.82200      2.70550      2.70550   2   1
 490     -6.76375      6.76375      6.76375   1   1
 491      6.76375     -6.76375      6.76375   1   1
 492      6.76375      6.76375     -6.76375   1   1
 493     -6.76375      9.46925     -1.35275   1   1
 494     -6.76375     -1.35275      9.46925   1   1
 495     -1.35275     -9.46925      6.76375   1   1
 496      1.35275     -6.76375     -9.46925   1   1
 497     -1.35275     -6.76375      9.46925   1   1
 498     -6.76375      1.35275     -9.46925   1   1
 499     -9.46925      6.76375     -1.35275   1   1
 500     -1.35275      6.76375     -9.46925   1   1
 501     -6.76375     -9.46925      1.35275   1   1
 502      1.35275      6.76375      9.46925   1   1
 503     -1.35275      9.46925     -6.76375   1   1
 504      6.76375     -9.46925     -1.35275   1   1
 505      6.76375     -1.35275     -9.46925   1   1
 506     -9.46925     -1.35275      6.76375   1   1
 507      6.76375      1.35275      9.46925   1   1
 508      6.76375      9.46925      1.35275   1   1
 509      9.46925     -6.76375     -1.35275   1   1
 510      9.46925     -1.35275     -6.76375   1   1
 511      1.35275     -9.46925     -6.76375   1   1
 512      1.35275      9.46925      6.76375   1   1
 513     -6.76375     -6.76375     -6.76375   1   1
 514     -9.46925      1.35275     -6.76375   1   1
 515     -9.46925     -6.76375      1.35275   1   1
 516      9.46925      1.35275      6.76375   1   1
 517      9.46925      6.76375      1.35275   1   1
 518     -8.11650      8.11650     -2.70550   2   1
 519     -8.11650      8.11650      2.70550   2   1
 520     -2.70550      8.11650      8.11650   2   1
 521      2.70550      8.11650     -8.11650   2   1
 522      2.70550      8.11650      8.11650   2   1
 523      8.11650     -2.70550     -8.11650   2   1
 524     -2.70550      8.11650     -8.11650   2   1
 525      8.11650     -2.70550      8.11650   2   1
 526      8.11650      2.70550     -8.11650   2   1
 527     -8.11650     -2.70550      8.11650   2   1
 528     -8.11650      2.70550     -8.11650   2   1
 529     -8.11650      2.70550      8.11650   2   1
 530      8.11650      2.70550      8.11650   2   1
 531      8.11650      8.11650     -2.70550   2   1
 532      8.11650      8.11650      2.70550   2   1
 533     -8.11650     -8.11650      2.70550   2   1
 534      8.11650     -8.11650     -2.70550   2   1
 535      8.11650     -8.11650      2.70550   2   1
 536      2.70550     -8.11650     -8.11650   2   1
 537     -2.70550     -8.11650     -8.11650   2   1
 538      2.70550     -8.11650      8.11650   2   1
 539     -8.11650     -2.70550     -8.11650   2   1
 540     -8.11650     -8.11650     -2.70550   2   1
 541     -2.70550     -8.11650      8.11650   2   1
 542     -5.41100     10.82200      0.00000   2   1
 543     -5.41100      0.00000     10.82200   2   1
 544      0.00000    -10.82200      5.41100   2   1
 545      0.00000     -5.41100    -10.82200   2   1
 546      0.00000     -5.41100     10.82200   2   1
 547     -5.41100      0.00000    -10.82200   2   1
 548      0.00000      5.41100    -10.82200   2   1
 549    -10.82200      5.41100      0.00000   2   1
 550     -5.41100    -10.82200      0.00000   2   1
 551      0.00000      5.41100     10.82200   2   1
 552      0.00000     10.82200     -5.41100   2   1
 553      5.41100    -10.82200      0.00000   2   1
 554      5.41100      0.00000    -10.82200   2   1
 555      5.41100      0.00000     10.82200   2   1
 556    -10.82200      0.00000      5.41100   2   1
 557      5.41100     10.82200      0.00000   2   1
 558     10.82200     -5.41100      0.00000   2   1
 559     10.82200      0.00000     -5.41100   2   1
 560      0.00000    -10.82200     -5.41100   2   1
 561      0.00000     10.82200      5.41100   2   1
 562    -10.82200     -5.41100      0.00000   2   1
 563    -10.82200      0.00000     -5.41100   2   1
 564     10.82200      0.00000      5.41100   2   1
 565     10.82200      5.41100      0.00000   2   1
 566     -6.76375      9.46925      4.05825   1   1
 567     -9.46925      6.76375      4.05825   1   1
 568      6.76375     -9.46925      4.05825   1   1
 569     -9.46925      4.05825      6.76375   1   1
 570      6.76375      9.46925     -4.05825   1   1
 571      9.46925     -6.76375      4.05825   1   1
 572      9.46925     -4.05825      6.76375   1   1
 573     -4.05825      9.46925      6.76375   1   1
 574     -1.35275     -1.35275    -12.17475   1   1
 575      1.35275      1.35275    -12.17475   1   1
 576      1.35275     -1.35275     12.17475   1   1
 577     -1.35275      1.35275     12.17475   1   1
 578    -12.17475     -1.35275     -1.35275   1   1
 579      1.35275     12.17475     -1.35275   1   1
 580     -1.35275     12.17475      1.35275   1   1
 581     -4.05825     -6.76375     -9.46925   1   1
 582      4.05825     -9.46925      6.76375   1   1
 583     -9.46925     -4.05825     -6.76375   1   1
 584     -1.35275    -12.17475     -1.35275   1   1
 585      4.05825     -6.76375      9.46925   1   1
 586      6.76375     -4.05825      9.46925   1   1
 587     -4.05825     -9.46925     -6.76375   1   1
 588     -6.76375     -9.46925     -4.05825   1   1
 589     -6.76375      4.05825      9.46925   1   1
 590     -4.05825      6.76375      9.46925   1   1
 591      6.76375      4.05825     -9.46925   1   1
 592      4.05825      6.76375     -9.46925   1   1
 593      4.05825      9.46925     -6.76375   1   1
 594      1.35275    -12.17475      1.35275   1   1
 595     -6.76375     -4.05825     -9.46925   1   1
 596    -12.17475      1.35275      1.35275   1   1
 597     12.17475      1.35275     -1.35275   1   1
 598     12.17475     -1.35275      1.35275   1   1
 599      9.46925      4.05825     -6.76375   1   1
 600      9.46925      6.76375     -4.05825   1   1
 601     -9.46925     -6.76375     -4.05825   1   1
 602     -2.70550      5.41100     10.82200   2   1
 603      2.70550      5.41100    -10.82200   2   1
 604     -2.70550      5.41100    -10.82200   2   1
 605      2.70550      5.41100     10.82200   2   1
 606     -2.70550     -5.41100     10.82200   2   1
 607     -5.41100     10.82200     -2.70550   2   1
 608    -10.82200      2.70550      5.41100   2   1
 609    -10.82200      5.41100      2.70550   2   1
 610      5.41100     10.82200     -2.70550   2   1
 611     10.82200     -2.70550     -5.41100   2   1
 612     10.82200     -2.70550      5.41100   2   1
 613     10.82200      5.41100     -2.70550   2   1
 614     -5.41100     10.82200      2.70550   2   1
 615      2.70550     10.82200     -5.41100   2   1
 616    -10.82200      5.41100     -2.70550   2   1
 617    -10.82200      2.70550     -5.41100   2   1
 618      2.70550     -5.41100    -10.82200   2   1
 619      2.70550     10.82200      5.41100   2   1
 620     -5.41100     -2.70550    -10.82200   2   1
 621      5.41100     -2.70550    -10.82200   2   1
 622     -5.41100      2.70550     10.82200   2   1
 623      5.41100     -2.70550     10.82200   2   1
 624      5.41100      2.70550    -10.82200   2   1
 625     -2.70550     10.82200      5.41100   2   1
 626     -5.41100      2.70550    -10.82200   2   1
 627    -10.82200     -5.41100      2.70550   2   1
 628      5.41100      2.70550     10.82200   2   1
 629    -10.82200     -5.41100     -2.70550   2   1
 630      5.41100     10.82200      2.70550   2   1
 631     10.82200     -5.41100     -2.70550   2   1
 632     10.82200     -5.41100      2.70550   2   1
 633    -10.82200     -2.70550      5.41100   2   1
 634     -5.41100     -2.70550     10.82200   2   1
 635    -10.82200     -2.70550     -5.41100   2   1
 636     10.82200      2.70550     -5.41100   2   1
 637      2.70550     -5.41100     10.82200   2   1
 638     10.82200      5.41100      2.70550   2   1
 639     -2.70550     10.82200     -5.41100   2   1
 640     10.82200      2.70550      5.41100   2   1
 641     -2.70550     -5.41100    -10.82200   2   1
 642     -5.41100     -8.11650      8.11650   2   1
 643     -8.11650     -8.11650      5.41100   2   1
 644     -8.11650     -5.41100      8.11650   2   1
 645     -8.11650      8.11650     -5.41100   2   1
 646      5.41100     -8.11650     -8.11650   2   1
 647      8.11650     -8.11650     -5.41100   2   1
 648      8.11650     -8.11650      5.41100   2   1
 649      5.41100     -8.11650      8.11650   2   1
 650      8.11650     -5.41100     -8.11650   2   1
 651     -5.41100      8.11650      8.11650   2   1
 652      8.11650     -5.41100      8.11650   2   1
 653     -8.11650      5.41100     -8.11650   2   1
 654      8.11650      5.41100     -8.11650   2   1
 655      5.41100      8.11650     -8.11650   2   1
 656     -8.11650      8.11650      5.41100   2   1
 657     -8.11650      5.41100      8.11650   2   1
 658      8.11650      8.11650     -5.41100   2   1
 659     -5.41100      8.11650     -8.11650   2   1
 660     -8.11650     -8.11650     -5.41100   2   1
 661      8.11650      8.11650      5.41100   2   1
 662     -8.11650     -5.41100     -8.11650   2   1
 663     -5.41100     -8.11650     -8.11650   2   1
 664      8.11650      5.41100      8.11650   2   1
 665      5.41100      8.11650      8.11650   2   1
 666     -4.05825      1.35275    -12.17475   1   1
 667     -1.35275     -4.05825     12.17475   1   1
 668    -12.17475      4.05825     -1.35275   1   1
 669     -1.35275      4.05825    -12.17475   1   1
 670      1.35275      4.05825     12.17475   1   1
 671     -1.35275     12.17475     -4.05825   1   1
 672      1.35275     -4.05825    -12.17475   1   1
 673      4.05825    -12.17475     -1.35275   1   1
 674      4.05825     -1.35275    -12.17475   1   1
 675    -12.17475     -1.35275      4.05825   1   1
 676     -4.05825     -1.35275     12.17475   1   1
 677      4.05825      1.35275     12.17475   1   1
 678      4.05825     12.17475      1.35275   1   1
 679     12.17475     -4.05825     -1.35275   1   1
 680     12.17475     -1.35275     -4.05825   1   1
 681     -1.35275    -12.17475      4.05825   1   1
 682     -4.05825     12.17475     -1.35275   1   1
 683     -4.05825    -12.17475      1.35275   1   1
 684      1.35275    -12.17475     -4.05825   1   1
 685      1.35275     12.17475      4.05825   1   1
 686    -12.17475     -4.05825      1.35275   1   1
 687    -12.17475      1.35275     -4.05825   1   1
 688     12.17475      1.35275      4.05825   1   1
 689     12.17475      4.05825      1.35275   1   1
 690      5.41100    -10.82200     -5.41100   2   1
 691     -5.41100     10.82200      5.41100   2   1
 692      5.41100    -10.82200      5.41100   2   1
 693    -10.82200      5.41100      5.41100   2   1
 694    -10.82200      5.41100     -5.41100   2   1
 695     -5.41100    -10.82200      5.41100   2   1
 696      5.41100     10.82200     -5.41100   2   1
 697     -5.41100     10.82200     -5.41100   2   1
 698     10.82200     -5.41100     -5.41100   2   1
 699     10.82200     -5.41100      5.41100   2   1
 700     -5.41100      5.41100     10.82200   2   1
 701     -5.41100     -5.41100    -10.82200   2   1
 702     -5.41100      5.41100    -10.82200   2   1
 703     -5.41100     -5.41100     10.82200   2   1
 704    -10.82200     -5.41100      5.41100   2   1
 705      5.41100     -5.41100    -10.82200   2   1
 706      5.41100     -5.41100     10.82200   2   1
 707      5.41100      5.41100    -10.82200   2   1
 708      5.41100      5.41100     10.82200   2   1
 709      5.41100     10.82200      5.41100   2   1
 710     -5.41100    -10.82200     -5.41100   2   1
 711     10.82200      5.41100     -5.41100   2   1
 712    -10.82200     -5.41100     -5.41100   2   1
 713     10.82200      5.41100      5.41100   2   1
 714     -6.76375      6.76375     -9.46925   1   1
 715      4.05825    -12.17475      4.05825   1   1
 716      6.76375     -6.76375     -9.46925   1   1
 717    -12.17475      4.05825      4.05825   1   1
 718     -6.76375     -9.46925      6.76375   1   1
 719      6.76375      6.76375      9.46925   1   1
 720      4.05825     12.17475     -4.05825   1   1
 721     12.17475     -4.05825      4.05825   1   1
 722     -9.46925      6.76375     -6.76375   1   1
 723     -9.46925     -1.35275     -9.46925   1   1
 724     -9.46925     -9.46925     -1.35275   1   1
 725     -4.05825     12.17475      4.05825   1   1
 726      1.35275      9.46925     -9.46925   1   1
 727     -1.35275      9.46925      9.46925   1   1
 728      6.76375     -9.46925     -6.76375   1   1
 729     -9.46925      9.46925      1.35275   1   1
 730     -6.76375      9.46925     -6.76375   1   1
 731      1.35275     -9.46925      9.46925   1   1
 732      4.05825     -4.05825     12.17475   1   1
 733     -6.76375     -6.76375      9.46925   1   1
 734      4.05825      4.05825    -12.17475   1   1
 735     -4.05825      4.05825     12.17475   1   1
 736     -9.46925      1.35275      9.46925   1   1
 737      6.76375      9.46925      6.76375   1   1
 738      9.46925     -9.46925      1.35275   1   1
 739      9.46925     -6.76375     -6.76375   1   1
 740     -1.35275     -9.46925     -9.46925   1   1
 741      9.46925      1.35275     -9.46925   1   1
 742      9.46925     -1.35275      9.46925   1   1
 743     12.17475      4.05825     -4.05825   1   1
 744     -4.05825     -4.05825    -12.17475   1   1
 745      9.46925      9.46925     -1.35275   1   1
 746     -4.05825    -12.17475     -4.05825   1   1
 747     -9.46925     -6.76375      6.76375   1   1
 748      9.46925      6.76375      6.76375   1   1
 749    -12.17475     -4.05825     -4.05825   1   1
 750      0.00000      8.11650    -10.82200   2   1
 751      0.00000     10.82200     -8.11650   2   1
 752      0.00000     10.82200      8.11650   2   1
 753      0.00000      8.11650     10.82200   2   1
 754      0.00000     13.52750      0.00000   2   1
 755      8.11650      0.00000    -10.82200   2   1
 756     -8.11650      0.00000     10.82200   2   1
 757    -10.82200      0.00000      8.11650   2   1
 758      8.11650      0.00000     10.82200   2   1
 759    -10.82200      8.11650      0.00000   2   1
 760     -8.11650     10.82200      0.00000   2   1
 761      8.11650     10.82200      0.00000   2   1
 762     10.82200      0.00000     -8.11650   2   1
 763     10.82200      0.00000      8.11650   2   1
 764      0.00000      0.00000     13.52750   2   1
 765     13.52750      0.00000      0.00000   2   1
 766     -8.11650      0.00000    -10.82200   2   1
 767      0.00000     -8.11650     10.82200   2   1
 768    -10.82200      0.00000     -8.11650   2   1
 769     10.82200     -8.11650      0.00000   2   1
 770      0.00000     -8.11650    -10.82200   2   1
 771    -10.82200     -8.11650      0.00000   2   1
 772     10.82200      8.11650      0.00000   2   1
 773     -8.11650     -2.70550     10.82200   2   1
 774      8.11650    -10.82200     -2.70550   2   1
 775      8.11650    -10.82200      2.70550   2   1
 776    -10.82200     -8.11650      2.70550   2   1
 777    -10.82200      8.11650      2.70550   2   1
 778     -8.11650     10.82200      2.70550   2   1
 779     -2.70550     -8.11650     10.82200   2   1
 780     -8.11650     10.82200     -2.70550   2   1
 781     -8.11650    -10.82200      2.70550   2   1
 782      8.11650     10.82200     -2.70550   2   1
 783     10.82200     -8.11650     -2.70550   2   1
 784     10.82200     -8.11650      2.70550   2   1
 785    -10.82200      8.11650     -2.70550   2   1
 786      2.70550      8.11650    -10.82200   2   1
 787     -2.70550      0.00000     13.52750   2   1
 788      2.70550      8.11650     10.82200   2   1
 789      2.70550     10.82200     -8.11650   2   1
 790      0.00000     13.52750     -2.70550   2   1
 791      2.70550     13.52750      0.00000   2   1
 792      0.00000     13.52750      2.70550   2   1
 793      2.70550    -10.82200     -8.11650   2   1
 794    -10.82200      2.70550     -8.11650   2   1
 795     -2.70550      8.11650     10.82200   2   1
 796      2.70550      0.00000     13.52750   2   1
 797      0.00000     -2.70550     13.52750   2   1
 798      0.00000      2.70550     13.52750   2   1
 799      8.11650     -2.70550    -10.82200   2   1
 800     -2.70550     10.82200      8.11650   2   1
 801      8.11650     -2.70550     10.82200   2   1
 802      8.11650      2.70550    -10.82200   2   1
 803     -2.70550     10.82200     -8.11650   2   1
 804     -2.70550     13.52750      0.00000   2   1
 805      8.11650      2.70550     10.82200   2   1
 806      2.70550     -8.11650     10.82200   2   1
 807      2.70550    -10.82200      8.11650   2   1
 808    -10.82200     -2.70550      8.11650   2   1
 809     -8.11650    -10.82200     -2.70550   2   1
 810    -10.82200      2.70550      8.11650   2   1
 811     -8.11650      2.70550     10.82200   2   1
 812     -2.70550    -10.82200      8.11650   2   1
 813      8.11650     10.82200      2.70550   2   1
 814    -10.82200     -8.11650     -2.70550   2   1
 815     10.82200     -2.70550     -8.11650   2   1
 816      2.70550     -8.11650    -10.82200   2   1
 817     -2.70550      8.11650    -10.82200   2   1
 818     13.52750     -2.70550      0.00000   2   1
 819     10.82200     -2.70550      8.11650   2   1
 820     10.82200      2.70550     -8.11650   2   1
 821     -8.11650      2.70550    -10.82200   2   1
 822     13.52750      0.00000     -2.70550   2   1
 823     13.52750      2.70550      0.00000   2   1
 824     13.52750      0.00000      2.70550   2   1
 825      2.70550     10.82200      8.11650   2   1
 826     -2.70550    -10.82200     -8.11650   2   1
 827    -10.82200     -2.70550     -8.11650   2   1
 828     10.82200      2.70550      8.11650   2   1
 829     10.82200      8.11650     -2.70550   2   1
 830     -8.11650     -2.70550    -10.82200   2   1
 831     -2.70550     -8.11650    -10.82200   2   1
 832     10.82200      8.11650      2.70550   2   1
 833     -4.05825     -9.46925      9.46925   1   1
 834     -9.46925     -4.05825      9.46925   1   1
 835      6.76375     -1.35275     12.17475   1   1
 836      1.35275      6.76375    -12.17475   1   1
 837      9.46925     -4.05825     -9.46925   1   1
 838     -9.46925      4.05825     -9.46925   1   1
 839     -9.46925     -9.46925      4.05825   1   1
 840     -1.35275      6.76375     12.17475   1   1
 841      1.35275     12.17475     -6.76375   1   1
 842     -1.35275     12.17475      6.76375   1   1
 843      4.05825     -9.46925     -9.46925   1   1
 844    -12.17475      6.76375      1.35275   1   1
 845      6.76375    -12.17475      1.35275   1   1
 846    -12.17475     -6.76375     -1.35275   1   1
 847      6.76375      1.35275    -12.17475   1   1
 848     -1.35275    -12.17475     -6.76375   1   1
 849     -4.05825      9.46925     -9.46925   1   1
 850    -12.17475      1.35275      6.76375   1   1
 851     -1.35275     -6.76375    -12.17475   1   1
 852      6.76375     12.17475     -1.35275   1   1
 853     -6.76375    -12.17475     -1.35275   1   1
 854      4.05825      9.46925      9.46925   1   1
 855      9.46925     -9.46925     -4.05825   1   1
 856     -6.76375     12.17475      1.35275   1   1
 857     12.17475     -6.76375      1.35275   1   1
 858     12.17475      1.35275     -6.76375   1   1
 859    -12.17475     -1.35275     -6.76375   1   1
 860     -6.76375      1.35275     12.17475   1   1
 861     12.17475     -1.35275      6.76375   1   1
 862      1.35275    -12.17475      6.76375   1   1
 863     -9.46925      9.46925     -4.05825   1   1
 864      1.35275     -6.76375     12.17475   1   1
 865     -6.76375     -1.35275    -12.17475   1   1
 866     12.17475      6.76375     -1.35275   1   1
 867      9.46925      4.05825      9.46925   1   1
 868      9.46925      9.46925      4.05825   1   1
 869      2.70550     13.52750      2.70550   2   1
 870     -2.70550     13.52750      2.70550   2   1
 871     -8.11650      8.11650      8.11650   2   1
 872     -8.11650      8.11650     -8.11650   2   1
 873      8.11650      8.11650     -8.11650   2   1
 874     -2.70550     13.52750     -2.70550   2   1
 875      2.70550     13.52750     -2.70550   2   1
 876     13.52750     -2.70550      2.70550   2   1
 877     13.52750      2.70550     -2.70550   2   1
 878     13.52750     -2.70550     -2.70550   2   1
 879      8.11650     -8.11650     -8.11650   2   1
 880      8.11650     -8.11650      8.11650   2   1
 881     -8.11650     -8.11650     -8.11650   2   1
 882      2.70550      2.70550     13.52750   2   1
 883     -8.11650     -8.11650      8.11650   2   1
 884      8.11650      8.11650      8.11650   2   1
 885      2.70550     -2.70550     13.52750   2   1
 886     -2.70550      2.70550     13.52750   2   1
 887     -2.70550     -2.70550     13.52750   2   1
 888     13.52750      2.70550      2.70550   2   1
 889      4.05825    -12.17475     -6.76375   1   1
 890     -4.05825      6.76375    -12.17475   1   1
 891    -12.17475     -4.05825      6.76375   1   1
 892      4.05825     -6.76375    -12.17475   1   1
 893      6.76375     -4.05825    -12.17475   1   1
 894    -12.17475     -6.76375      4.05825   1   1
 895     -4.05825     -6.76375     12.17475   1   1
 896     -6.76375    -12.17475      4.05825   1   1
 897     -4.05825    -12.17475      6.76375   1   1
 898      6.76375      4.05825     12.17475   1   1
 899      4.05825      6.76375     12.17475   1   1
 900    -12.17475      4.05825     -6.76375   1   1
 901     -6.76375     -4.05825     12.17475   1   1
 902      4.05825     12.17475      6.76375   1   1
 903     12.17475     -4.05825     -6.76375   1   1
 904     -6.76375      4.05825    -12.17475   1   1
 905      6.76375     12.17475      4.05825   1   1
 906     -6.76375     12.17475     -4.05825   1   1
 907    -12.17475      6.76375     -4.05825   1   1
 908      6.76375    -12.17475     -4.05825   1   1
 909     12.17475     -6.76375     -4.05825   1   1
 910     -4.05825     12.17475     -6.76375   1   1
 911     12.17475      6.76375      4.05825   1   1
 912     12.17475      4.05825      6.76375   1   1
 913    -10.82200      8.11650     -5.41100   2   1
 914     -8.11650     10.82200     -5.41100   2   1
 915     -8.11650     -5.41100     10.82200   2   1
 916      8.11650     10.82200     -5.41100   2   1
 917      5.41100     13.52750      0.00000   2   1
 918    -10.82200      8.11650      5.41100   2   1
 919     -8.11650     10.82200      5.41100   2   1
 920      0.00000     13.52750     -5.41100   2   1
 921     -5.41100     13.52750      0.00000   2   1
 922    -10.82200      5.41100      8.11650   2   1
 923      8.11650     -5.41100     10.82200   2   1
 924    -10.82200      5.41100     -8.11650   2   1
 925     -8.11650      5.41100     10.82200   2   1
 926      5.41100      0.00000     13.52750   2   1
 927      8.11650      5.41100    -10.82200   2   1
 928     -5.41100     10.82200      8.11650   2   1
 929     -8.11650      5.41100    -10.82200   2   1
 930      8.11650      5.41100     10.82200   2   1
 931      5.41100      8.11650    -10.82200   2   1
 932      5.41100     10.82200     -8.11650   2   1
 933     -5.41100     10.82200     -8.11650   2   1
 934    -10.82200     -5.41100      8.11650   2   1
 935      0.00000      5.41100     13.52750   2   1
 936     -5.41100      0.00000     13.52750   2   1
 937      8.11650     10.82200      5.41100   2   1
 938      5.41100     10.82200      8.11650   2   1
 939      0.00000     13.52750      5.41100   2   1
 940      5.41100      8.11650     10.82200   2   1
 941     10.82200     -5.41100     -8.11650   2   1
 942     10.82200     -5.41100      8.11650   2   1
 943     13.52750      0.00000     -5.41100   2   1
 944     13.52750      0.00000      5.41100   2   1
 945     10.82200      5.41100     -8.11650   2   1
 946     -5.41100     -8.11650     10.82200   2   1
 947     -5.41100      8.11650    -10.82200   2   1
 948     13.52750      5.41100      0.00000   2   1
 949     -5.41100      8.11650     10.82200   2   1
 950      8.11650     -5.41100    -10.82200   2   1
 951     10.82200      5.41100      8.11650   2   1
 952     10.82200     -8.11650      5.41100   2   1
 953      5.41100     -8.11650     10.82200   2   1
 954      5.41100     -8.11650    -10.82200   2   1
 955      0.00000     -5.41100     13.52750   2   1
 956     10.82200     -8.11650     -5.41100   2   1
 957     13.52750     -5.41100      0.00000   2   1
 958     10.82200      8.11650     -5.41100   2   1
 959    -10.82200     -8.11650      5.41100   2   1
 960    -10.82200     -8.11650     -5.41100   2   1
 961     -5.41100     -8.11650    -10.82200   2   1
 962     -8.11650     -5.41100    -10.82200   2   1
 963    -10.82200     -5.41100     -8.11650   2   1
 964     10.82200      8.11650      5.41100   2   1
 965     -5.41100     13.52750      2.70550   2   1
 966     -2.70550     13.52750      5.41100   2   1
 967      5.41100     13.52750     -2.70550   2   1
 968     13.52750     -2.70550     -5.41100   2   1
 969     13.52750     -5.41100     -2.70550   2   1
 970     -2.70550     13.52750     -5.41100   2   1
 971     13.52750     -5.41100      2.70550   2   1
 972     13.52750     -2.70550      5.41100   2   1
 973     -5.41100     13.52750     -2.70550   2   1
 974      2.70550     13.52750     -5.41100   2   1
 975     13.52750      2.70550     -5.41100   2   1
 976      2.70550      5.41100     13.52750   2   1
 977      5.41100      2.70550     13.52750   2   1
 978     -2.70550      5.41100     13.52750   2   1
 979      2.70550     13.52750      5.41100   2   1
 980     -2.70550     -5.41100     13.52750   2   1
 981      2.70550     -5.41100     13.52750   2   1
 982     -5.41100      2.70550     13.52750   2   1
 983     -5.41100     -2.70550     13.52750   2   1
 984      5.41100     -2.70550     13.52750   2   1
 985      5.41100     13.52750      2.70550   2   1
 986     13.52750      2.70550      5.41100   2   1
 987     13.52750      5.41100     -2.70550   2   1
 988     13.52750      5.41100      2.70550   2   1
 989     -9.46925      9.46925      6.76375   1   1
 990     -9.46925      6.76375      9.46925   1   1
 991     -6.76375      9.46925      9.46925   1   1
 992      6.76375      9.46925     -9.46925   1   1
 993      9.46925     -9.46925      6.76375   1   1
 994      6.76375     -9.46925      9.46925   1   1
 995      9.46925     -6.76375      9.46925   1   1
 996      9.46925      6.76375     -9.46925   1   1
 997      9.46925      9.46925     -6.76375   1   1
 998     -9.46925     -9.46925     -6.76375   1   1
 999     -9.46925     -6.76375     -9.46925   1   1
1000     -6.76375     -9.46925     -9.46925   1   1
1001      0.00000     10.82200     10.82200   2   1
1002      0.00000    -10.82200     10.82200   2   1
1003    -10.82200    -10.82200      0.00000   2   1
1004      0.00000    -10.82200    -10.82200   2   1
1005    -10.82200      0.00000    -10.82200   2   1
1006    -10.82200      0.00000     10.82200   2   1
1007     10.82200    -10.82200      0.00000   2   1
1008    -10.82200     10.82200      0.00000   2   1
1009      0.00000     10.82200    -10.82200   2   1
1010     10.82200      0.00000    -10.82200   2   1
1011     10.82200      0.00000     10.82200   2   1
1012     10.82200     10.82200      0.00000   2   1
1013      6.76375      6.76375    -12.17475   1   1
1014     -6.76375      6.76375     12.17475   1   1
1015      6.76375     -6.76375     12.17475   1   1
1016    -12.17475      9.46925     -1.35275   1   1
1017     -9.46925      1.35275    -12.17475   1   1
1018    -12.17475     -9.46925      1.35275   1   1
1019     -1.35275     -9.46925     12.17475   1   1
1020      1.35275     12.17475      9.46925   1   1
1021     -9.46925     12.17475     -1.35275   1   1
1022     -9.46925    -12.17475      1.35275   1   1
1023    -12.17475     -1.35275      9.46925   1   1
1024      6.76375    -12.17475      6.76375   1   1
1025      6.76375     12.17475     -6.76375   1   1
1026      1.35275     -9.46925    -12.17475   1   1
1027     -6.76375    -12.17475     -6.76375   1   1
1028     -6.76375     -6.76375    -12.17475   1   1
1029     -1.35275      9.46925    -12.17475   1   1
1030     -1.35275    -12.17475      9.46925   1   1
1031      1.35275    -12.17475     -9.46925   1   1
1032      9.46925    -12.17475     -1.35275   1   1
1033     12.17475     -9.46925     -1.35275   1   1
1034     -9.46925     -1.35275     12.17475   1   1
1035    -12.17475      1.35275     -9.46925   1   1
1036     12.17475     -6.76375      6.76375   1   1
1037      9.46925     -1.35275    -12.17475   1   1
1038     12.17475     -1.35275     -9.46925   1   1
1039    -12.17475     -6.76375     -6.76375   1   1
1040      1.35275      9.46925     12.17475   1   1
1041     12.17475      1.35275      9.46925   1   1
1042      9.46925      1.35275     12.17475   1   1
1043     12.17475      6.76375     -6.76375   1   1
1044     -1.35275     12.17475     -9.46925   1   1
1045    -12.17475      6.76375      6.76375   1   1
1046     12.17475      9.46925      1.35275   1   1
1047      9.46925     12.17475      1.35275   1   1
1048     -6.76375     12.17475      6.76375   1   1
1049     -5.41100     13.52750     -5.41100   2   1
1050      5.41100     13.52750     -5.41100   2   1
1051    -10.82200     10.82200     -2.70550   2   1
1052     -5.41100     13.52750      5.41100   2   1
1053    -10.82200     10.82200      2.70550   2   1
1054    -10.82200     -2.70550     10.82200   2   1
1055     -5.41100     -5.41100     13.52750   2   1
1056     10.82200     -2.70550    -10.82200   2   1
1057    -10.82200      2.70550    -10.82200   2   1
1058     -5.41100      5.41100     13.52750   2   1
1059     10.82200     -2.70550     10.82200   2   1
1060     13.52750      5.41100     -5.41100   2   1
1061    -10.82200      2.70550     10.82200   2   1
1062      5.41100     13.52750      5.41100   2   1
1063      5.41100      5.41100     13.52750   2   1
1064      5.41100     -5.41100     13.52750   2   1
1065     -2.70550     10.82200    -10.82200   2   1
1066     -2.70550     10.82200     10.82200   2   1
1067     13.52750     -5.41100     -5.41100   2   1
1068     13.52750     -5.41100      5.41100   2   1
1069      2.70550     10.82200     10.82200   2   1
1070     10.82200      2.70550    -10.82200   2   1
1071      2.70550     10.82200    -10.82200   2   1
1072     13.52750      5.41100      5.41100   2   1
1073     10.82200      2.70550     10.82200   2   1
1074     10.82200     10.82200     -2.70550   2   1
1075    -10.82200     -2.70550    -10.82200   2   1
1076     10.82200     10.82200      2.70550   2   1
1077      8.11650     10.82200     -8.11650   2   1
1078     -8.11650     -8.11650     10.82200   2   1
1079      0.00000     13.52750     -8.11650   2   1
1080      8.11650      8.11650    -10.82200   2   1
1081      0.00000     -8.11650     13.52750   2   1
1082    -10.82200      8.11650      8.11650   2   1
1083      8.11650      8.11650     10.82200   2   1
1084      0.00000      8.11650     13.52750   2   1
1085    -10.82200     -8.11650     -8.11650   2   1
1086      8.11650     13.52750      0.00000   2   1
1087      8.11650     -8.11650    -10.82200   2   1
1088      8.11650    -10.82200     -8.11650   2   1
1089      8.11650     10.82200      8.11650   2   1
1090     10.82200     -8.11650     -8.11650   2   1
1091      8.11650    -10.82200      8.11650   2   1
1092     -8.11650     10.82200     -8.11650   2   1
1093     13.52750     -8.11650      0.00000   2   1
1094     10.82200     -8.11650      8.11650   2   1
1095     -8.11650      0.00000     13.52750   2   1
1096     -8.11650    -10.82200      8.11650   2   1
1097    -10.82200      8.11650     -8.11650   2   1
1098    -10.82200     -8.11650      8.11650   2   1
1099     -8.11650      8.11650    -10.82200   2   1
1100     13.52750      0.00000     -8.11650   2   1
1101     -8.11650      8.11650     10.82200   2   1
1102     -8.11650     10.82200      8.11650   2   1
1103      8.11650     -8.11650     10.82200   2   1
1104     10.82200      8.11650     -8.11650   2   1
1105     -8.11650    -10.82200     -8.11650   2   1
1106      8.11650      0.00000     13.52750   2   1
1107     -8.11650     13.52750      0.00000   2   1
1108      0.00000     13.52750      8.11650   2   1
1109     -8.11650     -8.11650    -10.82200   2   1
1110     13.52750      0.00000      8.11650   2   1
1111     13.52750      8.11650      0.00000   2   1
1112     10.82200      8.11650      8.11650   2   1
1113      4.05825     12.17475     -9.46925   1   1
1114      4.05825      9.46925    -12.17475   1   1
1115      9.46925      4.05825    -12.17475   1   1
1116     -4.05825     12.17475      9.46925   1   1
1117      9.46925    -12.17475      4.05825   1   1
1118     12.17475     -9.46925      4.05825   1   1
1119     -9.46925      4.05825     12.17475   1   1
1120    -12.17475      4.05825      9.46925   1   1
1121      4.05825    -12.17475      9.46925   1   1
1122     12.17475     -4.05825      9.46925   1   1
1123      9.46925     -4.05825     12.17475   1   1
1124      4.05825     -9.46925     12.17475   1   1
1125     -4.05825      9.46925     12.17475   1   1
1126     12.17475      4.05825     -9.46925   1   1
1127     -9.46925     12.17475      4.05825   1   1
1128    -12.17475      9.46925      4.05825   1   1
1129     12.17475      9.46925     -4.05825   1   1
1130      9.46925     12.17475     -4.05825   1   1
1131    -12.17475     -9.46925     -4.05825   1   1
1132     -9.46925    -12.17475     -4.05825   1   1
1133     -4.05825     -9.46925    -12.17475   1   1
1134    -12.17475     -4.05825     -9.46925   1   1
1135     -9.46925     -4.05825    -12.17475   1   1
1136     -4.05825    -12.17475     -9.46925   1   1
1137      2.70550     13.52750     -8.11650   2   1
1138     -2.70550     13.52750     -8.11650   2   1
1139     -2.70550     13.52750      8.11650   2   1
1140      8.11650     13.52750     -2.70550   2   1
1141     -8.11650     13.52750     -2.70550   2   1
1142      8.11650     13.52750      2.70550   2   1
1143     -2.70550      8.11650     13.52750   2   1
1144      8.11650      2.70550     13.52750   2   1
1145     -8.11650     -2.70550     13.52750   2   1
1146     13.52750     -2.70550     -8.11650   2   1
1147      2.70550      8.11650     13.52750   2   1
1148     -8.11650      2.70550     13.52750   2   1
1149     13.52750     -2.70550      8.11650   2   1
1150     -8.11650     13.52750      2.70550   2   1
1151     13.52750      2.70550     -8.11650   2   1
1152      2.70550     -8.11650     13.52750   2   1
1153      2.70550     13.52750      8.11650   2   1
1154     13.52750      2.70550      8.11650   2   1
1155     -2.70550     -8.11650     13.52750   2   1
1156      8.11650     -2.70550     13.52750   2   1
1157     13.52750     -8.11650     -2.70550   2   1
1158     13.52750      8.11650     -2.70550   2   1
1159     13.52750      8.11650      2.70550   2   1
1160     13.52750     -8.11650      2.70550   2   1
1161     -5.41100    -10.82200     10.82200   2   1
1162      5.41100     10.82200    -10.82200   2   1
1163    -10.82200    -10.82200      5.41100   2   1
1164      5.41100     10.82200     10.82200   2   1
1165    -10.82200    -10.82200     -5.41100   2   1
1166     10.82200    -10.82200     -5.41100   2   1
1167    -10.82200      5.41100    -10.82200   2   1
1168    -10.82200     -5.41100     10.82200   2   1
1169      5.41100    -10.82200    -10.82200   2   1
1170     10.82200    -10.82200      5.41100   2   1
1171     10.82200     -5.41100    -10.82200   2   1
1172    -10.82200     10.82200     -5.41100   2   1
1173     -5.41100    -10.82200    -10.82200   2   1
1174     10.82200     -5.41100     10.82200   2   1
1175     -5.41100     10.82200     10.82200   2   1
1176     -5.41100     10.82200    -10.82200   2   1
1177      5.41100    -10.82200     10.82200   2   1
1178     10.82200      5.41100    -10.82200   2   1
1179    -10.82200     10.82200      5.41100   2   1
1180    -10.82200      5.41100     10.82200   2   1
1181     10.82200     10.82200     -5.41100   2   1
1182     10.82200     10.82200      5.41100   2   1
1183    -10.82200     -5.41100    -10.82200   2   1
1184     10.82200      5.41100     10.82200   2   1
1185      9.46925     -9.46925     -9.46925   1   1
1186     -9.46925     -9.46925      9.46925   1   1
1187     -9.46925      9.46925     -9.46925   1   1
1188      9.46925      9.46925      9.46925   1   1
1189      2.70550     16.23300      0.00000   2   1
1190      0.00000     16.23300      2.70550   2   1
1191     -2.70550     16.23300      0.00000   2   1
1192      0.00000     16.23300     -2.70550   2   1
1193      5.41100     13.52750     -8.11650   2   1
1194     -8.11650     -5.41100     13.52750   2   1
1195      8.11650     13.52750     -5.41100   2   1
1196     -5.41100     -8.11650     13.52750   2   1
1197     13.52750     -5.41100     -8.11650   2   1
1198     13.52750     -8.11650     -5.41100   2   1
1199     -5.41100      8.11650     13.52750   2   1
1200     13.52750     -5.41100      8.11650   2   1
1201      8.11650      5.41100     13.52750   2   1
1202     -8.11650     13.52750      5.41100   2   1
1203      5.41100      8.11650     13.52750   2   1
1204     -8.11650      5.41100     13.52750   2   1
1205      5.41100     -8.11650     13.52750   2   1
1206      8.11650     -5.41100     13.52750   2   1
1207     -5.41100     13.52750      8.11650   2   1
1208     13.52750      5.41100     -8.11650   2   1
1209     -5.41100     13.52750     -8.11650   2   1
1210     13.52750     -8.11650      5.41100   2   1
1211      5.41100     13.52750      8.11650   2   1
1212     -8.11650     13.52750     -5.41100   2   1
1213      8.11650     13.52750      5.41100   2   1
1214     13.52750      8.11650     -5.41100   2   1
1215     13.52750      8.11650      5.41100   2   1
1216     13.52750      5.41100      8.11650   2   1
1217     -6.76375    -12.17475      9.46925   1   1
1218     -6.76375     -9.46925     12.17475   1   1
1219    -12.17475     -6.76375      9.46925   1   1
1220     12.17475     -6.76375     -9.46925   1   1
1221    -12.17475      6.76375     -9.46925   1   1
1222     -6.76375     12.17475     -9.46925   1   1
1223     -9.46925    -12.17475      6.76375   1   1
1224    -12.17475      9.46925     -6.76375   1   1
1225      6.76375     12.17475      9.46925   1   1
1226      6.76375      9.46925     12.17475   1   1
1227      6.76375     -9.46925    -12.17475   1   1
1228      6.76375    -12.17475     -9.46925   1   1
1229     12.17475     -9.46925     -6.76375   1   1
1230     -9.46925      6.76375    -12.17475   1   1
1231     -9.46925     -6.76375     12.17475   1   1
1232    -12.17475     -9.46925      6.76375   1   1
1233     -6.76375      9.46925    -12.17475   1   1
1234      9.46925     -6.76375    -12.17475   1   1
1235     -9.46925     12.17475     -6.76375   1   1
1236     12.17475      6.76375      9.46925   1   1
1237     12.17475      9.46925      6.76375   1   1
1238      9.46925     12.17475      6.76375   1   1
1239      9.46925    -12.17475     -6.76375   1   1
1240      9.46925      6.76375     12.17475   1   1
1241    -12.17475     12.17475      1.35275   1   1
1242      1.35275     12.17475    -12.17475   1   1
1243     -1.35275    -12.17475    -12.17475   1   1
1244    -12.17475      1.35275     12.17475   1   1
1245     12.17475      1.35275    -12.17475   1   1
1246      1.35275    -12.17475     12.17475   1   1
1247     12.17475    -12.17475      1.35275   1   1
1248    -12.17475     -1.35275    -12.17475   1   1
1249     12.17475     -1.35275     12.17475   1   1
1250     -1.35275     12.17475     12.17475   1   1
1251    -12.17475    -12.17475     -1.35275   1   1
1252     12.17475     12.17475     -1.35275   1   1
1253    -10.82200     10.82200     -8.11650   2   1
1254    -10.82200     10.82200      8.11650   2   1
1255     10.82200     -8.11650     10.82200   2   1
1256     13.52750      0.00000    -10.82200   2   1
1257     -2.70550     16.23300     -5.41100   2   1
1258    -10.82200      8.11650    -10.82200   2   1
1259      5.41100     16.23300     -2.70550   2   1
1260     -8.11650     10.82200     10.82200   2   1
1261    -10.82200     13.52750      0.00000   2   1
1262     13.52750      0.00000     10.82200   2   1
1263     10.82200      0.00000     13.52750   2   1
1264     -2.70550     16.23300      5.41100   2   1
1265      2.70550     16.23300      5.41100   2   1
1266      0.00000     13.52750     10.82200   2   1
1267      5.41100     16.23300      2.70550   2   1
1268     -5.41100     16.23300      2.70550   2   1
1269      8.11650     10.82200     10.82200   2   1
1270      2.70550     16.23300     -5.41100   2   1
1271     -5.41100     16.23300     -2.70550   2   1
1272    -10.82200     -8.11650     10.82200   2   1
1273     -8.11650     10.82200    -10.82200   2   1
1274      8.11650     10.82200    -10.82200   2   1
1275      0.00000     13.52750    -10.82200   2   1
1276     10.82200      8.11650    -10.82200   2   1
1277     10.82200     10.82200     -8.11650   2   1
1278     10.82200     -8.11650    -10.82200   2   1
1279      0.00000     10.82200     13.52750   2   1
1280    -10.82200      0.00000     13.52750   2   1
1281     10.82200     13.52750      0.00000   2   1
1282    -10.82200      8.11650     10.82200   2   1
1283     10.82200      8.11650     10.82200   2   1
1284    -10.82200     -8.11650    -10.82200   2   1
1285     13.52750     10.82200      0.00000   2   1
1286     10.82200     10.82200      8.11650   2   1
1287     -2.70550    -10.82200     13.52750   2   1
1288    -10.82200     -2.70550     13.52750   2   1
1289     -2.70550     10.82200     13.52750   2   1
1290     13.52750     -2.70550     10.82200   2   1
1291     10.82200     -2.70550     13.52750   2   1
1292     13.52750      2.70550    -10.82200   2   1
1293     13.52750     -2.70550    -10.82200   2   1
1294     -2.70550     13.52750     10.82200   2   1
1295    -10.82200     13.52750     -2.70550   2   1
1296     13.52750      2.70550     10.82200   2   1
1297     10.82200      2.70550     13.52750   2   1
1298      2.70550     13.52750     10.82200   2   1
1299     13.52750    -10.82200      2.70550   2   1
1300    -10.82200     13.52750      2.70550   2   1
1301     -2.70550     13.52750    -10.82200   2   1
1302      2.70550     10.82200     13.52750   2   1
1303      2.70550    -10.82200     13.52750   2   1
1304    -10.82200      2.70550     13.52750   2   1
1305     13.52750     10.82200     -2.70550   2   1
1306     10.82200     13.52750     -2.70550   2   1
1307     13.52750    -10.82200     -2.70550   2   1
1308     13.52750     10.82200      2.70550   2   1
1309     10.82200     13.52750      2.70550   2   1
1310      2.70550     13.52750    -10.82200   2   1
1311     12.17475     -4.05825    -12.17475   1   1
1312     -4.05825     12.17475    -12.17475   1   1
1313    -12.17475     -4.05825     12.17475   1   1
1314    -12.17475     12.17475     -4.05825   1   1
1315    -12.17475      4.05825    -12.17475   1   1
1316      4.05825    -12.17475    -12.17475   1   1
1317    -12.17475    -12.17475      4.05825   1   1
1318     -4.05825    -12.17475     12.17475   1   1
1319     12.17475    -12.17475     -4.05825   1   1
1320     12.17475     12.17475      4.05825   1   1
1321      4.05825     12.17475     12.17475   1   1
1322     12.17475      4.05825     12.17475   1   1
1323     -8.11650      8.11650     13.52750   2   1
1324      8.11650     13.52750     -8.11650   2   1
1325     -8.11650     -8.11650     13.52750   2   1
1326     13.52750      8.11650     -8.11650   2   1
1327     -8.11650     13.52750     -8.11650   2   1
1328     -8.11650     13.52750      8.11650   2   1
1329      8.11650      8.11650     13.52750   2   1
1330      8.11650     13.52750      8.11650   2   1
1331     13.52750     -8.11650      8.11650   2   1
1332      8.11650     -8.11650     13.52750   2   1
1333     13.52750      8.11650      8.11650   2   1
1334     13.52750     -8.11650     -8.11650   2   1
1335      9.46925      9.46925    -12.17475   1   1
1336     12.17475      9.46925     -9.46925   1   1
1337      9.46925     12.17475     -9.46925   1   1
1338     -9.46925      9.46925     12.17475   1   1
1339    -12.17475     -9.46925     -9.46925   1   1
1340     -9.46925     -9.46925    -12.17475   1   1
1341    -12.17475      9.46925      9.46925   1   1
1342     12.17475     -9.46925      9.46925   1   1
1343     -9.46925     12.17475      9.46925   1   1
1344     -9.46925    -12.17475     -9.46925   1   1
1345      9.46925    -12.17475      9.46925   1   1
1346      9.46925     -9.46925     12.17475   1   1
1347      0.00000     16.23300      8.11650   2   1
1348     13.52750      5.41100     10.82200   2   1
1349     10.82200      5.41100     13.52750   2   1
1350     -5.41100     10.82200     13.52750   2   1
1351     -8.11650     16.23300      0.00000   2   1
1352    -10.82200      5.41100     13.52750   2   1
1353      8.11650     16.23300      0.00000   2   1
1354    -10.82200     -5.41100     13.52750   2   1
1355      5.41100     10.82200     13.52750   2   1
1356     10.82200     13.52750     -5.41100   2   1
1357     -5.41100     13.52750     10.82200   2   1
1358     13.52750      5.41100    -10.82200   2   1
1359     -5.41100     13.52750    -10.82200   2   1
1360      5.41100     13.52750    -10.82200   2   1
1361      0.00000     16.23300     -8.11650   2   1
1362     13.52750     -5.41100    -10.82200   2   1
1363      5.41100     13.52750     10.82200   2   1
1364    -10.82200     13.52750      5.41100   2   1
1365     13.52750     -5.41100     10.82200   2   1
1366    -10.82200     13.52750     -5.41100   2   1
1367     10.82200     -5.41100     13.52750   2   1
1368     10.82200     13.52750      5.41100   2   1
1369     13.52750     10.82200     -5.41100   2   1
1370     13.52750     10.82200      5.41100   2   1
1371     12.17475      6.76375    -12.17475   1   1
1372      6.76375     12.17475    -12.17475   1   1
1373    -12.17475     12.17475      6.76375   1   1
1374      6.76375    -12.17475     12.17475   1   1
1375     12.17475     -6.76375     12.17475   1   1
1376    -12.17475      6.76375     12.17475   1   1
1377     -6.76375     12.17475     12.17475   1   1
1378    -12.17475    -12.17475     -6.76375   1   1
1379     12.17475     12.17475     -6.76375   1   1
1380     12.17475    -12.17475      6.76375   1   1
1381     -6.76375    -12.17475    -12.17475   1   1
1382    -12.17475     -6.76375    -12.17475   1   1
1383    -10.82200    -10.82200     10.82200   2   1
1384     10.82200     10.82200    -10.82200   2   1
1385    -10.82200     10.82200     10.82200   2   1
1386     10.82200    -10.82200     10.82200   2   1
1387    -10.82200    -10.82200    -10.82200   2   1
1388    -10.82200     10.82200    -10.82200   2   1
1389     10.82200    -10.82200    -10.82200   2   1
1390     10.82200     10.82200     10.82200   2   1
1391      8.11650     16.23300     -5.41100   2   1
1392      5.41100     16.23300     -8.11650   2   1
1393     -8.11650     16.23300      5.41100   2   1
1394      8.11650     16.23300      5.41100   2   1
1395     -5.41100     16.23300     -8.11650   2   1
1396     -5.41100     16.23300      8.11650   2   1
1397     -8.11650     16.23300     -5.41100   2   1
1398      5.41100     16.23300      8.11650   2   1
1399     13.52750     -8.11650    -10.82200   2   1
1400     -8.11650     10.82200     13.52750   2   1
1401    -10.82200     -8.11650     13.52750   2   1
1402      8.11650    -10.82200     13.52750   2   1
1403      8.11650     13.52750    -10.82200   2   1
1404     -8.11650     13.52750    -10.82200   2   1
1405    -10.82200      8.11650     13.52750   2   1
1406     13.52750     10.82200     -8.11650   2   1
1407     10.82200     13.52750     -8.11650   2   1
1408     10.82200     -8.11650     13.52750   2   1
1409     -8.11650    -10.82200     13.52750   2   1
1410     13.52750     -8.11650     10.82200   2   1
1411     -8.11650     13.52750     10.82200   2   1
1412      8.11650     13.52750     10.82200   2   1
1413     13.52750    -10.82200      8.11650   2   1
1414    -10.82200     13.52750      8.11650   2   1
1415     13.52750    -10.82200     -8.11650   2   1
1416    -10.82200     13.52750     -8.11650   2   1
1417     13.52750      8.11650    -10.82200   2   1
1418     13.52750     13.52750      0.00000   2   1
1419     13.52750      0.00000     13.52750   2   1
1420     13.52750     10.82200      8.11650   2   1
1421     10.82200     13.52750      8.11650   2   1
1422      0.00000     13.52750     13.52750   2   1
1423      8.11650     10.82200     13.52750   2   1
1424     13.52750      8.11650     10.82200   2   1
1425     10.82200      8.11650     13.52750   2   1
1426     13.52750      2.70550     13.52750   2   1
1427      2.70550     13.52750     13.52750   2   1
1428     13.52750     13.52750     -2.70550   2   1
1429     -2.70550     13.52750     13.52750   2   1
1430     13.52750     13.52750      2.70550   2   1
1431     13.52750     -2.70550     13.52750   2   1
1432    -12.17475     -9.46925     12.17475   1   1
1433    -12.17475    -12.17475      9.46925   1   1
1434     -9.46925    -12.17475     12.17475   1   1
1435     -9.46925     12.17475    -12.17475   1   1
1436     12.17475    -12.17475     -9.46925   1   1
1437    -12.17475     12.17475     -9.46925   1   1
1438      9.46925    -12.17475    -12.17475   1   1
1439    -12.17475      9.46925    -12.17475   1   1
1440     12.17475     -9.46925    -12.17475   1   1
1441     12.17475     12.17475      9.46925   1   1
1442     12.17475      9.46925     12.17475   1   1
1443      9.46925     12.17475     12.17475   1   1
1444    -10.82200     16.23300      2.70550   2   1
1445     -2.70550     16.23300    -10.82200   2   1
1446     10.82200     16.23300     -2.70550   2   1
1447      2.70550     16.23300    -10.82200   2   1
1448      2.70550     16.23300     10.82200   2   1
1449     -2.70550     16.23300     10.82200   2   1
1450     10.82200     16.23300      2.70550   2   1
1451    -10.82200     16.23300     -2.70550   2   1
1452     13.52750     -5.41100     13.52750   2   1
1453     13.52750     13.52750     -5.41100   2   1
1454     -5.41100     13.52750     13.52750   2   1
1455      5.41100     13.52750     13.52750   2   1
1456     13.52750     13.52750      5.41100   2   1
1457     13.52750      5.41100     13.52750   2   1
1458    -10.82200     10.82200     13.52750   2   1
1459     10.82200     13.52750    -10.82200   2   1
1460    -10.82200     13.52750     10.82200   2   1
1461    -10.82200     13.52750    -10.82200   2   1
1462     13.52750     10.82200    -10.82200   2   1
1463     10.82200     13.52750     10.82200   2   1
1464     13.52750     10.82200     10.82200   2   1
1465     10.82200     10.82200     13.52750   2   1
1466     13.52750     13.52750     -8.11650   2   1
1467     13.52750     13.52750      8.11650   2   1
1468     -8.11650     13.52750     13.52750   2   1
1469      8.11650     13.52750     13.52750   2   1
1470     13.52750     -8.11650     13.52750   2   1
1471     13.52750      8.11650     13.52750   2   1
1472     12.17475    -12.17475     12.17475   1   1
1473     12.17475     12.17475    -12.17475   1   1
1474    -12.17475     12.17475     12.17475   1   1
1475    -12.17475    -12.17475    -12.17475   1   1
1476     10.82200     16.23300     -8.11650   2   1
1477     -8.11650     16.23300    -10.82200   2   1
1478     -8.11650     16.23300     10.82200   2   1
1479      8.11650     16.23300    -10.82200   2   1
1480     13.52750     16.23300      0.00000   2   1
1481      0.00000     16.23300     13.52750   2   1
1482      8.11650     16.23300     10.82200   2   1
1483    -10.82200     16.23300      8.11650   2   1
1484     10.82200     16.23300      8.11650   2   1
1485    -10.82200     16.23300     -8.11650   2   1
1486     13.52750     16.23300     -5.41100   2   1
1487     13.52750     16.23300      5.41100   2   1
1488      5.41100     16.23300     13.52750   2   1
1489     -5.41100     16.23300     13.52750   2   1
1490     13.52750     13.52750    -10.82200   2   1
1491    -10.82200     13.52750     13.52750   2   1
1492     13.52750     13.52750     10.82200   2   1
1493     13.52750     10.82200     13.52750   2   1
1494     10.82200     13.52750     13.52750   2   1
1495     13.52750    -10.82200     13.52750   2   1
1496     13.52750     13.52750     13.52750   2   1
1497     13.52750     16.23300    -10.82200   2   1
1498     13.52750     16.23300     10.82200   2   1
1499    -10.82200     16.23300     13.52750   2   1
1500     10.82200     16.23300     13.52750   2   1
