#      l        m      s     n(lms)         V(lms)
              0              0               1      3.595984786694512E-002   
  0.000000000000000E+000
              1             -1               1      0.713932430085813        
  0.000000000000000E+000
              1              0               1      0.715960333475606        
  0.000000000000000E+000
              1              1               1      0.713934119579451        
  0.000000000000000E+000
              2             -2               1      3.306297459035027E-003   
  0.000000000000000E+000
              2             -1               1      3.306297459035027E-003   
  0.000000000000000E+000
              2              0               1      3.306297459035027E-003   
  0.000000000000000E+000
              2              1               1      3.306297459035027E-003   
  0.000000000000000E+000
              2              2               1      3.306297459035027E-003   
  0.000000000000000E+000
              3             -3               1      2.003024287397267E-004   
  0.000000000000000E+000
              3             -2               1      2.003024287397267E-004   
  0.000000000000000E+000
              3             -1               1      2.003024287397267E-004   
  0.000000000000000E+000
              3              0               1      2.003024287397267E-004   
  0.000000000000000E+000
              3              1               1      2.003024287397267E-004   
  0.000000000000000E+000
              3              2               1      2.003024287397267E-004   
  0.000000000000000E+000
              3              3               1      2.003024287397267E-004   
  0.000000000000000E+000
              0              0               2      8.072128298867604E-002   
  0.000000000000000E+000
              1             -1               2      0.720921307112619        
  0.000000000000000E+000
              1              0               2      0.720455953268885        
  0.000000000000000E+000
              1              1               2      0.720916830224377        
  0.000000000000000E+000
              2             -2               2      3.320853044593426E-003   
  0.000000000000000E+000
              2             -1               2      3.320853044593426E-003   
  0.000000000000000E+000
              2              0               2      3.320853044593426E-003   
  0.000000000000000E+000
              2              1               2      3.320853044593426E-003   
  0.000000000000000E+000
              2              2               2      3.320853044593426E-003   
  0.000000000000000E+000
              3             -3               2      1.994764658368560E-004   
  0.000000000000000E+000
              3             -2               2      1.994764658368560E-004   
  0.000000000000000E+000
              3             -1               2      1.994764658368560E-004   
  0.000000000000000E+000
              3              0               2      1.994764658368560E-004   
  0.000000000000000E+000
              3              1               2      1.994764658368560E-004   
  0.000000000000000E+000
              3              2               2      1.994764658368560E-004   
  0.000000000000000E+000
              3              3               2      1.994764658368560E-004   
  0.000000000000000E+000
