#      l        m      s     n(lms)         V(lms)
              0              0               1      0.111795424302596        
  0.000000000000000E+000
              1             -1               1      0.125013294137110        
  0.000000000000000E+000
              1              0               1      0.125406286771389        
  0.000000000000000E+000
              1              1               1      0.125013111091139        
  0.000000000000000E+000
              2             -2               1      0.126711538276488        
  0.000000000000000E+000
              2             -1               1      0.156691029756211        
  0.000000000000000E+000
              2              0               1      9.695409879650552E-002   
  0.000000000000000E+000
              2              1               1      0.156690417658151        
  0.000000000000000E+000
              2              2               1      0.126711445081501        
  0.000000000000000E+000
              3             -3               1      0.322423607110977        
 -9.055654292140336E-003
              3             -2               1      0.728964447975159        
 -9.421419569611078E-002
              3             -1               1      0.749799668788910        
 -9.857857151271282E-002
              3              0               1      0.755641520023346        
 -9.980227029083816E-002
              3              1               1      0.836927711963654        
 -0.116829375186881     
              3              2               1      0.848175108432770        
 -0.119185379262304     
              3              3               1      0.856583595275879        
 -0.120946713925389     
              0              0               2      0.114445420367392        
  0.000000000000000E+000
              1             -1               2      0.190185621334197        
  0.000000000000000E+000
              1              0               2      0.190034671397926        
  0.000000000000000E+000
              1              1               2      0.190185390716139        
  0.000000000000000E+000
              2             -2               2      0.120535539783272        
  0.000000000000000E+000
              2             -1               2      0.154042477882737        
  0.000000000000000E+000
              2              0               2      8.666376402742564E-002   
  0.000000000000000E+000
              2              1               2      0.154042296513416        
  0.000000000000000E+000
              2              2               2      0.120535394765190        
  0.000000000000000E+000
              3             -3               2      5.178588256239891E-002   
  9.829759096005058E-002
              3             -2               2      5.309314280748367E-002   
  9.802375776909694E-002
              3             -1               2      5.511787533760071E-002   
  9.759963489713303E-002
              3              0               2      6.644593924283981E-002   
  9.522673332825121E-002
              3              1               2      6.804604828357697E-002   
  9.489155678926725E-002
              3              2               2      7.444202154874802E-002   
  9.355178548126547E-002
              3              3               2      0.134262621402740        
  8.102110094131176E-002
