#      l        m      s     n(lms)         V(lms)
              0              0               1      1.327709129227572E-002   
  0.000000000000000E+000
              1             -1               1      0.757027297199848        
  0.000000000000000E+000
              1              0               1      0.757024323791172        
  0.000000000000000E+000
              1              1               1      0.757020835050179        
  0.000000000000000E+000
              2             -2               1      2.616942648621409E-003   
  0.000000000000000E+000
              2             -1               1      2.616942648621409E-003   
  0.000000000000000E+000
              2              0               1      2.616942648621409E-003   
  0.000000000000000E+000
              2              1               1      2.616942648621409E-003   
  0.000000000000000E+000
              2              2               1      2.616942648621409E-003   
  0.000000000000000E+000
              3             -3               1      1.569540390234339E-004   
  1.735017140744705E-008
              3             -2               1      1.569540390234339E-004   
  1.735017140744705E-008
              3             -1               1      1.569540390234339E-004   
  1.735017140744705E-008
              3              0               1      1.569540390234339E-004   
  1.735017140744705E-008
              3              1               1      1.569540390234339E-004   
  1.735017140744705E-008
              3              2               1      1.569540390234339E-004   
  1.735017140744705E-008
              3              3               1      1.569540390234339E-004   
  1.735017140744705E-008
              0              0               2      1.974392584256835E-002   
  0.000000000000000E+000
              1             -1               2      0.857540818067318        
  0.000000000000000E+000
              1              0               2      0.857543775762598        
  0.000000000000000E+000
              1              1               2      0.857551328647885        
  0.000000000000000E+000
              2             -2               2      2.628340255689259E-003   
  0.000000000000000E+000
              2             -1               2      2.628340255689259E-003   
  0.000000000000000E+000
              2              0               2      2.628340255689259E-003   
  0.000000000000000E+000
              2              1               2      2.628340255689259E-003   
  0.000000000000000E+000
              2              2               2      2.628340255689259E-003   
  0.000000000000000E+000
              3             -3               2      1.570750960451864E-004   
 -1.735017140737113E-008
              3             -2               2      1.570750960451864E-004   
 -1.735017140737113E-008
              3             -1               2      1.570750960451864E-004   
 -1.735017140737113E-008
              3              0               2      1.570750960451864E-004   
 -1.735017140737113E-008
              3              1               2      1.570750960451864E-004   
 -1.735017140737113E-008
              3              2               2      1.570750960451864E-004   
 -1.735017140737113E-008
              3              3               2      1.570750960451864E-004   
 -1.735017140737113E-008
