#  Fermi level (eV): -10.042
#  Charge transfer :  -0.049
#    Electron counts for each orbital momentum:
#       0      1.889
#       1      5.160
#       2      0.000
#       3      0.000
#  Number of atoms in cluster: 137
#  Lorentzian broadening with HWHH     0.1000 eV
# -----------------------------------------------------------------------
#      e        sDOS(up)   pDOS(up)      dDOS(up)    fDOS(up)   sDOS(down)    pDOS(down)   dDOS9(down)   fDOS(down)    @#
   -25.0000  1.416225E-02  6.940010E-03  1.272883E-04  6.054471E-05  2.278369E-02  7.607504E-02  1.273762E-04  6.056926E-05
   -24.7588  4.858490E-03  5.869603E-03  1.288922E-04  6.094407E-05  1.258137E-02  3.012864E-02  1.289828E-04  6.096899E-05
   -24.5176  3.003550E-03  5.546063E-03  1.305430E-04  6.134966E-05  4.583383E-02  1.134025E-02  1.306364E-04  6.137504E-05
   -24.2764  2.242064E-03  5.536039E-03  1.322434E-04  6.176179E-05  1.103387E-02  8.052859E-03  1.323398E-04  6.178755E-05
   -24.0352  1.818782E-03  5.702005E-03  1.339963E-04  6.218057E-05  4.270516E-03  7.062558E-03  1.340959E-04  6.220602E-05
   -23.7940  1.544139E-03  5.993190E-03  1.358050E-04  6.260622E-05  2.694173E-03  6.798974E-03  1.359080E-04  6.263222E-05
   -23.5528  1.348973E-03  6.391550E-03  1.376731E-04  6.303911E-05  2.018102E-03  6.876534E-03  1.377796E-04  6.306560E-05
   -23.3116  1.201710E-03  6.895152E-03  1.396045E-04  6.347936E-05  1.638086E-03  7.168173E-03  1.397148E-04  6.350628E-05
   -23.0704  1.085801E-03  7.510978E-03  1.416037E-04  6.392746E-05  1.390905E-03  7.625527E-03  1.417182E-04  6.395484E-05
   -22.8291  9.920121E-04  8.256339E-03  1.436758E-04  6.438336E-05  1.215590E-03  8.238975E-03  1.437948E-04  6.441133E-05
   -22.5879  9.143304E-04  9.158049E-03  1.458266E-04  6.484775E-05  1.083794E-03  9.017019E-03  1.459504E-04  6.487688E-05
   -22.3467  8.484640E-04  1.024509E-02  1.480627E-04  6.532126E-05  9.807405E-04  9.985146E-03  1.481917E-04  6.535074E-05
   -22.1055  7.926437E-04  1.158065E-02  1.503917E-04  6.580419E-05  8.971622E-04  1.117548E-02  1.505264E-04  6.583459E-05
   -21.8643  7.439565E-04  1.321796E-02  1.528228E-04  6.629551E-05  8.282714E-04  1.265171E-02  1.529637E-04  6.632747E-05
   -21.6231  7.008712E-04  1.525030E-02  1.553665E-04  6.679513E-05  7.704234E-04  1.449714E-02  1.555144E-04  6.682702E-05
   -21.3819  6.639304E-04  1.785642E-02  1.580361E-04  6.732720E-05  7.223842E-04  1.686526E-02  1.581917E-04  6.734079E-05
   -21.1407  6.310626E-04  2.122110E-02  1.608478E-04  6.785167E-05  6.804570E-04  1.989741E-02  1.610123E-04  6.786853E-05
   -20.8995  6.029062E-04  2.573473E-02  1.638226E-04  6.852248E-05  6.433205E-04  2.385101E-02  1.639973E-04  6.833760E-05
   -20.6583  5.761492E-04  3.178975E-02  1.669885E-04  6.868462E-05  6.140001E-04  2.936746E-02  1.671753E-04  6.962488E-05
   -20.4171  5.541967E-04  4.055343E-02  1.703854E-04  7.164882E-05  5.823185E-04  3.661961E-02  1.705871E-04  6.977989E-05
   -20.1759  5.646322E-04  5.618624E-02  1.740762E-04  9.328884E-05  5.745682E-04  4.922439E-02  1.742972E-04  9.323511E-05
   -19.9347  9.123627E-04  1.929603E-01  1.781781E-04  5.580898E-05  8.930559E-05 -1.175508E-03  1.784320E-04  5.132266E-05
   -19.6935  4.826073E-04  9.780885E-02  1.830437E-04  7.523354E-05  5.555875E-04  9.267441E-02  1.833451E-04  6.192399E-05
   -19.4523  4.973640E-04  1.829291E-01  1.900875E-04  9.228772E-05  5.122081E-04  1.479709E-01  1.905905E-04  9.342528E-05
   -19.2111  4.812106E-04  3.437611E-01  2.010141E-04  7.988081E-05  4.932491E-04  2.581862E-01  2.017794E-04  7.616148E-05
   -18.9698  4.762513E-04  9.158526E-01  2.171033E-04  7.337713E-05  4.854904E-04  5.873433E-01  2.181925E-04  7.375470E-05
   -18.7286  4.770796E-04  5.360087E+00  2.393210E-04  7.412332E-05  4.840365E-04  2.328647E+00  2.407838E-04  7.426342E-05
   -18.4874  4.889411E-04  4.611732E+00  2.684595E-04  7.509701E-05  4.912052E-04  1.015717E+01  2.703378E-04  7.515977E-05
   -18.2462  5.210585E-04  1.234748E+00  3.051918E-04  7.620765E-05  5.148052E-04  1.736406E+00  3.075221E-04  7.627693E-05
   -18.0050  6.031939E-04  1.021468E+00  3.501022E-04  7.750813E-05  5.754711E-04  1.303451E+00  3.529167E-04  7.759282E-05
   -17.7638  8.330974E-04  3.620240E-01  4.037055E-04  7.904818E-05  7.381224E-04  4.703665E-01  4.070330E-04  7.914744E-05
   -17.5226  1.464547E-03  2.452954E-01  4.664595E-04  8.086614E-05  1.201546E-03  2.700413E-01  4.703261E-04  8.098265E-05
   -17.2814  2.075007E-03  2.268849E-01  5.387747E-04  8.300585E-05  1.948791E-03  2.180143E-01  5.432041E-04  8.314222E-05
   -17.0402  1.790643E-03  4.463758E-01  6.210209E-04  8.551377E-05  1.798040E-03  3.932305E-01  6.260348E-04  8.567260E-05
   -16.7990  2.069290E-03  2.701424E-01  7.135329E-04  8.843707E-05  1.856250E-03  2.856425E-01  7.191512E-04  8.862116E-05
   -16.5578  3.305536E-03  2.298422E-01  8.166143E-04  9.182429E-05  2.684070E-03  2.309582E-01  8.228555E-04  9.203651E-05
   -16.3166  5.066687E-03  2.747961E-01  9.305416E-04  9.572506E-05  4.787381E-03  2.311005E-01  9.374227E-04  9.596833E-05
   -16.0754  3.353164E-03  3.869007E-01  1.055566E-03  1.001899E-04  4.217593E-03  3.071006E-01  1.063103E-03  1.004672E-04
   -15.8342  3.708600E-03  2.627484E-01  1.191918E-03  1.052703E-04  3.462165E-03  3.420386E-01  1.200125E-03  1.055846E-04
   -15.5930  4.991229E-03  1.954391E-01  1.339805E-03  1.110181E-04  4.739371E-03  2.318610E-01  1.348697E-03  1.113725E-04
   -15.3518  6.870832E-03  1.710639E-01  1.499419E-03  1.174861E-04  6.809543E-03  1.793538E-01  1.509008E-03  1.178836E-04
   -15.1106  9.915889E-03  2.167081E-01  1.670933E-03  1.247272E-04  8.505280E-03  1.894845E-01  1.681231E-03  1.251711E-04
   -14.8693  4.435859E-03  1.882847E-01  1.854506E-03  1.327950E-04  7.872238E-03  2.139834E-01  1.865523E-03  1.332884E-04
   -14.6281  1.751558E-03  2.428024E-01  2.050279E-03  1.417432E-04  2.557499E-03  2.157646E-01  2.062026E-03  1.422893E-04
   -14.3869  1.085745E-03  1.283637E-01  2.258383E-03  1.516260E-04  1.310923E-03  1.770647E-01  2.270871E-03  1.522280E-04
   -14.1457  8.047396E-04  1.055954E-01  2.478935E-03  1.624974E-04  8.980736E-04  9.547791E-02  2.492171E-03  1.631586E-04
   -13.9045  7.259538E-04  1.051545E-01  2.712039E-03  1.744119E-04  7.014880E-04  1.102815E-01  2.726033E-03  1.751355E-04
   -13.6633  5.908776E-04  3.476187E-02  2.957789E-03  1.874238E-04  6.004064E-04  5.649517E-02  2.972548E-03  1.882130E-04
   -13.4221  5.026754E-04  1.865656E-02  3.216268E-03  2.015873E-04  5.094080E-04  2.298345E-02  3.231800E-03  2.024455E-04
   -13.1809  4.710152E-04  1.349438E-02  3.487549E-03  2.169568E-04  4.680593E-04  1.508479E-02  3.503861E-03  2.178872E-04
   -12.9397  4.570740E-04  1.096414E-02  3.771696E-03  2.335864E-04  4.447438E-04  1.166565E-02  3.788794E-03  2.345923E-04
   -12.6985  4.540466E-04  9.486944E-03  4.068762E-03  2.515301E-04  4.323237E-04  9.731406E-03  4.086652E-03  2.526148E-04
   -12.4573  4.599576E-04  8.577489E-03  4.378794E-03  2.708418E-04  4.279566E-04  8.489122E-03  4.397481E-03  2.720085E-04
   -12.2161  4.746734E-04  8.059649E-03  4.701828E-03  2.915749E-04  4.303770E-04  7.643078E-03  4.721317E-03  2.928269E-04
   -11.9749  4.993687E-04  7.896815E-03  5.037895E-03  3.137827E-04  4.391753E-04  7.061304E-03  5.058190E-03  3.151234E-04
   -11.7337  5.368906E-04  8.181066E-03  5.387015E-03  3.375183E-04  4.545555E-04  6.683296E-03  5.408122E-03  3.389508E-04
   -11.4925  5.930355E-04  9.279616E-03  5.749204E-03  3.628341E-04  4.773265E-04  6.489037E-03  5.771126E-03  3.643617E-04
   -11.2513  6.806274E-04  1.265220E-02  6.124470E-03  3.897824E-04  5.089768E-04  6.492942E-03  6.147209E-03  3.914084E-04
   -11.0101  8.408781E-04  2.809520E-02  6.512812E-03  4.184151E-04  5.519505E-04  6.755682E-03  6.536372E-03  4.201427E-04
   -10.7688  1.190835E-03  6.714144E-02  6.914225E-03  4.487835E-04  6.103473E-04  7.429873E-03  6.938608E-03  4.506160E-04
   -10.5276  1.976522E-03  7.833548E-02  7.328697E-03  4.809385E-04  6.916717E-04  8.902038E-03  7.353905E-03  4.828791E-04
   -10.2864  5.808841E-03  1.314914E-01  7.756209E-03  5.149306E-04  8.122393E-04  1.232368E-02  7.782245E-03  5.169825E-04
   -10.0452  1.101366E-02  1.225302E-01  8.196736E-03  5.508098E-04  1.019201E-03  2.230847E-02  8.223601E-03  5.529761E-04
    -9.8040  2.075880E-02  7.294074E-02  8.650250E-03  5.886254E-04  1.530959E-03  6.770371E-02  8.677944E-03  5.909093E-04
    -9.5628  5.542978E-03  4.482615E-02  9.116713E-03  6.284263E-04  3.356174E-03  1.312361E-01  9.145238E-03  6.308308E-04
    -9.3216  3.399247E-03  2.540625E-02  9.596084E-03  6.702607E-04  2.750521E-03  6.729496E-02  9.625440E-03  6.727891E-04
    -9.0804  3.940759E-03  3.511338E-02  1.008832E-02  7.141764E-04  4.183589E-03  5.368924E-02  1.011850E-02  7.168317E-04
    -8.8392  7.144393E-03  8.849148E-02  1.059336E-02  7.602205E-04  7.125518E-03  4.866790E-02  1.062436E-02  7.630059E-04
    -8.5980  1.819659E-02  1.484988E-01  1.111115E-02  8.084394E-04  8.417242E-03  1.054720E-01  1.114299E-02  8.113579E-04
    -8.3568  1.888417E-02  7.512513E-02  1.164163E-02  8.588790E-04  1.656340E-02  1.422051E-01  1.167430E-02  8.619338E-04
    -8.1156  1.082177E-02  4.660238E-02  1.218474E-02  9.115846E-04  3.081186E-02  9.586922E-02  1.221823E-02  9.147786E-04
    -7.8744  7.942325E-03  3.695884E-02  1.274038E-02  9.666005E-04  2.333319E-02  1.259450E-01  1.277471E-02  9.699368E-04
    -7.6332  7.145524E-03  3.453334E-02  1.330851E-02  1.023971E-03  1.140156E-02  5.622529E-02  1.334366E-02  1.027452E-03
    -7.3920  7.030570E-03  3.556290E-02  1.388902E-02  1.083739E-03  8.290424E-03  3.666573E-02  1.392499E-02  1.087368E-03
    -7.1508  7.299906E-03  3.891629E-02  1.448185E-02  1.145947E-03  7.282204E-03  3.432243E-02  1.451863E-02  1.149728E-03
    -6.9095  7.935592E-03  4.769324E-02  1.508688E-02  1.210637E-03  7.254650E-03  3.689146E-02  1.512448E-02  1.214571E-03
    -6.6683  9.018860E-03  5.518694E-02  1.570403E-02  1.277850E-03  7.722939E-03  4.195192E-02  1.574245E-02  1.281941E-03
    -6.4271  1.067911E-02  3.824449E-02  1.633321E-02  1.347626E-03  8.624717E-03  5.291825E-02  1.637242E-02  1.351877E-03
    -6.1859  1.305050E-02  2.742564E-02  1.697429E-02  1.420006E-03  1.002602E-02  5.116298E-02  1.701431E-02  1.424419E-03
    -5.9447  1.623505E-02  2.286633E-02  1.762719E-02  1.495028E-03  1.203640E-02  3.387647E-02  1.766800E-02  1.499606E-03
    -5.7035  2.042076E-02  2.024066E-02  1.829177E-02  1.572729E-03  1.474190E-02  2.542284E-02  1.833338E-02  1.577476E-03
    -5.4623  2.647539E-02  1.844516E-02  1.896793E-02  1.653149E-03  1.820190E-02  2.154332E-02  1.901032E-02  1.658066E-03
    -5.2211  3.746470E-02  1.751019E-02  1.965555E-02  1.736323E-03  2.273282E-02  1.918441E-02  1.969872E-02  1.741413E-03
    -4.9799  6.074156E-02  1.774870E-02  2.035449E-02  1.822287E-03  2.978138E-02  1.770621E-02  2.039843E-02  1.827554E-03
    -4.7387  9.036596E-02  1.961493E-02  2.106464E-02  1.911077E-03  4.381707E-02  1.717950E-02  2.110935E-02  1.916522E-03
    -4.4975  7.075132E-02  2.376052E-02  2.178585E-02  2.002727E-03  7.286829E-02  1.786135E-02  2.183132E-02  2.008353E-03
    -4.2563  3.989741E-02  3.092586E-02  2.251799E-02  2.097271E-03  9.170241E-02  2.015501E-02  2.256421E-02  2.103081E-03
    -4.0151  2.568593E-02  4.127094E-02  2.326092E-02  2.194742E-03  5.928788E-02  2.466109E-02  2.330789E-02  2.200738E-03
    -3.7739  2.114391E-02  5.701450E-02  2.401450E-02  2.295171E-03  3.427225E-02  3.203272E-02  2.406220E-02  2.301356E-03
    -3.5327  2.180589E-02  7.899194E-02  2.477857E-02  2.398590E-03  2.422387E-02  4.300599E-02  2.482699E-02  2.404966E-03
    -3.2915  2.418547E-02  7.952865E-02  2.555299E-02  2.505030E-03  2.188923E-02  6.176931E-02  2.560213E-02  2.511600E-03
    -3.0503  2.399104E-02  7.796807E-02  2.633759E-02  2.614521E-03  2.343685E-02  7.877894E-02  2.638743E-02  2.621287E-03
    -2.8090  1.969182E-02  1.040841E-01  2.713222E-02  2.727091E-03  2.519482E-02  7.372544E-02  2.718276E-02  2.734056E-03
    -2.5678  1.391879E-02  2.184334E-01  2.793671E-02  2.842769E-03  2.359102E-02  7.264564E-02  2.798794E-02  2.849935E-03
    -2.3266  8.202923E-03  3.132109E-01  2.875091E-02  2.961583E-03  1.875974E-02  9.738424E-02  2.880280E-02  2.968952E-03
    -2.0854  5.492066E-03  1.644439E-01  2.957462E-02  3.083559E-03  1.274159E-02  2.063958E-01  2.962719E-02  3.091133E-03
    -1.8442  4.258194E-03  8.866805E-02  3.040769E-02  3.208722E-03  7.698593E-03  3.334149E-01  3.046091E-02  3.216505E-03
    -1.6030  3.713092E-03  8.403475E-02  3.124994E-02  3.337099E-03  5.456772E-03  1.684888E-01  3.130379E-02  3.345091E-03
    -1.3618  3.616410E-03  4.482510E-02  3.210118E-02  3.468713E-03  4.386238E-03  9.299640E-02  3.215566E-02  3.476918E-03
    -1.1206  3.897729E-03  2.369618E-02  3.296123E-02  3.603588E-03  3.940420E-03  8.663980E-02  3.301632E-02  3.612007E-03
    -0.8794  4.588899E-03  1.799727E-02  3.382991E-02  3.741747E-03  3.951810E-03  4.130387E-02  3.388560E-02  3.750383E-03
    -0.6382  5.810625E-03  1.729901E-02  3.470702E-02  3.883212E-03  4.387868E-03  2.335206E-02  3.476329E-02  3.892066E-03
    -0.3970  7.761827E-03  1.999438E-02  3.559237E-02  4.028004E-03  5.307749E-03  1.913385E-02  3.564921E-02  4.037078E-03
    -0.1558  1.063516E-02  2.753670E-02  3.648576E-02  4.176144E-03  6.836740E-03  2.010320E-02  3.654316E-02  4.185440E-03
     0.0854  1.414129E-02  4.464017E-02  3.738700E-02  4.327651E-03  9.098708E-03  2.600731E-02  3.744494E-02  4.337172E-03
     0.3266  1.625105E-02  7.244500E-02  3.829587E-02  4.482543E-03  1.192061E-02  4.052087E-02  3.835434E-02  4.492291E-03
     0.5678  1.500964E-02  7.703230E-02  3.921218E-02  4.640841E-03  1.390187E-02  6.626736E-02  3.927116E-02  4.650817E-03
     0.8090  1.252444E-02  6.241667E-02  4.013572E-02  4.802559E-03  1.325018E-02  7.478583E-02  4.019519E-02  4.812765E-03
     1.0503  1.068417E-02  5.420271E-02  4.106628E-02  4.967716E-03  1.129878E-02  6.155108E-02  4.112622E-02  4.978154E-03
     1.2915  9.604165E-03  5.085904E-02  4.200363E-02  5.136327E-03  9.741703E-03  5.317803E-02  4.206403E-02  5.146999E-03
     1.5327  8.948755E-03  4.997038E-02  4.294757E-02  5.308407E-03  8.796120E-03  4.957846E-02  4.300841E-02  5.319314E-03
     1.7739  8.405826E-03  5.028422E-02  4.389787E-02  5.483970E-03  8.208129E-03  4.836767E-02  4.395913E-02  5.495115E-03
     2.0151  7.801738E-03  5.016452E-02  4.485432E-02  5.663030E-03  7.722570E-03  4.820124E-02  4.491599E-02  5.674414E-03
     2.2563  7.124031E-03  4.815763E-02  4.581669E-02  5.845600E-03  7.200454E-03  4.755866E-02  4.587874E-02  5.857224E-03
     2.4975  6.442575E-03  4.431789E-02  4.678475E-02  6.031692E-03  6.631204E-03  4.531701E-02  4.684717E-02  6.043558E-03
     2.7387  5.820078E-03  3.989979E-02  4.775828E-02  6.221316E-03  6.065280E-03  4.166284E-02  4.782104E-02  6.233426E-03
     2.9799  5.284179E-03  3.602573E-02  4.873704E-02  6.414483E-03  5.547743E-03  3.764495E-02  4.880012E-02  6.426839E-03
     3.2211  4.837773E-03  3.315138E-02  4.972080E-02  6.611204E-03  5.098589E-03  3.414578E-02  4.978419E-02  6.623807E-03
     3.4623  4.473667E-03  3.126608E-02  5.070932E-02  6.811487E-03  4.720280E-03  3.152134E-02  5.077299E-02  6.824338E-03
     3.7035  4.183111E-03  3.016464E-02  5.170237E-02  7.015341E-03  4.408084E-03  2.976499E-02  5.176631E-02  7.028441E-03
     3.9447  3.959323E-03  2.960048E-02  5.269971E-02  7.222772E-03  4.156265E-03  2.871685E-02  5.276389E-02  7.236124E-03
     4.1859  3.798643E-03  2.936380E-02  5.370109E-02  7.433789E-03  3.960719E-03  2.818454E-02  5.376550E-02  7.447392E-03
     4.4271  3.700951E-03  2.932425E-02  5.470628E-02  7.648396E-03  3.819912E-03  2.800487E-02  5.477089E-02  7.662253E-03
     4.6683  3.670033E-03  2.944043E-02  5.571503E-02  7.866599E-03  3.735266E-03  2.807434E-02  5.577981E-02  7.880711E-03
     4.9095  3.714090E-03  2.974239E-02  5.672710E-02  8.088403E-03  3.711507E-03  2.835262E-02  5.679203E-02  8.102772E-03
     5.1508  3.846446E-03  3.031867E-02  5.774223E-02  8.313812E-03  3.757184E-03  2.885016E-02  5.780730E-02  8.328438E-03
     5.3920  4.086155E-03  3.133057E-02  5.876018E-02  8.542829E-03  3.885438E-03  2.962089E-02  5.882536E-02  8.557713E-03
     5.6332  4.457388E-03  3.305268E-02  5.978070E-02  8.775456E-03  4.114490E-03  3.078032E-02  5.984596E-02  8.790600E-03
     5.8744  4.985943E-03  3.590901E-02  6.080354E-02  9.011695E-03  4.467629E-03  3.254702E-02  6.086886E-02  9.027099E-03
     6.1156  5.690141E-03  4.042408E-02  6.182844E-02  9.251547E-03  4.970625E-03  3.528374E-02  6.189380E-02  9.267213E-03
     6.3568  6.564842E-03  4.689287E-02  6.285516E-02  9.495013E-03  5.644822E-03  3.947285E-02  6.292054E-02  9.510942E-03
     6.5980  7.566169E-03  5.447320E-02  6.388343E-02  9.742092E-03  6.494114E-03  4.546827E-02  6.394880E-02  9.758284E-03
     6.8392  8.618556E-03  6.014012E-02  6.491301E-02  9.992783E-03  7.490815E-03  5.275321E-02  6.497835E-02  1.000924E-02
     7.0804  9.660573E-03  5.994377E-02  6.594364E-02  1.024708E-02  8.577249E-03  5.886468E-02  6.600892E-02  1.026381E-02
     7.3216  1.070437E-02  5.358958E-02  6.697506E-02  1.050499E-02  9.700289E-03  5.992103E-02  6.704026E-02  1.052198E-02
     7.5628  1.185511E-02  4.540945E-02  6.800702E-02  1.076651E-02  1.086575E-02  5.467723E-02  6.807211E-02  1.078376E-02
     7.8040  1.327965E-02  3.878140E-02  6.903926E-02  1.103162E-02  1.216568E-02  4.678470E-02  6.910422E-02  1.104915E-02
     8.0452  1.515986E-02  3.441769E-02  7.007153E-02  1.130034E-02  1.375669E-02  3.995720E-02  7.013633E-02  1.131812E-02
     8.2864  1.764022E-02  3.195651E-02  7.110356E-02  1.157264E-02  1.580915E-02  3.529663E-02  7.116818E-02  1.159070E-02
     8.5276  2.072901E-02  3.090444E-02  7.213511E-02  1.184853E-02  1.843503E-02  3.258495E-02  7.219952E-02  1.186686E-02
     8.7688  2.411251E-02  3.089525E-02  7.316591E-02  1.212800E-02  2.156041E-02  3.135748E-02  7.323008E-02  1.214659E-02
     9.0101  2.699917E-02  3.173296E-02  7.419570E-02  1.241104E-02  2.473784E-02  3.124521E-02  7.425962E-02  1.242991E-02
     9.2513  2.843040E-02  3.336786E-02  7.522424E-02  1.269764E-02  2.710258E-02  3.204770E-02  7.528788E-02  1.271678E-02
     9.4925  2.812764E-02  3.584066E-02  7.625127E-02  1.298780E-02  2.786366E-02  3.371838E-02  7.631460E-02  1.300720E-02
     9.7337  2.676729E-02  3.920641E-02  7.727653E-02  1.328151E-02  2.705594E-02  3.630119E-02  7.733953E-02  1.330118E-02
     9.9749  2.523941E-02  4.340126E-02  7.829977E-02  1.357876E-02  2.547970E-02  3.980854E-02  7.836241E-02  1.359869E-02
    10.2161  2.402047E-02  4.819697E-02  7.932073E-02  1.387953E-02  2.393184E-02  4.403604E-02  7.938299E-02  1.389974E-02
    10.4573  2.310420E-02  5.351561E-02  8.033917E-02  1.418382E-02  2.277068E-02  4.861644E-02  8.040102E-02  1.420430E-02
    10.6985  2.215448E-02  5.956216E-02  8.135482E-02  1.449159E-02  2.193347E-02  5.349218E-02  8.141625E-02  1.451236E-02
    10.9397  2.077627E-02  6.631073E-02  8.236745E-02  1.480288E-02  2.108079E-02  5.894473E-02  8.242842E-02  1.482392E-02
    11.1809  1.886290E-02  7.283365E-02  8.337681E-02  1.511764E-02  1.983200E-02  6.498943E-02  8.343730E-02  1.513896E-02
    11.4221  1.668478E-02  7.706465E-02  8.438264E-02  1.543587E-02  1.807565E-02  7.078686E-02  8.444262E-02  1.545746E-02
    11.6633  1.460908E-02  7.686503E-02  8.538469E-02  1.575756E-02  1.605276E-02  7.447311E-02  8.544415E-02  1.577942E-02
    11.9045  1.284389E-02  7.221985E-02  8.638274E-02  1.608268E-02  1.410439E-02  7.412564E-02  8.644164E-02  1.610481E-02
    12.1457  1.142084E-02  6.556604E-02  8.737653E-02  1.641122E-02  1.243152E-02  6.975693E-02  8.743485E-02  1.643363E-02
    12.3869  1.028585E-02  5.932052E-02  8.836582E-02  1.674317E-02  1.107179E-02  6.357497E-02  8.842354E-02  1.676585E-02
    12.6281  9.370228E-03  5.436850E-02  8.935038E-02  1.707851E-02  9.980090E-03  5.773627E-02  8.940748E-02  1.710146E-02
    12.8693  8.619829E-03  5.056239E-02  9.032997E-02  1.741723E-02  9.094964E-03  5.303163E-02  9.038641E-02  1.744044E-02
    13.1106  7.998701E-03  4.749484E-02  9.130435E-02  1.775930E-02  8.366798E-03  4.934307E-02  9.136012E-02  1.778279E-02
    13.3518  7.484341E-03  4.484387E-02  9.227329E-02  1.810470E-02  7.762192E-03  4.632115E-02  9.232837E-02  1.812846E-02
    13.5930  7.062711E-03  4.243271E-02  9.323656E-02  1.845343E-02  7.259876E-03  4.369280E-02  9.329093E-02  1.847746E-02
    13.8342  6.725156E-03  4.018845E-02  9.419395E-02  1.880546E-02  6.846504E-03  4.131636E-02  9.424758E-02  1.882976E-02
    14.0754  6.466279E-03  3.809182E-02  9.514521E-02  1.916076E-02  6.513564E-03  3.913695E-02  9.519808E-02  1.918533E-02
    14.3166  6.282652E-03  3.615051E-02  9.609013E-02  1.951933E-02  6.255493E-03  3.713655E-02  9.614223E-02  1.954417E-02
    14.5578  6.171481E-03  3.438824E-02  9.702850E-02  1.988113E-02  6.068176E-03  3.531079E-02  9.707979E-02  1.990624E-02
    14.7990  6.129982E-03  3.283491E-02  9.796010E-02  2.024616E-02  5.947677E-03  3.366414E-02  9.801057E-02  2.027153E-02
    15.0402  6.155777E-03  3.151625E-02  9.888470E-02  2.061438E-02  5.889956E-03  3.220926E-02  9.893433E-02  2.064002E-02
    15.2814  6.248216E-03  3.044605E-02  9.980212E-02  2.098577E-02  5.891469E-03  3.096096E-02  9.985088E-02  2.101167E-02
    15.5226  6.409982E-03  2.962372E-02  1.007121E-01  2.136031E-02  5.951020E-03  2.993027E-02  1.007600E-01  2.138648E-02
    15.7638  6.647934E-03  2.903568E-02  1.016145E-01  2.173798E-02  6.071483E-03  2.911960E-02  1.016615E-01  2.176442E-02
    16.0050  6.972553E-03  2.865889E-02  1.025091E-01  2.211876E-02  6.260659E-03  2.852120E-02  1.025552E-01  2.214545E-02
    16.2462  7.395525E-03  2.846649E-02  1.033957E-01  2.250261E-02  6.530522E-03  2.811818E-02  1.034409E-01  2.252956E-02
    16.4874  7.926535E-03  2.843573E-02  1.042742E-01  2.288951E-02  6.895370E-03  2.788826E-02  1.043183E-01  2.291673E-02
    16.7286  8.569343E-03  2.855678E-02  1.051442E-01  2.327945E-02  7.369297E-03  2.780948E-02  1.051874E-01  2.330692E-02
    16.9698  9.317939E-03  2.884115E-02  1.060057E-01  2.367238E-02  7.963631E-03  2.786833E-02  1.060479E-01  2.370012E-02
    17.2111  1.015341E-02  2.932384E-02  1.068584E-01  2.406830E-02  8.683992E-03  2.806768E-02  1.068996E-01  2.409629E-02
    17.4523  1.104256E-02  3.005683E-02  1.077022E-01  2.446716E-02  9.527043E-03  2.843191E-02  1.077424E-01  2.449540E-02
    17.6935  1.194028E-02  3.109152E-02  1.085369E-01  2.486894E-02  1.047734E-02  2.900593E-02  1.085760E-01  2.489744E-02
    17.9347  1.279593E-02  3.245281E-02  1.093623E-01  2.527362E-02  1.150473E-02  2.984585E-02  1.094004E-01  2.530237E-02
    18.1759  1.356406E-02  3.411067E-02  1.101783E-01  2.568116E-02  1.256458E-02  3.100125E-02  1.102154E-01  2.571016E-02
    18.4171  1.421673E-02  3.595936E-02  1.109847E-01  2.609154E-02  1.360138E-02  3.249182E-02  1.110207E-01  2.612079E-02
    18.6583  1.475448E-02  3.782136E-02  1.117814E-01  2.650472E-02  1.455791E-02  3.428283E-02  1.118163E-01  2.653422E-02
    18.8995  1.521262E-02  3.948679E-02  1.125682E-01  2.692069E-02  1.538993E-02  3.626871E-02  1.126020E-01  2.695043E-02
    19.1407  1.566562E-02  4.078077E-02  1.133449E-01  2.733940E-02  1.608322E-02  3.827970E-02  1.133776E-01  2.736939E-02
    19.3819  1.623666E-02  4.162800E-02  1.141114E-01  2.776083E-02  1.666876E-02  4.011912E-02  1.141430E-01  2.779106E-02
    19.6231  1.713739E-02  4.208309E-02  1.148676E-01  2.818494E-02  1.723701E-02  4.162644E-02  1.148981E-01  2.821542E-02
    19.8643  1.879435E-02  4.234051E-02  1.156134E-01  2.861171E-02  1.796424E-02  4.273700E-02  1.156427E-01  2.864243E-02
    20.1055  2.226590E-02  4.277903E-02  1.163485E-01  2.904111E-02  1.919649E-02  4.352168E-02  1.163767E-01  2.907206E-02
    20.3467  3.081549E-02  4.412110E-02  1.170729E-01  2.947310E-02  2.172360E-02  4.421923E-02  1.170999E-01  2.950428E-02
    20.5879  5.604617E-02  4.788103E-02  1.177865E-01  2.990764E-02  2.779275E-02  4.532568E-02  1.178123E-01  2.993906E-02
    20.8291  9.555133E-02  5.775526E-02  1.184891E-01  3.034471E-02  4.531139E-02  4.785320E-02  1.185138E-01  3.037636E-02
    21.0704  5.638571E-02  8.407813E-02  1.191807E-01  3.078428E-02  8.952903E-02  5.409546E-02  1.192042E-01  3.081615E-02
    21.3116  3.800388E-02  1.412775E-01  1.198611E-01  3.122630E-02  7.058990E-02  7.012216E-02  1.198834E-01  3.125840E-02
    21.5528  4.510494E-02  1.826332E-01  1.205302E-01  3.167075E-02  3.968417E-02  1.107239E-01  1.205513E-01  3.170307E-02
    21.7940  4.690140E-02  2.023324E-01  1.211880E-01  3.211758E-02  3.671389E-02  1.616484E-01  1.212079E-01  3.215013E-02
    22.0352  2.180244E-02  1.384078E-01  1.218342E-01  3.256678E-02  5.142806E-02  1.951790E-01  1.218530E-01  3.259955E-02
    22.2764  1.173799E-02  6.983930E-02  1.224690E-01  3.301829E-02  3.944033E-02  1.917895E-01  1.224865E-01  3.305128E-02
    22.5176  8.141475E-03  4.914763E-02  1.230920E-01  3.347209E-02  1.778234E-02  1.158167E-01  1.231084E-01  3.350529E-02
    22.7588  6.517112E-03  4.191441E-02  1.237034E-01  3.392814E-02  1.050147E-02  6.350470E-02  1.237185E-01  3.396155E-02
    23.0000  5.642827E-03  3.881516E-02  1.243030E-01  3.438640E-02  7.707024E-03  4.801866E-02  1.243169E-01  3.442002E-02
