#  Fermi level (eV): -10.042
#  Charge transfer :  -0.049
# Electron counts for each magnetic-orbital momentum:
#       0     1      0.000
#       1     2      0.000
#       1     3      0.000
#       1     4      0.000
#       2     5      0.000
#       2     6      0.000
#       2     7      0.000
#       2     8      0.000
#       2     9      0.000
#       3    10      0.000
#       3    11      0.000
#       3    12      0.000
#       3    13      0.000
#       3    14      0.000
#       3    15      0.000
#       3    16      0.000
#  Number of atoms in cluster: 137
#  Lorentzian broadening with HWHH     0.1000 eV
# -----------------------------------------------------------------------
#      e      s(0)DOS-up   p(-1)DOS-up   p(0)DOS-up   p(+1)DOS-up  d(-2)DOS-up  d(-1)DOS-up   d(0)DOS-up   d(+1)DOS-up  d(+2)DOS-up  f(-3)DOS-up   f(-2)DOS-up   f(-1)DOS-up  f(0)DOS-up   f(+1)DOS-up   f(+2)DOS-up   f(+3)DOS-up  s(0)DOS-dn   p(-1)DOS-dn   p(0)DOS-dn   p(+1)DOS-dn  d(-2)DOS-dn  d(-1)DOS-dn   d(0)DOS-dn   d(+1)DOS-dn  d(+2)DOS-dn  f(-3)DOS-dn   f(-2)DOS-dn   f(-1)DOS-dn  f(0)DOS-dn   f(+1)DOS-dn   f(+2)DOS-dn   f(+3)DOS-dn   @#
   -25.0000  1.223482E-02  2.279800E-03  2.274196E-03  2.276424E-03  2.545765E-05  2.545765E-05  2.545765E-05  2.545765E-05  2.545765E-05  8.649244E-06  8.649244E-06  8.649244E-06  8.649244E-06  8.649244E-06  8.649244E-06  8.649244E-06  2.954253E-02  2.634126E-02  2.635568E-02  2.635827E-02  2.547523E-05  2.547523E-05  2.547523E-05  2.547523E-05  2.547523E-05  8.652751E-06  8.652751E-06  8.652751E-06  8.652751E-06  8.652751E-06  8.652751E-06  8.652751E-06
   -24.7588  4.580984E-03  1.956326E-03  1.952491E-03  1.953900E-03  2.577843E-05  2.577843E-05  2.577843E-05  2.577843E-05  2.577843E-05  8.706295E-06  8.706295E-06  8.706295E-06  8.706295E-06  8.706295E-06  8.706295E-06  8.706295E-06  1.282092E-02  1.117891E-02  1.118117E-02  1.118082E-02  2.579655E-05  2.579655E-05  2.579655E-05  2.579655E-05  2.579655E-05  8.709856E-06  8.709856E-06  8.709856E-06  8.709856E-06  8.709856E-06  8.709856E-06  8.709856E-06
   -24.5176  2.901064E-03  1.861733E-03  1.858625E-03  1.859579E-03  2.610860E-05  2.610860E-05  2.610860E-05  2.610860E-05  2.610860E-05  8.764237E-06  8.764237E-06  8.764237E-06  8.764237E-06  8.764237E-06  8.764237E-06  8.764237E-06  3.988706E-02  3.908871E-03  3.909312E-03  3.909253E-03  2.612728E-05  2.612728E-05  2.612728E-05  2.612728E-05  2.612728E-05  8.767863E-06  8.767863E-06  8.767863E-06  8.767863E-06  8.767863E-06  8.767863E-06  8.767863E-06
   -24.2764  2.186643E-03  1.865909E-03  1.863264E-03  1.864009E-03  2.644868E-05  2.644868E-05  2.644868E-05  2.644868E-05  2.644868E-05  8.823112E-06  8.823112E-06  8.823112E-06  8.823112E-06  8.823112E-06  8.823112E-06  8.823112E-06  1.222911E-02  2.706764E-03  2.707233E-03  2.707228E-03  2.646796E-05  2.646796E-05  2.646796E-05  2.646796E-05  2.646796E-05  8.826793E-06  8.826793E-06  8.826793E-06  8.826793E-06  8.826793E-06  8.826793E-06  8.826793E-06
   -24.0352  1.782977E-03  1.927379E-03  1.924810E-03  1.925431E-03  2.679927E-05  2.679927E-05  2.679927E-05  2.679927E-05  2.679927E-05  8.882938E-06  8.882938E-06  8.882938E-06  8.882938E-06  8.882938E-06  8.882938E-06  8.882938E-06  4.464847E-03  2.348772E-03  2.349044E-03  2.349077E-03  2.681918E-05  2.681918E-05  2.681918E-05  2.681918E-05  2.681918E-05  8.886575E-06  8.886575E-06  8.886575E-06  8.886575E-06  8.886575E-06  8.886575E-06  8.886575E-06
   -23.7940  1.518612E-03  2.030505E-03  2.027624E-03  2.028212E-03  2.716101E-05  2.716101E-05  2.716101E-05  2.716101E-05  2.716101E-05  8.943746E-06  8.943746E-06  8.943746E-06  8.943746E-06  8.943746E-06  8.943746E-06  8.943746E-06  2.771549E-03  2.248717E-03  2.248739E-03  2.248804E-03  2.718160E-05  2.718160E-05  2.718160E-05  2.718160E-05  2.718160E-05  8.947461E-06  8.947461E-06  8.947461E-06  8.947461E-06  8.947461E-06  8.947461E-06  8.947461E-06
   -23.5528  1.329573E-03  2.169521E-03  2.166527E-03  2.167107E-03  2.753461E-05  2.753461E-05  2.753461E-05  2.753461E-05  2.753461E-05  9.005587E-06  9.005587E-06  9.005587E-06  9.005587E-06  9.005587E-06  9.005587E-06  9.005587E-06  2.062177E-03  2.266728E-03  2.266630E-03  2.266715E-03  2.755592E-05  2.755592E-05  2.755592E-05  2.755592E-05  2.755592E-05  9.009372E-06  9.009372E-06  9.009372E-06  9.009372E-06  9.009372E-06  9.009372E-06  9.009372E-06
   -23.3116  1.186361E-03  2.344819E-03  2.341357E-03  2.341777E-03  2.792089E-05  2.792089E-05  2.792089E-05  2.792089E-05  2.792089E-05  9.068480E-06  9.068480E-06  9.068480E-06  9.068480E-06  9.068480E-06  9.068480E-06  9.068480E-06  1.667475E-03  2.356716E-03  2.356687E-03  2.356668E-03  2.794297E-05  2.794297E-05  2.794297E-05  2.794297E-05  2.794297E-05  9.072326E-06  9.072326E-06  9.072326E-06  9.072326E-06  9.072326E-06  9.072326E-06  9.072326E-06
   -23.0704  1.073404E-03  2.559354E-03  2.555173E-03  2.555792E-03  2.832074E-05  2.832074E-05  2.832074E-05  2.832074E-05  2.832074E-05  9.132495E-06  9.132495E-06  9.132495E-06  9.132495E-06  9.132495E-06  9.132495E-06  9.132495E-06  1.412562E-03  2.502599E-03  2.502378E-03  2.502577E-03  2.834364E-05  2.834364E-05  2.834364E-05  2.834364E-05  2.834364E-05  9.136407E-06  9.136407E-06  9.136407E-06  9.136407E-06  9.136407E-06  9.136407E-06  9.136407E-06
   -22.8291  9.816906E-04  2.818805E-03  2.814070E-03  2.814696E-03  2.873517E-05  2.873517E-05  2.873517E-05  2.873517E-05  2.873517E-05  9.197622E-06  9.197622E-06  9.197622E-06  9.197622E-06  9.197622E-06  9.197622E-06  9.197622E-06  1.232397E-03  2.699060E-03  2.698697E-03  2.698905E-03  2.875895E-05  2.875895E-05  2.875895E-05  2.875895E-05  2.875895E-05  9.201618E-06  9.201618E-06  9.201618E-06  9.201618E-06  9.201618E-06  9.201618E-06  9.201618E-06
   -22.5879  9.055180E-04  3.132934E-03  3.126845E-03  3.128005E-03  2.916533E-05  2.916533E-05  2.916533E-05  2.916533E-05  2.916533E-05  9.263963E-06  9.263963E-06  9.263963E-06  9.263963E-06  9.263963E-06  9.263963E-06  9.263963E-06  1.097343E-03  2.948856E-03  2.949020E-03  2.949171E-03  2.919007E-05  2.919007E-05  2.919007E-05  2.919007E-05  2.919007E-05  9.268126E-06  9.268126E-06  9.268126E-06  9.268126E-06  9.268126E-06  9.268126E-06  9.268126E-06
   -22.3467  8.409799E-04  3.513157E-03  3.506595E-03  3.507278E-03  2.961254E-05  2.961254E-05  2.961254E-05  2.961254E-05  2.961254E-05  9.331609E-06  9.331609E-06  9.331609E-06  9.331609E-06  9.331609E-06  9.331609E-06  9.331609E-06  9.919146E-04  3.259718E-03  3.259744E-03  3.259916E-03  2.963833E-05  2.963833E-05  2.963833E-05  2.963833E-05  2.963833E-05  9.335820E-06  9.335820E-06  9.335820E-06  9.335820E-06  9.335820E-06  9.335820E-06  9.335820E-06
   -22.1055  7.859703E-04  3.980516E-03  3.971849E-03  3.973115E-03  3.007835E-05  3.007835E-05  3.007835E-05  3.007835E-05  3.007835E-05  9.400598E-06  9.400598E-06  9.400598E-06  9.400598E-06  9.400598E-06  9.400598E-06  9.400598E-06  9.069288E-04  3.642837E-03  3.643018E-03  3.643267E-03  3.010528E-05  3.010528E-05  3.010528E-05  3.010528E-05  3.010528E-05  9.404942E-06  9.404942E-06  9.404942E-06  9.404942E-06  9.404942E-06  9.404942E-06  9.404942E-06
   -21.8643  7.379862E-04  4.555790E-03  4.545034E-03  4.547028E-03  3.056455E-05  3.056455E-05  3.056455E-05  3.056455E-05  3.056455E-05  9.470786E-06  9.470786E-06  9.470786E-06  9.470786E-06  9.470786E-06  9.470786E-06  9.470786E-06  8.367565E-04  4.116230E-03  4.116617E-03  4.116533E-03  3.059273E-05  3.059273E-05  3.059273E-05  3.059273E-05  3.059273E-05  9.475353E-06  9.475353E-06  9.475353E-06  9.475353E-06  9.475353E-06  9.475353E-06  9.475353E-06
   -21.6231  6.961204E-04  5.277640E-03  5.265078E-03  5.266674E-03  3.107330E-05  3.107330E-05  3.107330E-05  3.107330E-05  3.107330E-05  9.542162E-06  9.542162E-06  9.542162E-06  9.542162E-06  9.542162E-06  9.542162E-06  9.542162E-06  7.779403E-04  4.707333E-03  4.707091E-03  4.707206E-03  3.110287E-05  3.110287E-05  3.110287E-05  3.110287E-05  3.110287E-05  9.546717E-06  9.546717E-06  9.546717E-06  9.546717E-06  9.546717E-06  9.546717E-06  9.546717E-06
   -21.3819  6.593441E-04  6.200737E-03  6.183560E-03  6.187342E-03  3.160722E-05  3.160722E-05  3.160722E-05  3.160722E-05  3.160722E-05  9.618170E-06  9.618170E-06  9.618170E-06  9.618170E-06  9.618170E-06  9.618170E-06  9.618170E-06  7.279843E-04  5.454999E-03  5.453300E-03  5.453128E-03  3.163835E-05  3.163835E-05  3.163835E-05  3.163835E-05  3.163835E-05  9.620113E-06  9.620113E-06  9.620113E-06  9.620113E-06  9.620113E-06  9.620113E-06  9.620113E-06
   -21.1407  6.266362E-04  7.401852E-03  7.375636E-03  7.377085E-03  3.216956E-05  3.216956E-05  3.216956E-05  3.216956E-05  3.216956E-05  9.693095E-06  9.693095E-06  9.693095E-06  9.693095E-06  9.693095E-06  9.693095E-06  9.693095E-06  6.850982E-04  6.412453E-03  6.412649E-03  6.412587E-03  3.220246E-05  3.220246E-05  3.220246E-05  3.220246E-05  3.220246E-05  9.695505E-06  9.695505E-06  9.695505E-06  9.695505E-06  9.695505E-06  9.695505E-06  9.695505E-06
   -20.8995  5.967581E-04  8.990782E-03  8.960569E-03  8.959387E-03  3.276453E-05  3.276453E-05  3.276453E-05  3.276453E-05  3.276453E-05  9.788925E-06  9.788925E-06  9.788925E-06  9.788925E-06  9.788925E-06  9.788925E-06  9.788925E-06  6.474736E-04  7.659103E-03  7.664083E-03  7.662052E-03  3.279946E-05  3.279946E-05  3.279946E-05  3.279946E-05  3.279946E-05  9.762515E-06  9.762515E-06  9.762515E-06  9.762515E-06  9.762515E-06  9.762515E-06  9.762515E-06
   -20.6583  5.715944E-04  1.121024E-02  1.117424E-02  1.117226E-02  3.339770E-05  3.339770E-05  3.339770E-05  3.339770E-05  3.339770E-05  9.812088E-06  9.812088E-06  9.812088E-06  9.812088E-06  9.812088E-06  9.812088E-06  9.812088E-06  6.144466E-04  9.336681E-03  9.336420E-03  9.343436E-03  3.343506E-05  3.343506E-05  3.343506E-05  3.343506E-05  3.343506E-05  9.946412E-06  9.946412E-06  9.946412E-06  9.946412E-06  9.946412E-06  9.946412E-06  9.946412E-06
   -20.4171  5.496296E-04  1.438835E-02  1.434118E-02  1.432262E-02  3.407707E-05  3.407707E-05  3.407707E-05  3.407707E-05  3.407707E-05  1.023555E-05  1.023555E-05  1.023555E-05  1.023555E-05  1.023555E-05  1.023555E-05  1.023555E-05  5.834638E-04  1.160719E-02  1.161993E-02  1.163034E-02  3.411741E-05  3.411741E-05  3.411741E-05  3.411741E-05  3.411741E-05  9.968557E-06  9.968557E-06  9.968557E-06  9.968557E-06  9.968557E-06  9.968557E-06  9.968557E-06
   -20.1759  5.203712E-04  1.930752E-02  1.902670E-02  1.894407E-02  3.481524E-05  3.481524E-05  3.481524E-05  3.481524E-05  3.481524E-05  1.332698E-05  1.332698E-05  1.332698E-05  1.332698E-05  1.332698E-05  1.332698E-05  1.332698E-05  5.729298E-04  1.517993E-02  1.532220E-02  1.541423E-02  3.485944E-05  3.485944E-05  3.485944E-05  3.485944E-05  3.485944E-05  1.331930E-05  1.331930E-05  1.331930E-05  1.331930E-05  1.331930E-05  1.331930E-05  1.331930E-05
   -19.9347  7.433888E-04  5.140947E-02  5.250148E-02  5.175989E-02  3.563561E-05  3.563561E-05  3.563561E-05  3.563561E-05  3.563561E-05  7.972712E-06  7.972712E-06  7.972712E-06  7.972712E-06  7.972712E-06  7.972712E-06  7.972712E-06  8.968409E-05 -3.925185E-04 -3.958087E-04 -3.933728E-04  3.568639E-05  3.568639E-05  3.568639E-05  3.568639E-05  3.568639E-05  7.331808E-06  7.331808E-06  7.331808E-06  7.331808E-06  7.331808E-06  7.331808E-06  7.331808E-06
   -19.6935  4.599903E-04  3.443546E-02  3.423590E-02  3.443770E-02  3.660874E-05  3.660874E-05  3.660874E-05  3.660874E-05  3.660874E-05  1.074765E-05  1.074765E-05  1.074765E-05  1.074765E-05  1.074765E-05  1.074765E-05  1.074765E-05  5.281013E-04  2.713597E-02  2.716168E-02  2.714647E-02  3.666902E-05  3.666902E-05  3.666902E-05  3.666902E-05  3.666902E-05  8.846285E-06  8.846285E-06  8.846285E-06  8.846285E-06  8.846285E-06  8.846285E-06  8.846285E-06
   -19.4523  4.878780E-04  6.934136E-02  6.848062E-02  6.855031E-02  3.801749E-05  3.801749E-05  3.801749E-05  3.801749E-05  3.801749E-05  1.318396E-05  1.318396E-05  1.318396E-05  1.318396E-05  1.318396E-05  1.318396E-05  1.318396E-05  5.106752E-04  4.448807E-02  4.449499E-02  4.445667E-02  3.811810E-05  3.811810E-05  3.811810E-05  3.811810E-05  3.811810E-05  1.334647E-05  1.334647E-05  1.334647E-05  1.334647E-05  1.334647E-05  1.334647E-05  1.334647E-05
   -19.2111  4.779280E-04  1.410129E-01  1.386172E-01  1.392668E-01  4.020282E-05  4.020282E-05  4.020282E-05  4.020282E-05  4.020282E-05  1.141154E-05  1.141154E-05  1.141154E-05  1.141154E-05  1.141154E-05  1.141154E-05  1.141154E-05  4.964507E-04  7.680671E-02  7.674281E-02  7.679898E-02  4.035588E-05  4.035588E-05  4.035588E-05  4.035588E-05  4.035588E-05  1.088021E-05  1.088021E-05  1.088021E-05  1.088021E-05  1.088021E-05  1.088021E-05  1.088021E-05
   -18.9698  4.735343E-04  4.307206E-01  4.181322E-01  4.206865E-01  4.342065E-05  4.342065E-05  4.342065E-05  4.342065E-05  4.342065E-05  1.048245E-05  1.048245E-05  1.048245E-05  1.048245E-05  1.048245E-05  1.048245E-05  1.048245E-05  4.900972E-04  1.664656E-01  1.663640E-01  1.664315E-01  4.363851E-05  4.363851E-05  4.363851E-05  4.363851E-05  4.363851E-05  1.053639E-05  1.053639E-05  1.053639E-05  1.053639E-05  1.053639E-05  1.053639E-05  1.053639E-05
   -18.7286  4.766995E-04  3.153965E+00  3.029208E+00  3.057962E+00  4.786420E-05  4.786420E-05  4.786420E-05  4.786420E-05  4.786420E-05  1.058905E-05  1.058905E-05  1.058905E-05  1.058905E-05  1.058905E-05  1.058905E-05  1.058905E-05  4.887668E-04  5.821159E-01  5.818253E-01  5.824708E-01  4.815676E-05  4.815676E-05  4.815676E-05  4.815676E-05  4.815676E-05  1.060906E-05  1.060906E-05  1.060906E-05  1.060906E-05  1.060906E-05  1.060906E-05  1.060906E-05
   -18.4874  4.875912E-04  9.319682E-01  9.699878E-01  9.591145E-01  5.369189E-05  5.369189E-05  5.369189E-05  5.369189E-05  5.369189E-05  1.072814E-05  1.072814E-05  1.072814E-05  1.072814E-05  1.072814E-05  1.072814E-05  1.072814E-05  4.959251E-04  3.679809E+00  3.680024E+00  3.680157E+00  5.406756E-05  5.406756E-05  5.406756E-05  5.406756E-05  5.406756E-05  1.073711E-05  1.073711E-05  1.073711E-05  1.073711E-05  1.073711E-05  1.073711E-05  1.073711E-05
   -18.2462  5.213506E-04  3.269099E-01  3.337693E-01  3.319982E-01  6.103835E-05  6.103835E-05  6.103835E-05  6.103835E-05  6.103835E-05  1.088681E-05  1.088681E-05  1.088681E-05  1.088681E-05  1.088681E-05  1.088681E-05  1.088681E-05  5.195101E-04  7.159701E-01  7.161196E-01  7.155821E-01  6.150441E-05  6.150441E-05  6.150441E-05  6.150441E-05  6.150441E-05  1.089670E-05  1.089670E-05  1.089670E-05  1.089670E-05  1.089670E-05  1.089670E-05  1.089670E-05
   -18.0050  6.116327E-04  2.656173E-01  2.715039E-01  2.698778E-01  7.002045E-05  7.002045E-05  7.002045E-05  7.002045E-05  7.002045E-05  1.107259E-05  1.107259E-05  1.107259E-05  1.107259E-05  1.107259E-05  1.107259E-05  1.107259E-05  5.787878E-04  4.941878E-01  4.942999E-01  4.940210E-01  7.058334E-05  7.058334E-05  7.058334E-05  7.058334E-05  7.058334E-05  1.108469E-05  1.108469E-05  1.108469E-05  1.108469E-05  1.108469E-05  1.108469E-05  1.108469E-05
   -17.7638  8.783851E-04  1.039718E-01  1.053490E-01  1.051149E-01  8.074110E-05  8.074110E-05  8.074110E-05  8.074110E-05  8.074110E-05  1.129260E-05  1.129260E-05  1.129260E-05  1.129260E-05  1.129260E-05  1.129260E-05  1.129260E-05  7.335609E-04  1.788700E-01  1.789122E-01  1.788132E-01  8.140660E-05  8.140660E-05  8.140660E-05  8.140660E-05  8.140660E-05  1.130678E-05  1.130678E-05  1.130678E-05  1.130678E-05  1.130678E-05  1.130678E-05  1.130678E-05
   -17.5226  1.608730E-03  7.580668E-02  7.610778E-02  7.648735E-02  9.329191E-05  9.329191E-05  9.329191E-05  9.329191E-05  9.329191E-05  1.155229E-05  1.155229E-05  1.155229E-05  1.155229E-05  1.155229E-05  1.155229E-05  1.155229E-05  1.166669E-03  9.655665E-02  9.657405E-02  9.655282E-02  9.406522E-05  9.406522E-05  9.406522E-05  9.406522E-05  9.406522E-05  1.156895E-05  1.156895E-05  1.156895E-05  1.156895E-05  1.156895E-05  1.156895E-05  1.156895E-05
   -17.2814  2.079613E-03  8.153170E-02  8.074668E-02  8.161752E-02  1.077549E-04  1.077549E-04  1.077549E-04  1.077549E-04  1.077549E-04  1.185798E-05  1.185798E-05  1.185798E-05  1.185798E-05  1.185798E-05  1.185798E-05  1.185798E-05  1.924344E-03  7.445630E-02  7.446268E-02  7.445393E-02  1.086408E-04  1.086408E-04  1.086408E-04  1.086408E-04  1.086408E-04  1.187746E-05  1.187746E-05  1.187746E-05  1.187746E-05  1.187746E-05  1.187746E-05  1.187746E-05
   -17.0402  1.852714E-03  1.294614E-01  1.295266E-01  1.314175E-01  1.242042E-04  1.242042E-04  1.242042E-04  1.242042E-04  1.242042E-04  1.221625E-05  1.221625E-05  1.221625E-05  1.221625E-05  1.221625E-05  1.221625E-05  1.221625E-05  1.821504E-03  1.213076E-01  1.212398E-01  1.212263E-01  1.252070E-04  1.252070E-04  1.252070E-04  1.252070E-04  1.252070E-04  1.223894E-05  1.223894E-05  1.223894E-05  1.223894E-05  1.223894E-05  1.223894E-05  1.223894E-05
   -16.7990  2.471330E-03  7.942798E-02  8.101492E-02  8.045216E-02  1.427066E-04  1.427066E-04  1.427066E-04  1.427066E-04  1.427066E-04  1.263387E-05  1.263387E-05  1.263387E-05  1.263387E-05  1.263387E-05  1.263387E-05  1.263387E-05  1.797816E-03  1.032907E-01  1.033220E-01  1.032676E-01  1.438302E-04  1.438302E-04  1.438302E-04  1.438302E-04  1.438302E-04  1.266017E-05  1.266017E-05  1.266017E-05  1.266017E-05  1.266017E-05  1.266017E-05  1.266017E-05
   -16.5578  4.541418E-03  6.358207E-02  6.468815E-02  6.454058E-02  1.633229E-04  1.633229E-04  1.633229E-04  1.633229E-04  1.633229E-04  1.311775E-05  1.311775E-05  1.311775E-05  1.311775E-05  1.311775E-05  1.311775E-05  1.311775E-05  2.520191E-03  8.688629E-02  8.696826E-02  8.692229E-02  1.645711E-04  1.645711E-04  1.645711E-04  1.645711E-04  1.645711E-04  1.314807E-05  1.314807E-05  1.314807E-05  1.314807E-05  1.314807E-05  1.314807E-05  1.314807E-05
   -16.3166  3.592033E-03  8.853020E-02  8.627953E-02  8.960014E-02  1.861083E-04  1.861083E-04  1.861083E-04  1.861083E-04  1.861083E-04  1.367501E-05  1.367501E-05  1.367501E-05  1.367501E-05  1.367501E-05  1.367501E-05  1.367501E-05  4.287599E-03  7.744809E-02  7.751044E-02  7.748640E-02  1.874845E-04  1.874845E-04  1.874845E-04  1.874845E-04  1.874845E-04  1.370976E-05  1.370976E-05  1.370976E-05  1.370976E-05  1.370976E-05  1.370976E-05  1.370976E-05
   -16.0754  3.491283E-03  9.675734E-02  1.007935E-01  9.922111E-02  2.111133E-04  2.111133E-04  2.111133E-04  2.111133E-04  2.111133E-04  1.431285E-05  1.431285E-05  1.431285E-05  1.431285E-05  1.431285E-05  1.431285E-05  1.431285E-05  4.985654E-03  9.930284E-02  9.929351E-02  9.936348E-02  2.126206E-04  2.126206E-04  2.126206E-04  2.126206E-04  2.126206E-04  1.435246E-05  1.435246E-05  1.435246E-05  1.435246E-05  1.435246E-05  1.435246E-05  1.435246E-05
   -15.8342  4.247293E-03  7.352038E-02  7.568483E-02  7.486178E-02  2.383836E-04  2.383836E-04  2.383836E-04  2.383836E-04  2.383836E-04  1.503861E-05  1.503861E-05  1.503861E-05  1.503861E-05  1.503861E-05  1.503861E-05  1.503861E-05  3.484121E-03  1.387813E-01  1.386809E-01  1.386980E-01  2.400250E-04  2.400250E-04  2.400250E-04  2.400250E-04  2.400250E-04  1.508352E-05  1.508352E-05  1.508352E-05  1.508352E-05  1.508352E-05  1.508352E-05  1.508352E-05
   -15.5930  4.640365E-03  5.937896E-02  6.023492E-02  6.002598E-02  2.679610E-04  2.679610E-04  2.679610E-04  2.679610E-04  2.679610E-04  1.585973E-05  1.585973E-05  1.585973E-05  1.585973E-05  1.585973E-05  1.585973E-05  1.585973E-05  4.120596E-03  8.236606E-02  8.240616E-02  8.221050E-02  2.697394E-04  2.697394E-04  2.697394E-04  2.697394E-04  2.697394E-04  1.591036E-05  1.591036E-05  1.591036E-05  1.591036E-05  1.591036E-05  1.591036E-05  1.591036E-05
   -15.3518  5.436136E-03  6.345968E-02  6.183866E-02  6.629141E-02  2.998838E-04  2.998838E-04  2.998838E-04  2.998838E-04  2.998838E-04  1.678372E-05  1.678372E-05  1.678372E-05  1.678372E-05  1.678372E-05  1.678372E-05  1.678372E-05  5.898378E-03  6.201104E-02  6.206617E-02  6.195591E-02  3.018016E-04  3.018016E-04  3.018016E-04  3.018016E-04  3.018016E-04  1.684052E-05  1.684052E-05  1.684052E-05  1.684052E-05  1.684052E-05  1.684052E-05  1.684052E-05
   -15.1106  2.595073E-03  6.124832E-02  6.124113E-02  6.122784E-02  3.341867E-04  3.341867E-04  3.341867E-04  3.341867E-04  3.341867E-04  1.781817E-05  1.781817E-05  1.781817E-05  1.781817E-05  1.781817E-05  1.781817E-05  1.781817E-05  8.326348E-03  5.468602E-02  5.474345E-02  5.467246E-02  3.362461E-04  3.362461E-04  3.362461E-04  3.362461E-04  3.362461E-04  1.788159E-05  1.788159E-05  1.788159E-05  1.788159E-05  1.788159E-05  1.788159E-05  1.788159E-05
   -14.8693  1.814233E-03  3.826992E-02  3.899130E-02  4.001027E-02  3.709011E-04  3.709011E-04  3.709011E-04  3.709011E-04  3.709011E-04  1.897071E-05  1.897071E-05  1.897071E-05  1.897071E-05  1.897071E-05  1.897071E-05  1.897071E-05  1.069808E-02  7.496118E-02  7.508088E-02  7.509236E-02  3.731045E-04  3.731045E-04  3.731045E-04  3.731045E-04  3.731045E-04  1.904120E-05  1.904120E-05  1.904120E-05  1.904120E-05  1.904120E-05  1.904120E-05  1.904120E-05
   -14.6281  1.380391E-03  4.015967E-02  4.002548E-02  3.831383E-02  4.100558E-04  4.100558E-04  4.100558E-04  4.100558E-04  4.100558E-04  2.024903E-05  2.024903E-05  2.024903E-05  2.024903E-05  2.024903E-05  2.024903E-05  2.024903E-05  6.403328E-03  7.070853E-02  7.075328E-02  7.090683E-02  4.124053E-04  4.124053E-04  4.124053E-04  4.124053E-04  4.124053E-04  2.032705E-05  2.032705E-05  2.032705E-05  2.032705E-05  2.032705E-05  2.032705E-05  2.032705E-05
   -14.3869  1.321290E-03  4.884366E-02  4.534772E-02  4.410592E-02  4.516766E-04  4.516766E-04  4.516766E-04  4.516766E-04  4.516766E-04  2.166085E-05  2.166085E-05  2.166085E-05  2.166085E-05  2.166085E-05  2.166085E-05  2.166085E-05  2.370305E-03  9.829785E-02  9.829161E-02  9.841683E-02  4.541741E-04  4.541741E-04  4.541741E-04  4.541741E-04  4.541741E-04  2.174686E-05  2.174686E-05  2.174686E-05  2.174686E-05  2.174686E-05  2.174686E-05  2.174686E-05
   -14.1457  1.323940E-03  4.273430E-02  4.125739E-02  4.047477E-02  4.957870E-04  4.957870E-04  4.957870E-04  4.957870E-04  4.957870E-04  2.321392E-05  2.321392E-05  2.321392E-05  2.321392E-05  2.321392E-05  2.321392E-05  2.321392E-05  1.208525E-03  4.909732E-02  4.888214E-02  4.877195E-02  4.984343E-04  4.984343E-04  4.984343E-04  4.984343E-04  4.984343E-04  2.330838E-05  2.330838E-05  2.330838E-05  2.330838E-05  2.330838E-05  2.330838E-05  2.330838E-05
   -13.9045  9.466796E-04  1.746818E-02  1.699373E-02  1.652092E-02  5.424078E-04  5.424078E-04  5.424078E-04  5.424078E-04  5.424078E-04  2.491598E-05  2.491598E-05  2.491598E-05  2.491598E-05  2.491598E-05  2.491598E-05  2.491598E-05  8.557960E-04  2.568885E-02  2.553919E-02  2.549355E-02  5.452066E-04  5.452066E-04  5.452066E-04  5.452066E-04  5.452066E-04  2.501936E-05  2.501936E-05  2.501936E-05  2.501936E-05  2.501936E-05  2.501936E-05  2.501936E-05
   -13.6633  1.643781E-03  2.702625E-02  2.832759E-02  2.545842E-02  5.915578E-04  5.915578E-04  5.915578E-04  5.915578E-04  5.915578E-04  2.677482E-05  2.677482E-05  2.677482E-05  2.677482E-05  2.677482E-05  2.677482E-05  2.677482E-05  6.809613E-04  2.544609E-02  2.540830E-02  2.540274E-02  5.945097E-04  5.945097E-04  5.945097E-04  5.945097E-04  5.945097E-04  2.688758E-05  2.688758E-05  2.688758E-05  2.688758E-05  2.688758E-05  2.688758E-05  2.688758E-05
   -13.4221  2.084736E-03  4.446622E-02  4.352102E-02  3.107400E-02  6.432536E-04  6.432536E-04  6.432536E-04  6.432536E-04  6.432536E-04  2.879818E-05  2.879818E-05  2.879818E-05  2.879818E-05  2.879818E-05  2.879818E-05  2.879818E-05  5.749027E-04  9.151552E-03  9.145060E-03  9.145012E-03  6.463601E-04  6.463601E-04  6.463601E-04  6.463601E-04  6.463601E-04  2.892079E-05  2.892079E-05  2.892079E-05  2.892079E-05  2.892079E-05  2.892079E-05  2.892079E-05
   -13.1809  3.127078E-03  3.907250E-02  4.192990E-02  3.215562E-02  6.975099E-04  6.975099E-04  6.975099E-04  6.975099E-04  6.975099E-04  3.099382E-05  3.099382E-05  3.099382E-05  3.099382E-05  3.099382E-05  3.099382E-05  3.099382E-05  5.141706E-04  5.676107E-03  5.671302E-03  5.671130E-03  7.007722E-04  7.007722E-04  7.007722E-04  7.007722E-04  7.007722E-04  3.112675E-05  3.112675E-05  3.112675E-05  3.112675E-05  3.112675E-05  3.112675E-05  3.112675E-05
   -12.9397  4.237813E-03  3.769882E-02  3.653142E-02  4.520675E-02  7.543392E-04  7.543392E-04  7.543392E-04  7.543392E-04  7.543392E-04  3.336948E-05  3.336948E-05  3.336948E-05  3.336948E-05  3.336948E-05  3.336948E-05  3.336948E-05  4.772955E-04  4.278645E-03  4.275227E-03  4.275005E-03  7.577587E-04  7.577587E-04  7.577587E-04  7.577587E-04  7.577587E-04  3.351319E-05  3.351319E-05  3.351319E-05  3.351319E-05  3.351319E-05  3.351319E-05  3.351319E-05
   -12.6985  6.771323E-03  4.394515E-02  4.246507E-02  4.787060E-02  8.137524E-04  8.137524E-04  8.137524E-04  8.137524E-04  8.137524E-04  3.593287E-05  3.593287E-05  3.593287E-05  3.593287E-05  3.593287E-05  3.593287E-05  3.593287E-05  4.554426E-04  3.505338E-03  3.502923E-03  3.502732E-03  8.173303E-04  8.173303E-04  8.173303E-04  8.173303E-04  8.173303E-04  3.608783E-05  3.608783E-05  3.608783E-05  3.608783E-05  3.608783E-05  3.608783E-05  3.608783E-05
   -12.4573  8.995078E-03  5.251751E-02  4.093074E-02  5.434774E-02  8.757587E-04  8.757587E-04  8.757587E-04  8.757587E-04  8.757587E-04  3.869168E-05  3.869168E-05  3.869168E-05  3.869168E-05  3.869168E-05  3.869168E-05  3.869168E-05  4.442805E-04  3.011984E-03  3.010280E-03  3.010132E-03  8.794961E-04  8.794961E-04  8.794961E-04  8.794961E-04  8.794961E-04  3.885836E-05  3.885836E-05  3.885836E-05  3.885836E-05  3.885836E-05  3.885836E-05  3.885836E-05
   -12.2161  5.767042E-03  2.282190E-02  1.881733E-02  2.426245E-02  9.403656E-04  9.403656E-04  9.403656E-04  9.403656E-04  9.403656E-04  4.165355E-05  4.165355E-05  4.165355E-05  4.165355E-05  4.165355E-05  4.165355E-05  4.165355E-05  4.415610E-04  2.673816E-03  2.672639E-03  2.672576E-03  9.442634E-04  9.442634E-04  9.442634E-04  9.442634E-04  9.442634E-04  4.183242E-05  4.183242E-05  4.183242E-05  4.183242E-05  4.183242E-05  4.183242E-05  4.183242E-05
   -11.9749  1.712104E-03  9.977372E-03  7.328972E-03  1.044194E-02  1.007579E-03  1.007579E-03  1.007579E-03  1.007579E-03  1.007579E-03  4.482609E-05  4.482609E-05  4.482609E-05  4.482609E-05  4.482609E-05  4.482609E-05  4.482609E-05  4.462197E-04  2.434630E-03  2.433897E-03  2.433891E-03  1.011638E-03  1.011638E-03  1.011638E-03  1.011638E-03  1.011638E-03  4.501763E-05  4.501763E-05  4.501763E-05  4.501763E-05  4.501763E-05  4.501763E-05  4.501763E-05
   -11.7337  1.030594E-03  5.439676E-03  4.544854E-03  5.567509E-03  1.077403E-03  1.077403E-03  1.077403E-03  1.077403E-03  1.077403E-03  4.821689E-05  4.821689E-05  4.821689E-05  4.821689E-05  4.821689E-05  4.821689E-05  4.821689E-05  4.580819E-04  2.266518E-03  2.266181E-03  2.266233E-03  1.081624E-03  1.081624E-03  1.081624E-03  1.081624E-03  1.081624E-03  4.842154E-05  4.842154E-05  4.842154E-05  4.842154E-05  4.842154E-05  4.842154E-05  4.842154E-05
   -11.4925  8.688257E-04  3.945418E-03  3.603219E-03  4.025119E-03  1.149841E-03  1.149841E-03  1.149841E-03  1.149841E-03  1.149841E-03  5.183343E-05  5.183343E-05  5.183343E-05  5.183343E-05  5.183343E-05  5.183343E-05  5.183343E-05  4.776114E-04  2.155652E-03  2.155689E-03  2.155834E-03  1.154225E-03  1.154225E-03  1.154225E-03  1.154225E-03  1.154225E-03  5.205168E-05  5.205168E-05  5.205168E-05  5.205168E-05  5.205168E-05  5.205168E-05  5.205168E-05
   -11.2513  8.682205E-04  3.358499E-03  3.279175E-03  3.447571E-03  1.224894E-03  1.224894E-03  1.224894E-03  1.224894E-03  1.224894E-03  5.568319E-05  5.568319E-05  5.568319E-05  5.568319E-05  5.568319E-05  5.568319E-05  5.568319E-05  5.059840E-04  2.097223E-03  2.097700E-03  2.097919E-03  1.229442E-03  1.229442E-03  1.229442E-03  1.229442E-03  1.229442E-03  5.591550E-05  5.591550E-05  5.591550E-05  5.591550E-05  5.591550E-05  5.591550E-05  5.591550E-05
   -11.0101  1.006374E-03  3.231068E-03  3.416492E-03  3.372716E-03  1.302562E-03  1.302562E-03  1.302562E-03  1.302562E-03  1.302562E-03  5.977358E-05  5.977358E-05  5.977358E-05  5.977358E-05  5.977358E-05  5.977358E-05  5.977358E-05  5.452027E-04  2.094176E-03  2.095179E-03  2.095493E-03  1.307274E-03  1.307274E-03  1.307274E-03  1.307274E-03  1.307274E-03  6.002040E-05  6.002040E-05  6.002040E-05  6.002040E-05  6.002040E-05  6.002040E-05  6.002040E-05
   -10.7688  1.491716E-03  3.722176E-03  4.534871E-03  4.020633E-03  1.382845E-03  1.382845E-03  1.382845E-03  1.382845E-03  1.382845E-03  6.411192E-05  6.411192E-05  6.411192E-05  6.411192E-05  6.411192E-05  6.411192E-05  6.411192E-05  5.984911E-04  2.159360E-03  2.161003E-03  2.161529E-03  1.387722E-03  1.387722E-03  1.387722E-03  1.387722E-03  1.387722E-03  6.437372E-05  6.437372E-05  6.437372E-05  6.437372E-05  6.437372E-05  6.437372E-05  6.437372E-05
   -10.5276  4.152176E-03  7.000518E-03  1.177265E-02  8.163161E-03  1.465739E-03  1.465739E-03  1.465739E-03  1.465739E-03  1.465739E-03  6.870549E-05  6.870549E-05  6.870549E-05  6.870549E-05  6.870549E-05  6.870549E-05  6.870549E-05  6.710078E-04  2.322376E-03  2.325046E-03  2.325875E-03  1.470781E-03  1.470781E-03  1.470781E-03  1.470781E-03  1.470781E-03  6.898273E-05  6.898273E-05  6.898273E-05  6.898273E-05  6.898273E-05  6.898273E-05  6.898273E-05
   -10.2864  1.151279E-02  2.103511E-02  3.063466E-02  2.706624E-02  1.551242E-03  1.551242E-03  1.551242E-03  1.551242E-03  1.551242E-03  7.356151E-05  7.356151E-05  7.356151E-05  7.356151E-05  7.356151E-05  7.356151E-05  7.356151E-05  7.714081E-04  2.648684E-03  2.652955E-03  2.654359E-03  1.556449E-03  1.556449E-03  1.556449E-03  1.556449E-03  1.556449E-03  7.385465E-05  7.385465E-05  7.385465E-05  7.385465E-05  7.385465E-05  7.385465E-05  7.385465E-05
   -10.0452  2.865552E-03  6.981520E-03  9.555554E-03  7.731913E-03  1.639347E-03  1.639347E-03  1.639347E-03  1.639347E-03  1.639347E-03  7.868711E-05  7.868711E-05  7.868711E-05  7.868711E-05  7.868711E-05  7.868711E-05  7.868711E-05  9.152695E-04  3.293923E-03  3.300931E-03  3.303684E-03  1.644720E-03  1.644720E-03  1.644720E-03  1.644720E-03  1.644720E-03  7.899659E-05  7.899659E-05  7.899659E-05  7.899659E-05  7.899659E-05  7.899659E-05  7.899659E-05
    -9.8040  1.876871E-03  5.084812E-03  5.711569E-03  5.261208E-03  1.730050E-03  1.730050E-03  1.730050E-03  1.730050E-03  1.730050E-03  8.408934E-05  8.408934E-05  8.408934E-05  8.408934E-05  8.408934E-05  8.408934E-05  8.408934E-05  1.134047E-03  4.689350E-03  4.701517E-03  4.708046E-03  1.735589E-03  1.735589E-03  1.735589E-03  1.735589E-03  1.735589E-03  8.441562E-05  8.441562E-05  8.441562E-05  8.441562E-05  8.441562E-05  8.441562E-05  8.441562E-05
    -9.5628  1.942647E-03  6.185320E-03  6.448338E-03  6.170157E-03  1.823343E-03  1.823343E-03  1.823343E-03  1.823343E-03  1.823343E-03  8.977517E-05  8.977517E-05  8.977517E-05  8.977517E-05  8.977517E-05  8.977517E-05  8.977517E-05  1.501614E-03  8.361889E-03  8.384798E-03  8.405723E-03  1.829048E-03  1.829048E-03  1.829048E-03  1.829048E-03  1.829048E-03  9.011870E-05  9.011870E-05  9.011870E-05  9.011870E-05  9.011870E-05  9.011870E-05  9.011870E-05
    -9.3216  2.480706E-03  1.073770E-02  1.103011E-02  1.051053E-02  1.919217E-03  1.919217E-03  1.919217E-03  1.919217E-03  1.919217E-03  9.575152E-05  9.575152E-05  9.575152E-05  9.575152E-05  9.575152E-05  9.575152E-05  9.575152E-05  2.232334E-03  2.209986E-02  2.214315E-02  2.224616E-02  1.925088E-03  1.925088E-03  1.925088E-03  1.925088E-03  1.925088E-03  9.611274E-05  9.611274E-05  9.611274E-05  9.611274E-05  9.611274E-05  9.611274E-05  9.611274E-05
    -9.0804  3.920885E-03  2.891462E-02  3.019727E-02  2.803399E-02  2.017663E-03  2.017663E-03  2.017663E-03  2.017663E-03  2.017663E-03  1.020252E-04  1.020252E-04  1.020252E-04  1.020252E-04  1.020252E-04  1.020252E-04  1.020252E-04  4.157690E-03  6.817311E-02  6.848660E-02  6.849244E-02  2.023701E-03  2.023701E-03  2.023701E-03  2.023701E-03  2.023701E-03  1.024045E-04  1.024045E-04  1.024045E-04  1.024045E-04  1.024045E-04  1.024045E-04  1.024045E-04
    -8.8392  8.832329E-03  6.142226E-02  5.760430E-02  6.030550E-02  2.118672E-03  2.118672E-03  2.118672E-03  2.118672E-03  2.118672E-03  1.086029E-04  1.086029E-04  1.086029E-04  1.086029E-04  1.086029E-04  1.086029E-04  1.086029E-04  1.075530E-02  3.494261E-02  3.520807E-02  3.506032E-02  2.124873E-03  2.124873E-03  2.124873E-03  2.124873E-03  2.124873E-03  1.090009E-04  1.090009E-04  1.090009E-04  1.090009E-04  1.090009E-04  1.090009E-04  1.090009E-04
    -8.5980  2.287977E-02  3.074734E-02  2.826128E-02  3.044669E-02  2.222230E-03  2.222230E-03  2.222230E-03  2.222230E-03  2.222230E-03  1.154913E-04  1.154913E-04  1.154913E-04  1.154913E-04  1.154913E-04  1.154913E-04  1.154913E-04  2.015513E-02  2.008247E-02  2.017987E-02  2.017847E-02  2.228597E-03  2.228597E-03  2.228597E-03  2.228597E-03  2.228597E-03  1.159083E-04  1.159083E-04  1.159083E-04  1.159083E-04  1.159083E-04  1.159083E-04  1.159083E-04
    -8.3568  1.486027E-02  1.841000E-02  1.762842E-02  1.822033E-02  2.328327E-03  2.328327E-03  2.328327E-03  2.328327E-03  2.328327E-03  1.226970E-04  1.226970E-04  1.226970E-04  1.226970E-04  1.226970E-04  1.226970E-04  1.226970E-04  1.131713E-02  1.266547E-02  1.271112E-02  1.271498E-02  2.334859E-03  2.334859E-03  2.334859E-03  2.334859E-03  2.334859E-03  1.231334E-04  1.231334E-04  1.231334E-04  1.231334E-04  1.231334E-04  1.231334E-04  1.231334E-04
    -8.1156  8.690917E-03  1.322863E-02  1.290811E-02  1.312017E-02  2.436948E-03  2.436948E-03  2.436948E-03  2.436948E-03  2.436948E-03  1.302264E-04  1.302264E-04  1.302264E-04  1.302264E-04  1.302264E-04  1.302264E-04  1.302264E-04  6.279335E-03  9.161333E-03  9.185230E-03  9.188886E-03  2.443646E-03  2.443646E-03  2.443646E-03  2.443646E-03  2.443646E-03  1.306827E-04  1.306827E-04  1.306827E-04  1.306827E-04  1.306827E-04  1.306827E-04  1.306827E-04
    -7.8744  7.043003E-03  1.129241E-02  1.113165E-02  1.122659E-02  2.548076E-03  2.548076E-03  2.548076E-03  2.548076E-03  2.548076E-03  1.380858E-04  1.380858E-04  1.380858E-04  1.380858E-04  1.380858E-04  1.380858E-04  1.380858E-04  4.824859E-03  7.681704E-03  7.689172E-03  7.696366E-03  2.554941E-03  2.554941E-03  2.554941E-03  2.554941E-03  2.554941E-03  1.385624E-04  1.385624E-04  1.385624E-04  1.385624E-04  1.385624E-04  1.385624E-04  1.385624E-04
    -7.6332  6.590608E-03  1.087684E-02  1.078039E-02  1.083191E-02  2.661701E-03  2.661701E-03  2.661701E-03  2.661701E-03  2.661701E-03  1.462815E-04  1.462815E-04  1.462815E-04  1.462815E-04  1.462815E-04  1.462815E-04  1.462815E-04  4.374311E-03  7.211661E-03  7.201528E-03  7.215123E-03  2.668731E-03  2.668731E-03  2.668731E-03  2.668731E-03  2.668731E-03  1.467789E-04  1.467789E-04  1.467789E-04  1.467789E-04  1.467789E-04  1.467789E-04  1.467789E-04
    -7.3920  6.596695E-03  1.138149E-02  1.129988E-02  1.135089E-02  2.777805E-03  2.777805E-03  2.777805E-03  2.777805E-03  2.777805E-03  1.548198E-04  1.548198E-04  1.548198E-04  1.548198E-04  1.548198E-04  1.548198E-04  1.548198E-04  4.273185E-03  7.495232E-03  7.462663E-03  7.486668E-03  2.784999E-03  2.784999E-03  2.784999E-03  2.784999E-03  2.784999E-03  1.553384E-04  1.553384E-04  1.553384E-04  1.553384E-04  1.553384E-04  1.553384E-04  1.553384E-04
    -7.1508  6.914432E-03  1.273321E-02  1.262762E-02  1.271907E-02  2.896369E-03  2.896369E-03  2.896369E-03  2.896369E-03  2.896369E-03  1.637067E-04  1.637067E-04  1.637067E-04  1.637067E-04  1.637067E-04  1.637067E-04  1.637067E-04  4.352305E-03  8.763900E-03  8.708169E-03  8.749158E-03  2.903727E-03  2.903727E-03  2.903727E-03  2.903727E-03  2.903727E-03  1.642468E-04  1.642468E-04  1.642468E-04  1.642468E-04  1.642468E-04  1.642468E-04  1.642468E-04
    -6.9095  7.564294E-03  1.615359E-02  1.596985E-02  1.615098E-02  3.017376E-03  3.017376E-03  3.017376E-03  3.017376E-03  3.017376E-03  1.729481E-04  1.729481E-04  1.729481E-04  1.729481E-04  1.729481E-04  1.729481E-04  1.729481E-04  4.615691E-03  1.227448E-02  1.224379E-02  1.230736E-02  3.024896E-03  3.024896E-03  3.024896E-03  3.024896E-03  3.024896E-03  1.735102E-04  1.735102E-04  1.735102E-04  1.735102E-04  1.735102E-04  1.735102E-04  1.735102E-04
    -6.6683  8.631870E-03  1.823825E-02  1.810033E-02  1.822684E-02  3.140807E-03  3.140807E-03  3.140807E-03  3.140807E-03  3.140807E-03  1.825500E-04  1.825500E-04  1.825500E-04  1.825500E-04  1.825500E-04  1.825500E-04  1.825500E-04  5.357243E-03  2.279934E-02  2.295989E-02  2.308000E-02  3.148489E-03  3.148489E-03  3.148489E-03  3.148489E-03  3.148489E-03  1.831345E-04  1.831345E-04  1.831345E-04  1.831345E-04  1.831345E-04  1.831345E-04  1.831345E-04
    -6.4271  1.023036E-02  1.299088E-02  1.294937E-02  1.296429E-02  3.266641E-03  3.266641E-03  3.266641E-03  3.266641E-03  3.266641E-03  1.925180E-04  1.925180E-04  1.925180E-04  1.925180E-04  1.925180E-04  1.925180E-04  1.925180E-04  7.609423E-03  3.351492E-02  3.209237E-02  3.392561E-02  3.274485E-03  3.274485E-03  3.274485E-03  3.274485E-03  3.274485E-03  1.931253E-04  1.931253E-04  1.931253E-04  1.931253E-04  1.931253E-04  1.931253E-04  1.931253E-04
    -6.1859  1.247842E-02  9.523424E-03  9.484983E-03  9.491066E-03  3.394859E-03  3.394859E-03  3.394859E-03  3.394859E-03  3.394859E-03  2.028580E-04  2.028580E-04  2.028580E-04  2.028580E-04  2.028580E-04  2.028580E-04  2.028580E-04  1.347992E-02  2.810530E-02  2.944992E-02  3.041827E-02  3.402862E-03  3.402862E-03  3.402862E-03  3.402862E-03  3.402862E-03  2.034885E-04  2.034885E-04  2.034885E-04  2.034885E-04  2.034885E-04  2.034885E-04  2.034885E-04
    -5.9447  1.551456E-02  7.824729E-03  7.776906E-03  7.791058E-03  3.525437E-03  3.525437E-03  3.525437E-03  3.525437E-03  3.525437E-03  2.135754E-04  2.135754E-04  2.135754E-04  2.135754E-04  2.135754E-04  2.135754E-04  2.135754E-04  1.667837E-02  3.001705E-02  2.900204E-02  2.796672E-02  3.533600E-03  3.533600E-03  3.533600E-03  3.533600E-03  3.533600E-03  2.142294E-04  2.142294E-04  2.142294E-04  2.142294E-04  2.142294E-04  2.142294E-04  2.142294E-04
    -5.7035  1.967735E-02  6.775338E-03  6.722087E-03  6.743366E-03  3.658354E-03  3.658354E-03  3.658354E-03  3.658354E-03  3.658354E-03  2.246756E-04  2.246756E-04  2.246756E-04  2.246756E-04  2.246756E-04  2.246756E-04  2.246756E-04  3.498702E-02  3.213494E-02  3.288169E-02  3.127985E-02  3.666675E-03  3.666675E-03  3.666675E-03  3.666675E-03  3.666675E-03  2.253537E-04  2.253537E-04  2.253537E-04  2.253537E-04  2.253537E-04  2.253537E-04  2.253537E-04
    -5.4623  2.611723E-02  6.104436E-03  6.052726E-03  6.076401E-03  3.793586E-03  3.793586E-03  3.793586E-03  3.793586E-03  3.793586E-03  2.361641E-04  2.361641E-04  2.361641E-04  2.361641E-04  2.361641E-04  2.361641E-04  2.361641E-04  5.279222E-02  1.520996E-02  1.548138E-02  1.545680E-02  3.802064E-03  3.802064E-03  3.802064E-03  3.802064E-03  3.802064E-03  2.368666E-04  2.368666E-04  2.368666E-04  2.368666E-04  2.368666E-04  2.368666E-04  2.368666E-04
    -5.2211  3.833681E-02  5.808705E-03  5.764695E-03  5.786042E-03  3.931109E-03  3.931109E-03  3.931109E-03  3.931109E-03  3.931109E-03  2.480461E-04  2.480461E-04  2.480461E-04  2.480461E-04  2.480461E-04  2.480461E-04  2.480461E-04  3.068015E-02  8.656116E-03  8.835629E-03  8.920966E-03  3.939743E-03  3.939743E-03  3.939743E-03  3.939743E-03  3.939743E-03  2.487733E-04  2.487733E-04  2.487733E-04  2.487733E-04  2.487733E-04  2.487733E-04  2.487733E-04
    -4.9799  6.376917E-02  5.956947E-03  5.923575E-03  5.940007E-03  4.070898E-03  4.070898E-03  4.070898E-03  4.070898E-03  4.070898E-03  2.603267E-04  2.603267E-04  2.603267E-04  2.603267E-04  2.603267E-04  2.603267E-04  2.603267E-04  3.541268E-02  7.122157E-03  7.242548E-03  7.306383E-03  4.079687E-03  4.079687E-03  4.079687E-03  4.079687E-03  4.079687E-03  2.610791E-04  2.610791E-04  2.610791E-04  2.610791E-04  2.610791E-04  2.610791E-04  2.610791E-04
    -4.7387  9.067109E-02  6.674165E-03  6.649423E-03  6.662128E-03  4.212927E-03  4.212927E-03  4.212927E-03  4.212927E-03  4.212927E-03  2.730110E-04  2.730110E-04  2.730110E-04  2.730110E-04  2.730110E-04  2.730110E-04  2.730110E-04  4.181973E-02  6.670787E-03  6.781441E-03  6.827434E-03  4.221869E-03  4.221869E-03  4.221869E-03  4.221869E-03  4.221869E-03  2.737889E-04  2.737889E-04  2.737889E-04  2.737889E-04  2.737889E-04  2.737889E-04  2.737889E-04
    -4.4975  6.721688E-02  8.158590E-03  8.135228E-03  8.149727E-03  4.357170E-03  4.357170E-03  4.357170E-03  4.357170E-03  4.357170E-03  2.861039E-04  2.861039E-04  2.861039E-04  2.861039E-04  2.861039E-04  2.861039E-04  2.861039E-04  5.669673E-02  6.596642E-03  6.689413E-03  6.724507E-03  4.366264E-03  4.366264E-03  4.366264E-03  4.366264E-03  4.366264E-03  2.869077E-04  2.869077E-04  2.869077E-04  2.869077E-04  2.869077E-04  2.869077E-04  2.869077E-04
    -4.2563  3.842999E-02  1.063935E-02  1.060529E-02  1.062936E-02  4.503598E-03  4.503598E-03  4.503598E-03  4.503598E-03  4.503598E-03  2.996101E-04  2.996101E-04  2.996101E-04  2.996101E-04  2.996101E-04  2.996101E-04  2.996101E-04  8.184813E-02  6.908449E-03  6.975198E-03  7.001543E-03  4.512842E-03  4.512842E-03  4.512842E-03  4.512842E-03  4.512842E-03  3.004402E-04  3.004402E-04  3.004402E-04  3.004402E-04  3.004402E-04  3.004402E-04  3.004402E-04
    -4.0151  2.539629E-02  1.417612E-02  1.411510E-02  1.415867E-02  4.652185E-03  4.652185E-03  4.652185E-03  4.652185E-03  4.652185E-03  3.135345E-04  3.135345E-04  3.135345E-04  3.135345E-04  3.135345E-04  3.135345E-04  3.135345E-04  6.741064E-02  7.941044E-03  7.988360E-03  8.009222E-03  4.661577E-03  4.661577E-03  4.661577E-03  4.661577E-03  4.661577E-03  3.143911E-04  3.143911E-04  3.143911E-04  3.143911E-04  3.143911E-04  3.143911E-04  3.143911E-04
    -3.7739  2.153457E-02  1.964778E-02  1.956452E-02  1.962941E-02  4.802900E-03  4.802900E-03  4.802900E-03  4.802900E-03  4.802900E-03  3.278815E-04  3.278815E-04  3.278815E-04  3.278815E-04  3.278815E-04  3.278815E-04  3.278815E-04  3.896649E-02  1.002983E-02  1.006795E-02  1.008610E-02  4.812439E-03  4.812439E-03  4.812439E-03  4.812439E-03  4.812439E-03  3.287651E-04  3.287651E-04  3.287651E-04  3.287651E-04  3.287651E-04  3.287651E-04  3.287651E-04
    -3.5327  2.298963E-02  2.647525E-02  2.639960E-02  2.646790E-02  4.955714E-03  4.955714E-03  4.955714E-03  4.955714E-03  4.955714E-03  3.426557E-04  3.426557E-04  3.426557E-04  3.426557E-04  3.426557E-04  3.426557E-04  3.426557E-04  2.577551E-02  1.341290E-02  1.345065E-02  1.346643E-02  4.965399E-03  4.965399E-03  4.965399E-03  4.965399E-03  4.965399E-03  3.435667E-04  3.435667E-04  3.435667E-04  3.435667E-04  3.435667E-04  3.435667E-04  3.435667E-04
    -3.2915  2.604957E-02  2.608502E-02  2.602181E-02  2.606836E-02  5.110598E-03  5.110598E-03  5.110598E-03  5.110598E-03  5.110598E-03  3.578614E-04  3.578614E-04  3.578614E-04  3.578614E-04  3.578614E-04  3.578614E-04  3.578614E-04  2.146742E-02  1.913396E-02  1.917121E-02  1.918555E-02  5.120425E-03  5.120425E-03  5.120425E-03  5.120425E-03  5.120425E-03  3.588001E-04  3.588001E-04  3.588001E-04  3.588001E-04  3.588001E-04  3.588001E-04  3.588001E-04
    -3.0503  2.538187E-02  2.599475E-02  2.593996E-02  2.596364E-02  5.267518E-03  5.267518E-03  5.267518E-03  5.267518E-03  5.267518E-03  3.735029E-04  3.735029E-04  3.735029E-04  3.735029E-04  3.735029E-04  3.735029E-04  3.735029E-04  2.127960E-02  2.667745E-02  2.670086E-02  2.671715E-02  5.277487E-03  5.277487E-03  5.277487E-03  5.277487E-03  5.277487E-03  3.744696E-04  3.744696E-04  3.744696E-04  3.744696E-04  3.744696E-04  3.744696E-04  3.744696E-04
    -2.8090  2.015591E-02  3.545585E-02  3.537512E-02  3.539629E-02  5.426444E-03  5.426444E-03  5.426444E-03  5.426444E-03  5.426444E-03  3.895844E-04  3.895844E-04  3.895844E-04  3.895844E-04  3.895844E-04  3.895844E-04  3.895844E-04  2.205851E-02  2.629531E-02  2.630376E-02  2.631792E-02  5.436552E-03  5.436552E-03  5.436552E-03  5.436552E-03  5.436552E-03  3.905795E-04  3.905795E-04  3.905795E-04  3.905795E-04  3.905795E-04  3.905795E-04  3.905795E-04
    -2.5678  1.398711E-02  7.545298E-02  7.515753E-02  7.531003E-02  5.587343E-03  5.587343E-03  5.587343E-03  5.587343E-03  5.587343E-03  4.061099E-04  4.061099E-04  4.061099E-04  4.061099E-04  4.061099E-04  4.061099E-04  4.061099E-04  2.139193E-02  2.496119E-02  2.496159E-02  2.497567E-02  5.597588E-03  5.597588E-03  5.597588E-03  5.597588E-03  5.597588E-03  4.071336E-04  4.071336E-04  4.071336E-04  4.071336E-04  4.071336E-04  4.071336E-04  4.071336E-04
    -2.3266  8.378901E-03  1.063913E-01  1.062526E-01  1.062681E-01  5.750181E-03  5.750181E-03  5.750181E-03  5.750181E-03  5.750181E-03  4.230832E-04  4.230832E-04  4.230832E-04  4.230832E-04  4.230832E-04  4.230832E-04  4.230832E-04  1.805105E-02  3.196879E-02  3.195876E-02  3.197457E-02  5.760561E-03  5.760561E-03  5.760561E-03  5.760561E-03  5.760561E-03  4.241360E-04  4.241360E-04  4.241360E-04  4.241360E-04  4.241360E-04  4.241360E-04  4.241360E-04
    -2.0854  5.831526E-03  5.417389E-02  5.422195E-02  5.413847E-02  5.914925E-03  5.914925E-03  5.914925E-03  5.914925E-03  5.914925E-03  4.405083E-04  4.405083E-04  4.405083E-04  4.405083E-04  4.405083E-04  4.405083E-04  4.405083E-04  1.284057E-02  6.573713E-02  6.572252E-02  6.573612E-02  5.925437E-03  5.925437E-03  5.925437E-03  5.925437E-03  5.925437E-03  4.415905E-04  4.415905E-04  4.415905E-04  4.415905E-04  4.415905E-04  4.415905E-04  4.415905E-04
    -1.8442  4.728706E-03  2.976946E-02  2.972321E-02  2.974282E-02  6.081539E-03  6.081539E-03  6.081539E-03  6.081539E-03  6.081539E-03  4.583888E-04  4.583888E-04  4.583888E-04  4.583888E-04  4.583888E-04  4.583888E-04  4.583888E-04  7.563489E-03  1.075670E-01  1.075670E-01  1.075569E-01  6.092181E-03  6.092181E-03  6.092181E-03  6.092181E-03  6.092181E-03  4.595007E-04  4.595007E-04  4.595007E-04  4.595007E-04  4.595007E-04  4.595007E-04  4.595007E-04
    -1.6030  4.334842E-03  2.808443E-02  2.806053E-02  2.806599E-02  6.249988E-03  6.249988E-03  6.249988E-03  6.249988E-03  6.249988E-03  4.767284E-04  4.767284E-04  4.767284E-04  4.767284E-04  4.767284E-04  4.767284E-04  4.767284E-04  5.101590E-03  5.657434E-02  5.655979E-02  5.656393E-02  6.260758E-03  6.260758E-03  6.260758E-03  6.260758E-03  6.260758E-03  4.778702E-04  4.778702E-04  4.778702E-04  4.778702E-04  4.778702E-04  4.778702E-04  4.778702E-04
    -1.3618  4.438606E-03  1.512879E-02  1.512301E-02  1.512156E-02  6.420236E-03  6.420236E-03  6.420236E-03  6.420236E-03  6.420236E-03  4.955304E-04  4.955304E-04  4.955304E-04  4.955304E-04  4.955304E-04  4.955304E-04  4.955304E-04  3.893572E-03  3.061914E-02  3.061663E-02  3.061517E-02  6.431132E-03  6.431132E-03  6.431132E-03  6.431132E-03  6.431132E-03  4.967025E-04  4.967025E-04  4.967025E-04  4.967025E-04  4.967025E-04  4.967025E-04  4.967025E-04
    -1.1206  4.994310E-03  8.472721E-03  8.446204E-03  8.461324E-03  6.592247E-03  6.592247E-03  6.592247E-03  6.592247E-03  6.592247E-03  5.147983E-04  5.147983E-04  5.147983E-04  5.147983E-04  5.147983E-04  5.147983E-04  5.147983E-04  3.305717E-03  2.891379E-02  2.892334E-02  2.893938E-02  6.603265E-03  6.603265E-03  6.603265E-03  6.603265E-03  6.603265E-03  5.160010E-04  5.160010E-04  5.160010E-04  5.160010E-04  5.160010E-04  5.160010E-04  5.160010E-04
    -0.8794  6.035682E-03  6.881687E-03  6.832131E-03  6.866643E-03  6.765982E-03  6.765982E-03  6.765982E-03  6.765982E-03  6.765982E-03  5.345353E-04  5.345353E-04  5.345353E-04  5.345353E-04  5.345353E-04  5.345353E-04  5.345353E-04  3.131393E-03  1.367628E-02  1.367727E-02  1.368276E-02  6.777120E-03  6.777120E-03  6.777120E-03  6.777120E-03  6.777120E-03  5.357690E-04  5.357690E-04  5.357690E-04  5.357690E-04  5.357690E-04  5.357690E-04  5.357690E-04
    -0.6382  7.614077E-03  7.176856E-03  7.099721E-03  7.158256E-03  6.941404E-03  6.941404E-03  6.941404E-03  6.941404E-03  6.941404E-03  5.547446E-04  5.547446E-04  5.547446E-04  5.547446E-04  5.547446E-04  5.547446E-04  5.547446E-04  3.300310E-03  7.288901E-03  7.287864E-03  7.288155E-03  6.952659E-03  6.952659E-03  6.952659E-03  6.952659E-03  6.952659E-03  5.560095E-04  5.560095E-04  5.560095E-04  5.560095E-04  5.560095E-04  5.560095E-04  5.560095E-04
    -0.3970  9.725811E-03  9.109545E-03  9.006322E-03  9.092775E-03  7.118474E-03  7.118474E-03  7.118474E-03  7.118474E-03  7.118474E-03  5.754292E-04  5.754292E-04  5.754292E-04  5.754292E-04  5.754292E-04  5.754292E-04  5.754292E-04  3.841261E-03  5.592692E-03  5.592087E-03  5.590411E-03  7.129843E-03  7.129843E-03  7.129843E-03  7.129843E-03  7.129843E-03  5.767255E-04  5.767255E-04  5.767255E-04  5.767255E-04  5.767255E-04  5.767255E-04  5.767255E-04
    -0.1558  1.223416E-02  1.360781E-02  1.350872E-02  1.361440E-02  7.297152E-03  7.297152E-03  7.297152E-03  7.297152E-03  7.297152E-03  5.965920E-04  5.965920E-04  5.965920E-04  5.965920E-04  5.965920E-04  5.965920E-04  5.965920E-04  4.893930E-03  5.413210E-03  5.412360E-03  5.408386E-03  7.308632E-03  7.308632E-03  7.308632E-03  7.308632E-03  7.308632E-03  5.979201E-04  5.979201E-04  5.979201E-04  5.979201E-04  5.979201E-04  5.979201E-04  5.979201E-04
     0.0854  1.446685E-02  2.157757E-02  2.146414E-02  2.160566E-02  7.477399E-03  7.477399E-03  7.477399E-03  7.477399E-03  7.477399E-03  6.182358E-04  6.182358E-04  6.182358E-04  6.182358E-04  6.182358E-04  6.182358E-04  6.182358E-04  6.749148E-03  6.343407E-03  6.339487E-03  6.331138E-03  7.488987E-03  7.488987E-03  7.488987E-03  7.488987E-03  7.488987E-03  6.195960E-04  6.195960E-04  6.195960E-04  6.195960E-04  6.195960E-04  6.195960E-04  6.195960E-04
     0.3266  1.483942E-02  2.692718E-02  2.639667E-02  2.671713E-02  7.659175E-03  7.659175E-03  7.659175E-03  7.659175E-03  7.659175E-03  6.403633E-04  6.403633E-04  6.403633E-04  6.403633E-04  6.403633E-04  6.403633E-04  6.403633E-04  9.806555E-03  9.017475E-03  9.000540E-03  8.982141E-03  7.670868E-03  7.670868E-03  7.670868E-03  7.670868E-03  7.670868E-03  6.417559E-04  6.417559E-04  6.417559E-04  6.417559E-04  6.417559E-04  6.417559E-04  6.417559E-04
     0.5678  1.323342E-02  2.381251E-02  2.314897E-02  2.347205E-02  7.842437E-03  7.842437E-03  7.842437E-03  7.842437E-03  7.842437E-03  6.629772E-04  6.629772E-04  6.629772E-04  6.629772E-04  6.629772E-04  6.629772E-04  6.629772E-04  1.367476E-02  1.539929E-02  1.534155E-02  1.530177E-02  7.854231E-03  7.854231E-03  7.854231E-03  7.854231E-03  7.854231E-03  6.644024E-04  6.644024E-04  6.644024E-04  6.644024E-04  6.644024E-04  6.644024E-04  6.644024E-04
     0.8090  1.134845E-02  2.033511E-02  1.988828E-02  2.009917E-02  8.027144E-03  8.027144E-03  8.027144E-03  8.027144E-03  8.027144E-03  6.860798E-04  6.860798E-04  6.860798E-04  6.860798E-04  6.860798E-04  6.860798E-04  6.860798E-04  1.514754E-02  2.445560E-02  2.439009E-02  2.435410E-02  8.039037E-03  8.039037E-03  8.039037E-03  8.039037E-03  8.039037E-03  6.875380E-04  6.875380E-04  6.875380E-04  6.875380E-04  6.875380E-04  6.875380E-04  6.875380E-04
     1.0503  9.970791E-03  1.847215E-02  1.815332E-02  1.830598E-02  8.213255E-03  8.213255E-03  8.213255E-03  8.213255E-03  8.213255E-03  7.096737E-04  7.096737E-04  7.096737E-04  7.096737E-04  7.096737E-04  7.096737E-04  7.096737E-04  1.308769E-02  2.277378E-02  2.281843E-02  2.283454E-02  8.225243E-03  8.225243E-03  8.225243E-03  8.225243E-03  8.225243E-03  7.111649E-04  7.111649E-04  7.111649E-04  7.111649E-04  7.111649E-04  7.111649E-04  7.111649E-04
     1.2915  9.022657E-03  1.752199E-02  1.722133E-02  1.736729E-02  8.400726E-03  8.400726E-03  8.400726E-03  8.400726E-03  8.400726E-03  7.337610E-04  7.337610E-04  7.337610E-04  7.337610E-04  7.337610E-04  7.337610E-04  7.337610E-04  1.076994E-02  1.806667E-02  1.812379E-02  1.814473E-02  8.412806E-03  8.412806E-03  8.412806E-03  8.412806E-03  8.412806E-03  7.352856E-04  7.352856E-04  7.352856E-04  7.352856E-04  7.352856E-04  7.352856E-04  7.352856E-04
     1.5327  8.267935E-03  1.690590E-02  1.661174E-02  1.674952E-02  8.589514E-03  8.589514E-03  8.589514E-03  8.589514E-03  8.589514E-03  7.583438E-04  7.583438E-04  7.583438E-04  7.583438E-04  7.583438E-04  7.583438E-04  7.583438E-04  9.362679E-03  1.605679E-02  1.608550E-02  1.609583E-02  8.601682E-03  8.601682E-03  8.601682E-03  8.601682E-03  8.601682E-03  7.599021E-04  7.599021E-04  7.599021E-04  7.599021E-04  7.599021E-04  7.599021E-04  7.599021E-04
     1.7739  7.561026E-03  1.618946E-02  1.593630E-02  1.604400E-02  8.779575E-03  8.779575E-03  8.779575E-03  8.779575E-03  8.779575E-03  7.834243E-04  7.834243E-04  7.834243E-04  7.834243E-04  7.834243E-04  7.834243E-04  7.834243E-04  8.636936E-03  1.543725E-02  1.544644E-02  1.545036E-02  8.791827E-03  8.791827E-03  8.791827E-03  8.791827E-03  8.791827E-03  7.850165E-04  7.850165E-04  7.850165E-04  7.850165E-04  7.850165E-04  7.850165E-04  7.850165E-04
     2.0151  6.876593E-03  1.517514E-02  1.498404E-02  1.505444E-02  8.970865E-03  8.970865E-03  8.970865E-03  8.970865E-03  8.970865E-03  8.090043E-04  8.090043E-04  8.090043E-04  8.090043E-04  8.090043E-04  8.090043E-04  8.090043E-04  8.228729E-03  1.556326E-02  1.557222E-02  1.557789E-02  8.983197E-03  8.983197E-03  8.983197E-03  8.983197E-03  8.983197E-03  8.106306E-04  8.106306E-04  8.106306E-04  8.106306E-04  8.106306E-04  8.106306E-04  8.106306E-04
     2.2563  6.246345E-03  1.396169E-02  1.382285E-02  1.386973E-02  9.163338E-03  9.163338E-03  9.163338E-03  9.163338E-03  9.163338E-03  8.350857E-04  8.350857E-04  8.350857E-04  8.350857E-04  8.350857E-04  8.350857E-04  8.350857E-04  7.847934E-03  1.613831E-02  1.615756E-02  1.617089E-02  9.175748E-03  9.175748E-03  9.175748E-03  9.175748E-03  9.175748E-03  8.367464E-04  8.367464E-04  8.367464E-04  8.367464E-04  8.367464E-04  8.367464E-04  8.367464E-04
     2.4975  5.698452E-03  1.277961E-02  1.267021E-02  1.271143E-02  9.356951E-03  9.356951E-03  9.356951E-03  9.356951E-03  9.356951E-03  8.616702E-04  8.616702E-04  8.616702E-04  8.616702E-04  8.616702E-04  8.616702E-04  8.616702E-04  7.351208E-03  1.654387E-02  1.657500E-02  1.659839E-02  9.369433E-03  9.369433E-03  9.369433E-03  9.369433E-03  9.369433E-03  8.633655E-04  8.633655E-04  8.633655E-04  8.633655E-04  8.633655E-04  8.633655E-04  8.633655E-04
     2.7387  5.240982E-03  1.180241E-02  1.170446E-02  1.174960E-02  9.551656E-03  9.551656E-03  9.551656E-03  9.551656E-03  9.551656E-03  8.887593E-04  8.887593E-04  8.887593E-04  8.887593E-04  8.887593E-04  8.887593E-04  8.887593E-04  6.753322E-03  1.609532E-02  1.613250E-02  1.616210E-02  9.564208E-03  9.564208E-03  9.564208E-03  9.564208E-03  9.564208E-03  8.904895E-04  8.904895E-04  8.904895E-04  8.904895E-04  8.904895E-04  8.904895E-04  8.904895E-04
     2.9799  4.869403E-03  1.109720E-02  1.100159E-02  1.105184E-02  9.747407E-03  9.747407E-03  9.747407E-03  9.747407E-03  9.747407E-03  9.163547E-04  9.163547E-04  9.163547E-04  9.163547E-04  9.163547E-04  9.163547E-04  9.163547E-04  6.136771E-03  1.476123E-02  1.479531E-02  1.482325E-02  9.760024E-03  9.760024E-03  9.760024E-03  9.760024E-03  9.760024E-03  9.181199E-04  9.181199E-04  9.181199E-04  9.181199E-04  9.181199E-04  9.181199E-04  9.181199E-04
     3.2211  4.575607E-03  1.065954E-02  1.056250E-02  1.061516E-02  9.944159E-03  9.944159E-03  9.944159E-03  9.944159E-03  9.944159E-03  9.444577E-04  9.444577E-04  9.444577E-04  9.444577E-04  9.444577E-04  9.444577E-04  9.444577E-04  5.566763E-03  1.311740E-02  1.314335E-02  1.316467E-02  9.956837E-03  9.956837E-03  9.956837E-03  9.956837E-03  9.956837E-03  9.462582E-04  9.462582E-04  9.462582E-04  9.462582E-04  9.462582E-04  9.462582E-04  9.462582E-04
     3.4623  4.353245E-03  1.045542E-02  1.035360E-02  1.040649E-02  1.014186E-02  1.014186E-02  1.014186E-02  1.014186E-02  1.014186E-02  9.730696E-04  9.730696E-04  9.730696E-04  9.730696E-04  9.730696E-04  9.730696E-04  9.730696E-04  5.071211E-03  1.167565E-02  1.169352E-02  1.170786E-02  1.015460E-02  1.015460E-02  1.015460E-02  1.015460E-02  1.015460E-02  9.749055E-04  9.749055E-04  9.749055E-04  9.749055E-04  9.749055E-04  9.749055E-04  9.749055E-04
     3.7035  4.199813E-03  1.044813E-02  1.033435E-02  1.038892E-02  1.034047E-02  1.034047E-02  1.034047E-02  1.034047E-02  1.034047E-02  1.002192E-03  1.002192E-03  1.002192E-03  1.002192E-03  1.002192E-03  1.002192E-03  1.002192E-03  4.654133E-03  1.062222E-02  1.063392E-02  1.064297E-02  1.035326E-02  1.035326E-02  1.035326E-02  1.035326E-02  1.035326E-02  1.004063E-03  1.004063E-03  1.004063E-03  1.004063E-03  1.004063E-03  1.004063E-03  1.004063E-03
     3.9447  4.117663E-03  1.061222E-02  1.047373E-02  1.053632E-02  1.053994E-02  1.053994E-02  1.053994E-02  1.053994E-02  1.053994E-02  1.031825E-03  1.031825E-03  1.031825E-03  1.031825E-03  1.031825E-03  1.031825E-03  1.031825E-03  4.309801E-03  9.937183E-03  9.944339E-03  9.950091E-03  1.055278E-02  1.055278E-02  1.055278E-02  1.055278E-02  1.055278E-02  1.033732E-03  1.033732E-03  1.033732E-03  1.033732E-03  1.033732E-03  1.033732E-03  1.033732E-03
     4.1859  4.114605E-03  1.093743E-02  1.075807E-02  1.083791E-02  1.074022E-02  1.074022E-02  1.074022E-02  1.074022E-02  1.074022E-02  1.061970E-03  1.061970E-03  1.061970E-03  1.061970E-03  1.061970E-03  1.061970E-03  1.061970E-03  4.030789E-03  9.527539E-03  9.531091E-03  9.535153E-03  1.075310E-02  1.075310E-02  1.075310E-02  1.075310E-02  1.075310E-02  1.063913E-03  1.063913E-03  1.063913E-03  1.063913E-03  1.063913E-03  1.063913E-03  1.063913E-03
     4.4271  4.204635E-03  1.142530E-02  1.119150E-02  1.129558E-02  1.094126E-02  1.094126E-02  1.094126E-02  1.094126E-02  1.094126E-02  1.092628E-03  1.092628E-03  1.092628E-03  1.092628E-03  1.092628E-03  1.092628E-03  1.092628E-03  3.810945E-03  9.291232E-03  9.291452E-03  9.295230E-03  1.095418E-02  1.095418E-02  1.095418E-02  1.095418E-02  1.095418E-02  1.094608E-03  1.094608E-03  1.094608E-03  1.094608E-03  1.094608E-03  1.094608E-03  1.094608E-03
     4.6683  4.407755E-03  1.208861E-02  1.179758E-02  1.192410E-02  1.114301E-02  1.114301E-02  1.114301E-02  1.114301E-02  1.114301E-02  1.123800E-03  1.123800E-03  1.123800E-03  1.123800E-03  1.123800E-03  1.123800E-03  1.123800E-03  3.646497E-03  9.145204E-03  9.142057E-03  9.146714E-03  1.115596E-02  1.115596E-02  1.115596E-02  1.115596E-02  1.115596E-02  1.125816E-03  1.125816E-03  1.125816E-03  1.125816E-03  1.125816E-03  1.125816E-03  1.125816E-03
     4.9095  4.747549E-03  1.295580E-02  1.262732E-02  1.275793E-02  1.134542E-02  1.134542E-02  1.134542E-02  1.134542E-02  1.134542E-02  1.155486E-03  1.155486E-03  1.155486E-03  1.155486E-03  1.155486E-03  1.155486E-03  1.155486E-03  3.536159E-03  9.039494E-03  9.032783E-03  9.039273E-03  1.135841E-02  1.135841E-02  1.135841E-02  1.135841E-02  1.135841E-02  1.157539E-03  1.157539E-03  1.157539E-03  1.157539E-03  1.157539E-03  1.157539E-03  1.157539E-03
     5.1508  5.242341E-03  1.406041E-02  1.375704E-02  1.384332E-02  1.154845E-02  1.154845E-02  1.154845E-02  1.154845E-02  1.154845E-02  1.187687E-03  1.187687E-03  1.187687E-03  1.187687E-03  1.187687E-03  1.187687E-03  1.187687E-03  3.481344E-03  8.958329E-03  8.947878E-03  8.956952E-03  1.156146E-02  1.156146E-02  1.156146E-02  1.156146E-02  1.156146E-02  1.189777E-03  1.189777E-03  1.189777E-03  1.189777E-03  1.189777E-03  1.189777E-03  1.189777E-03
     5.3920  5.882000E-03  1.536923E-02  1.522016E-02  1.516618E-02  1.175204E-02  1.175204E-02  1.175204E-02  1.175204E-02  1.175204E-02  1.220404E-03  1.220404E-03  1.220404E-03  1.220404E-03  1.220404E-03  1.220404E-03  1.220404E-03  3.486220E-03  8.909598E-03  8.895232E-03  8.907462E-03  1.176507E-02  1.176507E-02  1.176507E-02  1.176507E-02  1.176507E-02  1.222530E-03  1.222530E-03  1.222530E-03  1.222530E-03  1.222530E-03  1.222530E-03  1.222530E-03
     5.6332  6.595499E-03  1.662034E-02  1.681539E-02  1.649383E-02  1.195614E-02  1.195614E-02  1.195614E-02  1.195614E-02  1.195614E-02  1.253637E-03  1.253637E-03  1.253637E-03  1.253637E-03  1.253637E-03  1.253637E-03  1.253637E-03  3.558051E-03  8.912960E-03  8.894404E-03  8.910338E-03  1.196919E-02  1.196919E-02  1.196919E-02  1.196919E-02  1.196919E-02  1.255800E-03  1.255800E-03  1.255800E-03  1.255800E-03  1.255800E-03  1.255800E-03  1.255800E-03
     5.8744  7.246945E-03  1.727721E-02  1.794527E-02  1.730546E-02  1.216071E-02  1.216071E-02  1.216071E-02  1.216071E-02  1.216071E-02  1.287385E-03  1.287385E-03  1.287385E-03  1.287385E-03  1.287385E-03  1.287385E-03  1.287385E-03  3.707598E-03  8.995812E-03  8.972609E-03  8.993010E-03  1.217377E-02  1.217377E-02  1.217377E-02  1.217377E-02  1.217377E-02  1.289586E-03  1.289586E-03  1.289586E-03  1.289586E-03  1.289586E-03  1.289586E-03  1.289586E-03
     6.1156  7.710153E-03  1.689687E-02  1.794937E-02  1.710056E-02  1.236569E-02  1.236569E-02  1.236569E-02  1.236569E-02  1.236569E-02  1.321650E-03  1.321650E-03  1.321650E-03  1.321650E-03  1.321650E-03  1.321650E-03  1.321650E-03  3.949712E-03  9.198726E-03  9.169956E-03  9.196176E-03  1.237876E-02  1.237876E-02  1.237876E-02  1.237876E-02  1.237876E-02  1.323888E-03  1.323888E-03  1.323888E-03  1.323888E-03  1.323888E-03  1.323888E-03  1.323888E-03
     6.3568  7.973872E-03  1.558208E-02  1.675148E-02  1.589230E-02  1.257103E-02  1.257103E-02  1.257103E-02  1.257103E-02  1.257103E-02  1.356430E-03  1.356430E-03  1.356430E-03  1.356430E-03  1.356430E-03  1.356430E-03  1.356430E-03  4.304104E-03  9.584855E-03  9.548813E-03  9.583328E-03  1.258411E-02  1.258411E-02  1.258411E-02  1.258411E-02  1.258411E-02  1.358706E-03  1.358706E-03  1.358706E-03  1.358706E-03  1.358706E-03  1.358706E-03  1.358706E-03
     6.5980  8.148134E-03  1.389760E-02  1.494126E-02  1.422940E-02  1.277669E-02  1.277669E-02  1.277669E-02  1.277669E-02  1.277669E-02  1.391727E-03  1.391727E-03  1.391727E-03  1.391727E-03  1.391727E-03  1.391727E-03  1.391727E-03  4.796227E-03  1.024951E-02  1.020321E-02  1.025021E-02  1.278976E-02  1.278976E-02  1.278976E-02  1.278976E-02  1.278976E-02  1.394041E-03  1.394041E-03  1.394041E-03  1.394041E-03  1.394041E-03  1.394041E-03  1.394041E-03
     6.8392  8.390024E-03  1.233425E-02  1.316447E-02  1.263845E-02  1.298260E-02  1.298260E-02  1.298260E-02  1.298260E-02  1.298260E-02  1.427540E-03  1.427540E-03  1.427540E-03  1.427540E-03  1.427540E-03  1.427540E-03  1.427540E-03  5.458327E-03  1.132959E-02  1.126863E-02  1.133452E-02  1.299567E-02  1.299567E-02  1.299567E-02  1.299567E-02  1.299567E-02  1.429891E-03  1.429891E-03  1.429891E-03  1.429891E-03  1.429891E-03  1.429891E-03  1.429891E-03
     7.0804  8.848327E-03  1.108651E-02  1.172058E-02  1.134831E-02  1.318873E-02  1.318873E-02  1.318873E-02  1.318873E-02  1.318873E-02  1.463869E-03  1.463869E-03  1.463869E-03  1.463869E-03  1.463869E-03  1.463869E-03  1.463869E-03  6.330407E-03  1.300815E-02  1.292702E-02  1.302004E-02  1.320178E-02  1.320178E-02  1.320178E-02  1.320178E-02  1.320178E-02  1.466258E-03  1.466258E-03  1.466258E-03  1.466258E-03  1.466258E-03  1.466258E-03  1.466258E-03
     7.3216  9.654612E-03  1.017704E-02  1.066352E-02  1.039867E-02  1.339501E-02  1.339501E-02  1.339501E-02  1.339501E-02  1.339501E-02  1.500713E-03  1.500713E-03  1.500713E-03  1.500713E-03  1.500713E-03  1.500713E-03  1.500713E-03  7.459824E-03  1.546956E-02  1.536490E-02  1.549039E-02  1.340805E-02  1.340805E-02  1.340805E-02  1.340805E-02  1.340805E-02  1.503140E-03  1.503140E-03  1.503140E-03  1.503140E-03  1.503140E-03  1.503140E-03  1.503140E-03
     7.5628  1.094318E-02  9.573904E-03  9.959692E-03  9.761941E-03  1.360140E-02  1.360140E-02  1.360140E-02  1.360140E-02  1.360140E-02  1.538073E-03  1.538073E-03  1.538073E-03  1.538073E-03  1.538073E-03  1.538073E-03  1.538073E-03  8.899905E-03  1.865831E-02  1.853954E-02  1.868216E-02  1.361442E-02  1.361442E-02  1.361442E-02  1.361442E-02  1.361442E-02  1.540538E-03  1.540538E-03  1.540538E-03  1.540538E-03  1.540538E-03  1.540538E-03  1.540538E-03
     7.8040  1.286851E-02  9.241467E-03  9.562717E-03  9.402190E-03  1.380785E-02  1.380785E-02  1.380785E-02  1.380785E-02  1.380785E-02  1.575946E-03  1.575946E-03  1.575946E-03  1.575946E-03  1.575946E-03  1.575946E-03  1.575946E-03  1.070749E-02  2.164989E-02  2.155713E-02  2.165000E-02  1.382084E-02  1.382084E-02  1.382084E-02  1.382084E-02  1.382084E-02  1.578449E-03  1.578449E-03  1.578449E-03  1.578449E-03  1.578449E-03  1.578449E-03  1.578449E-03
     8.0452  1.559262E-02  9.156570E-03  9.438786E-03  9.295257E-03  1.401431E-02  1.401431E-02  1.401431E-02  1.401431E-02  1.401431E-02  1.614334E-03  1.614334E-03  1.614334E-03  1.614334E-03  1.614334E-03  1.614334E-03  1.614334E-03  1.294005E-02  2.243926E-02  2.242233E-02  2.238132E-02  1.402727E-02  1.402727E-02  1.402727E-02  1.402727E-02  1.402727E-02  1.616875E-03  1.616875E-03  1.616875E-03  1.616875E-03  1.616875E-03  1.616875E-03  1.616875E-03
     8.2864  1.919795E-02  9.308581E-03  9.569364E-03  9.429763E-03  1.422071E-02  1.422071E-02  1.422071E-02  1.422071E-02  1.422071E-02  1.653234E-03  1.653234E-03  1.653234E-03  1.653234E-03  1.653234E-03  1.653234E-03  1.653234E-03  1.564384E-02  2.023500E-02  2.027609E-02  2.013155E-02  1.423364E-02  1.423364E-02  1.423364E-02  1.423364E-02  1.423364E-02  1.655814E-03  1.655814E-03  1.655814E-03  1.655814E-03  1.655814E-03  1.655814E-03  1.655814E-03
     8.5276  2.347541E-02  9.694686E-03  9.945768E-03  9.802057E-03  1.442702E-02  1.442702E-02  1.442702E-02  1.442702E-02  1.442702E-02  1.692647E-03  1.692647E-03  1.692647E-03  1.692647E-03  1.692647E-03  1.692647E-03  1.692647E-03  1.881005E-02  1.691587E-02  1.696160E-02  1.680868E-02  1.443990E-02  1.443990E-02  1.443990E-02  1.443990E-02  1.443990E-02  1.695265E-03  1.695265E-03  1.695265E-03  1.695265E-03  1.695265E-03  1.695265E-03  1.695265E-03
     8.7688  2.768383E-02  1.031787E-02  1.056599E-02  1.041350E-02  1.463318E-02  1.463318E-02  1.463318E-02  1.463318E-02  1.463318E-02  1.732571E-03  1.732571E-03  1.732571E-03  1.732571E-03  1.732571E-03  1.732571E-03  1.732571E-03  2.226076E-02  1.424631E-02  1.427672E-02  1.415408E-02  1.464602E-02  1.464602E-02  1.464602E-02  1.464602E-02  1.464602E-02  1.735228E-03  1.735228E-03  1.735228E-03  1.735228E-03  1.735228E-03  1.735228E-03  1.735228E-03
     9.0101  3.070672E-02  1.118928E-02  1.143716E-02  1.127334E-02  1.483914E-02  1.483914E-02  1.483914E-02  1.483914E-02  1.483914E-02  1.773005E-03  1.773005E-03  1.773005E-03  1.773005E-03  1.773005E-03  1.773005E-03  1.773005E-03  2.548759E-02  1.264128E-02  1.265831E-02  1.256354E-02  1.485192E-02  1.485192E-02  1.485192E-02  1.485192E-02  1.485192E-02  1.775701E-03  1.775701E-03  1.775701E-03  1.775701E-03  1.775701E-03  1.775701E-03  1.775701E-03
     9.2513  3.183644E-02  1.233042E-02  1.257874E-02  1.240200E-02  1.504485E-02  1.504485E-02  1.504485E-02  1.504485E-02  1.504485E-02  1.813949E-03  1.813949E-03  1.813949E-03  1.813949E-03  1.813949E-03  1.813949E-03  1.813949E-03  2.764047E-02  1.191514E-02  1.192464E-02  1.184786E-02  1.505758E-02  1.505758E-02  1.505758E-02  1.505758E-02  1.505758E-02  1.816683E-03  1.816683E-03  1.816683E-03  1.816683E-03  1.816683E-03  1.816683E-03  1.816683E-03
     9.4925  3.129806E-02  1.376369E-02  1.401476E-02  1.382327E-02  1.525025E-02  1.525025E-02  1.525025E-02  1.525025E-02  1.525025E-02  1.855401E-03  1.855401E-03  1.855401E-03  1.855401E-03  1.855401E-03  1.855401E-03  1.855401E-03  2.797314E-02  1.179936E-02  1.180636E-02  1.174101E-02  1.526292E-02  1.526292E-02  1.526292E-02  1.526292E-02  1.526292E-02  1.858171E-03  1.858171E-03  1.858171E-03  1.858171E-03  1.858171E-03  1.858171E-03  1.858171E-03
     9.7337  2.982369E-02  1.548262E-02  1.574485E-02  1.553558E-02  1.545531E-02  1.545531E-02  1.545531E-02  1.545531E-02  1.545531E-02  1.897359E-03  1.897359E-03  1.897359E-03  1.897359E-03  1.897359E-03  1.897359E-03  1.897359E-03  2.651714E-02  1.209625E-02  1.210353E-02  1.204818E-02  1.546791E-02  1.546791E-02  1.546791E-02  1.546791E-02  1.546791E-02  1.900168E-03  1.900168E-03  1.900168E-03  1.900168E-03  1.900168E-03  1.900168E-03  1.900168E-03
     9.9749  2.801780E-02  1.742998E-02  1.771800E-02  1.748768E-02  1.565995E-02  1.565995E-02  1.565995E-02  1.565995E-02  1.565995E-02  1.939823E-03  1.939823E-03  1.939823E-03  1.939823E-03  1.939823E-03  1.939823E-03  1.939823E-03  2.412225E-02  1.272305E-02  1.273049E-02  1.268801E-02  1.567248E-02  1.567248E-02  1.567248E-02  1.567248E-02  1.567248E-02  1.942671E-03  1.942671E-03  1.942671E-03  1.942671E-03  1.942671E-03  1.942671E-03  1.942671E-03
    10.2161  2.612878E-02  1.949987E-02  1.982403E-02  1.957529E-02  1.586415E-02  1.586415E-02  1.586415E-02  1.586415E-02  1.586415E-02  1.982790E-03  1.982790E-03  1.982790E-03  1.982790E-03  1.982790E-03  1.982790E-03  1.982790E-03  2.178202E-02  1.367584E-02  1.368133E-02  1.365683E-02  1.587660E-02  1.587660E-02  1.587660E-02  1.587660E-02  1.587660E-02  1.985677E-03  1.985677E-03  1.985677E-03  1.985677E-03  1.985677E-03  1.985677E-03  1.985677E-03
    10.4573  2.412101E-02  2.150537E-02  2.184949E-02  2.160373E-02  1.606783E-02  1.606783E-02  1.606783E-02  1.606783E-02  1.606783E-02  2.026260E-03  2.026260E-03  2.026260E-03  2.026260E-03  2.026260E-03  2.026260E-03  2.026260E-03  2.009234E-02  1.487955E-02  1.488042E-02  1.487831E-02  1.608020E-02  1.608020E-02  1.608020E-02  1.608020E-02  1.608020E-02  2.029186E-03  2.029186E-03  2.029186E-03  2.029186E-03  2.029186E-03  2.029186E-03  2.029186E-03
    10.6985  2.189347E-02  2.314645E-02  2.345381E-02  2.325445E-02  1.627096E-02  1.627096E-02  1.627096E-02  1.627096E-02  1.627096E-02  2.070227E-03  2.070227E-03  2.070227E-03  2.070227E-03  2.070227E-03  2.070227E-03  2.070227E-03  1.917986E-02  1.612424E-02  1.611719E-02  1.613766E-02  1.628325E-02  1.628325E-02  1.628325E-02  1.628325E-02  1.628325E-02  2.073195E-03  2.073195E-03  2.073195E-03  2.073195E-03  2.073195E-03  2.073195E-03  2.073195E-03
    10.9397  1.949309E-02  2.409318E-02  2.429274E-02  2.418009E-02  1.647349E-02  1.647349E-02  1.647349E-02  1.647349E-02  1.647349E-02  2.114697E-03  2.114697E-03  2.114697E-03  2.114697E-03  2.114697E-03  2.114697E-03  2.114697E-03  1.882062E-02  1.735130E-02  1.733281E-02  1.737194E-02  1.648568E-02  1.648568E-02  1.648568E-02  1.648568E-02  1.648568E-02  2.117703E-03  2.117703E-03  2.117703E-03  2.117703E-03  2.117703E-03  2.117703E-03  2.117703E-03
    11.1809  1.713344E-02  2.416807E-02  2.422150E-02  2.420618E-02  1.667536E-02  1.667536E-02  1.667536E-02  1.667536E-02  1.667536E-02  2.159663E-03  2.159663E-03  2.159663E-03  2.159663E-03  2.159663E-03  2.159663E-03  2.159663E-03  1.854286E-02  1.877786E-02  1.874605E-02  1.879956E-02  1.668746E-02  1.668746E-02  1.668746E-02  1.668746E-02  1.668746E-02  2.162708E-03  2.162708E-03  2.162708E-03  2.162708E-03  2.162708E-03  2.162708E-03  2.162708E-03
    11.4221  1.503691E-02  2.347014E-02  2.338525E-02  2.345210E-02  1.687653E-02  1.687653E-02  1.687653E-02  1.687653E-02  1.687653E-02  2.205125E-03  2.205125E-03  2.205125E-03  2.205125E-03  2.205125E-03  2.205125E-03  2.205125E-03  1.783297E-02  2.059601E-02  2.055186E-02  2.061409E-02  1.688852E-02  1.688852E-02  1.688852E-02  1.688852E-02  1.688852E-02  2.208209E-03  2.208209E-03  2.208209E-03  2.208209E-03  2.208209E-03  2.208209E-03  2.208209E-03
    11.6633  1.331119E-02  2.231956E-02  2.212785E-02  2.225497E-02  1.707694E-02  1.707694E-02  1.707694E-02  1.707694E-02  1.707694E-02  2.251080E-03  2.251080E-03  2.251080E-03  2.251080E-03  2.251080E-03  2.251080E-03  2.251080E-03  1.650176E-02  2.269863E-02  2.264944E-02  2.270634E-02  1.708883E-02  1.708883E-02  1.708883E-02  1.708883E-02  1.708883E-02  2.254203E-03  2.254203E-03  2.254203E-03  2.254203E-03  2.254203E-03  2.254203E-03  2.254203E-03
    11.9045  1.195039E-02  2.106622E-02  2.079841E-02  2.096936E-02  1.727655E-02  1.727655E-02  1.727655E-02  1.727655E-02  1.727655E-02  2.297525E-03  2.297525E-03  2.297525E-03  2.297525E-03  2.297525E-03  2.297525E-03  2.297525E-03  1.480530E-02  2.445948E-02  2.442287E-02  2.444909E-02  1.728833E-02  1.728833E-02  1.728833E-02  1.728833E-02  1.728833E-02  2.300687E-03  2.300687E-03  2.300687E-03  2.300687E-03  2.300687E-03  2.300687E-03  2.300687E-03
    12.1457  1.089262E-02  1.992188E-02  1.959727E-02  1.980383E-02  1.747531E-02  1.747531E-02  1.747531E-02  1.747531E-02  1.747531E-02  2.344460E-03  2.344460E-03  2.344460E-03  2.344460E-03  2.344460E-03  2.344460E-03  2.344460E-03  1.312487E-02  2.478380E-02  2.477731E-02  2.475843E-02  1.748697E-02  1.748697E-02  1.748697E-02  1.748697E-02  1.748697E-02  2.347661E-03  2.347661E-03  2.347661E-03  2.347661E-03  2.347661E-03  2.347661E-03  2.347661E-03
    12.3869  1.006765E-02  1.892556E-02  1.855314E-02  1.879275E-02  1.767316E-02  1.767316E-02  1.767316E-02  1.767316E-02  1.767316E-02  2.391882E-03  2.391882E-03  2.391882E-03  2.391882E-03  2.391882E-03  2.391882E-03  2.391882E-03  1.167447E-02  2.320955E-02  2.322634E-02  2.318606E-02  1.768471E-02  1.768471E-02  1.768471E-02  1.768471E-02  1.768471E-02  2.395121E-03  2.395121E-03  2.395121E-03  2.395121E-03  2.395121E-03  2.395121E-03  2.395121E-03
    12.6281  9.418970E-03  1.801566E-02  1.760058E-02  1.787268E-02  1.787008E-02  1.787008E-02  1.787008E-02  1.787008E-02  1.787008E-02  2.439787E-03  2.439787E-03  2.439787E-03  2.439787E-03  2.439787E-03  2.439787E-03  2.439787E-03  1.048454E-02  2.070491E-02  2.072570E-02  2.069208E-02  1.788150E-02  1.788150E-02  1.788150E-02  1.788150E-02  1.788150E-02  2.443066E-03  2.443066E-03  2.443066E-03  2.443066E-03  2.443066E-03  2.443066E-03  2.443066E-03
    12.8693  8.907796E-03  1.711946E-02  1.666893E-02  1.697182E-02  1.806599E-02  1.806599E-02  1.806599E-02  1.806599E-02  1.806599E-02  2.488175E-03  2.488175E-03  2.488175E-03  2.488175E-03  2.488175E-03  2.488175E-03  2.488175E-03  9.499464E-03  1.835041E-02  1.836659E-02  1.834495E-02  1.807728E-02  1.807728E-02  1.807728E-02  1.807728E-02  1.807728E-02  2.491492E-03  2.491492E-03  2.491492E-03  2.491492E-03  2.491492E-03  2.491492E-03  2.491492E-03
    13.1106  8.510078E-03  1.620616E-02  1.573148E-02  1.606035E-02  1.826087E-02  1.826087E-02  1.826087E-02  1.826087E-02  1.826087E-02  2.537042E-03  2.537042E-03  2.537042E-03  2.537042E-03  2.537042E-03  2.537042E-03  2.537042E-03  8.654926E-03  1.650524E-02  1.651671E-02  1.650283E-02  1.827202E-02  1.827202E-02  1.827202E-02  1.827202E-02  1.827202E-02  2.540398E-03  2.540398E-03  2.540398E-03  2.540398E-03  2.540398E-03  2.540398E-03  2.540398E-03
    13.3518  8.212276E-03  1.529552E-02  1.481073E-02  1.515693E-02  1.845466E-02  1.845466E-02  1.845466E-02  1.845466E-02  1.845466E-02  2.586386E-03  2.586386E-03  2.586386E-03  2.586386E-03  2.586386E-03  2.586386E-03  2.586386E-03  7.910239E-03  1.512163E-02  1.513092E-02  1.512064E-02  1.846567E-02  1.846567E-02  1.846567E-02  1.846567E-02  1.846567E-02  2.589781E-03  2.589781E-03  2.589781E-03  2.589781E-03  2.589781E-03  2.589781E-03  2.589781E-03
    13.5930  8.007705E-03  1.443570E-02  1.395458E-02  1.430741E-02  1.864731E-02  1.864731E-02  1.864731E-02  1.864731E-02  1.864731E-02  2.636204E-03  2.636204E-03  2.636204E-03  2.636204E-03  2.636204E-03  2.636204E-03  2.636204E-03  7.249352E-03  1.405935E-02  1.406918E-02  1.406004E-02  1.865819E-02  1.865819E-02  1.865819E-02  1.865819E-02  1.865819E-02  2.639637E-03  2.639637E-03  2.639637E-03  2.639637E-03  2.639637E-03  2.639637E-03  2.639637E-03
    13.8342  7.893800E-03  1.367387E-02  1.320740E-02  1.355700E-02  1.883879E-02  1.883879E-02  1.883879E-02  1.883879E-02  1.883879E-02  2.686494E-03  2.686494E-03  2.686494E-03  2.686494E-03  2.686494E-03  2.686494E-03  2.686494E-03  6.669670E-03  1.320067E-02  1.321304E-02  1.320381E-02  1.884952E-02  1.884952E-02  1.884952E-02  1.884952E-02  1.884952E-02  2.689965E-03  2.689965E-03  2.689965E-03  2.689965E-03  2.689965E-03  2.689965E-03  2.689965E-03
    14.0754  7.869516E-03  1.303788E-02  1.259353E-02  1.293271E-02  1.902904E-02  1.902904E-02  1.902904E-02  1.902904E-02  1.902904E-02  2.737252E-03  2.737252E-03  2.737252E-03  2.737252E-03  2.737252E-03  2.737252E-03  2.737252E-03  6.171640E-03  1.247306E-02  1.248899E-02  1.247919E-02  1.903962E-02  1.903962E-02  1.903962E-02  1.903962E-02  1.903962E-02  2.740762E-03  2.740762E-03  2.740762E-03  2.740762E-03  2.740762E-03  2.740762E-03  2.740762E-03
    14.3166  7.933325E-03  1.253424E-02  1.211651E-02  1.244106E-02  1.921803E-02  1.921803E-02  1.921803E-02  1.921803E-02  1.921803E-02  2.788475E-03  2.788475E-03  2.788475E-03  2.788475E-03  2.788475E-03  2.788475E-03  2.788475E-03  5.754257E-03  1.184080E-02  1.186028E-02  1.184984E-02  1.922845E-02  1.922845E-02  1.922845E-02  1.922845E-02  1.922845E-02  2.792024E-03  2.792024E-03  2.792024E-03  2.792024E-03  2.792024E-03  2.792024E-03  2.792024E-03
    14.5578  8.081577E-03  1.215533E-02  1.176664E-02  1.207481E-02  1.940570E-02  1.940570E-02  1.940570E-02  1.940570E-02  1.940570E-02  2.840162E-03  2.840162E-03  2.840162E-03  2.840162E-03  2.840162E-03  2.840162E-03  2.840162E-03  5.414446E-03  1.128900E-02  1.131143E-02  1.130037E-02  1.941596E-02  1.941596E-02  1.941596E-02  1.941596E-02  1.941596E-02  2.843749E-03  2.843749E-03  2.843749E-03  2.843749E-03  2.843749E-03  2.843749E-03  2.843749E-03
    14.7990  8.308106E-03  1.188748E-02  1.152890E-02  1.182070E-02  1.959202E-02  1.959202E-02  1.959202E-02  1.959202E-02  1.959202E-02  2.892308E-03  2.892308E-03  2.892308E-03  2.892308E-03  2.892308E-03  2.892308E-03  2.892308E-03  5.147541E-03  1.080984E-02  1.083438E-02  1.082270E-02  1.960211E-02  1.960211E-02  1.960211E-02  1.960211E-02  1.960211E-02  2.895933E-03  2.895933E-03  2.895933E-03  2.895933E-03  2.895933E-03  2.895933E-03  2.895933E-03
    15.0402  8.604218E-03  1.171632E-02  1.138820E-02  1.166490E-02  1.977694E-02  1.977694E-02  1.977694E-02  1.977694E-02  1.977694E-02  2.944911E-03  2.944911E-03  2.944911E-03  2.944911E-03  2.944911E-03  2.944911E-03  2.944911E-03  4.947725E-03  1.039547E-02  1.042128E-02  1.040892E-02  1.978687E-02  1.978687E-02  1.978687E-02  1.978687E-02  1.978687E-02  2.948574E-03  2.948574E-03  2.948574E-03  2.948574E-03  2.948574E-03  2.948574E-03  2.948574E-03
    15.2814  8.958561E-03  1.162941E-02  1.133181E-02  1.159525E-02  1.996042E-02  1.996042E-02  1.996042E-02  1.996042E-02  1.996042E-02  2.997967E-03  2.997967E-03  2.997967E-03  2.997967E-03  2.997967E-03  2.997967E-03  2.997967E-03  4.808394E-03  1.003630E-02  1.006262E-02  1.004950E-02  1.997018E-02  1.997018E-02  1.997018E-02  1.997018E-02  1.997018E-02  3.001668E-03  3.001668E-03  3.001668E-03  3.001668E-03  3.001668E-03  3.001668E-03  3.001668E-03
    15.5226  9.355614E-03  1.161730E-02  1.135027E-02  1.160248E-02  2.014243E-02  2.014243E-02  2.014243E-02  2.014243E-02  2.014243E-02  3.051473E-03  3.051473E-03  3.051473E-03  3.051473E-03  3.051473E-03  3.051473E-03  3.051473E-03  4.722734E-03  9.722761E-03  9.748851E-03  9.734962E-03  2.015200E-02  2.015200E-02  2.015200E-02  2.015200E-02  2.015200E-02  3.055212E-03  3.055212E-03  3.055212E-03  3.055212E-03  3.055212E-03  3.055212E-03  3.055212E-03
    15.7638  9.773785E-03  1.167399E-02  1.143786E-02  1.168014E-02  2.032291E-02  2.032291E-02  2.032291E-02  2.032291E-02  2.032291E-02  3.105426E-03  3.105426E-03  3.105426E-03  3.105426E-03  3.105426E-03  3.105426E-03  3.105426E-03  4.685023E-03  9.447415E-03  9.472589E-03  9.458043E-03  2.033230E-02  2.033230E-02  2.033230E-02  2.033230E-02  2.033230E-02  3.109202E-03  3.109202E-03  3.109202E-03  3.109202E-03  3.109202E-03  3.109202E-03  3.109202E-03
    16.0050  1.018581E-02  1.179560E-02  1.159175E-02  1.182341E-02  2.050183E-02  2.050183E-02  2.050183E-02  2.050183E-02  2.050183E-02  3.159822E-03  3.159822E-03  3.159822E-03  3.159822E-03  3.159822E-03  3.159822E-03  3.159822E-03  4.692103E-03  9.206572E-03  9.230165E-03  9.215243E-03  2.051104E-02  2.051104E-02  2.051104E-02  2.051104E-02  2.051104E-02  3.163636E-03  3.163636E-03  3.163636E-03  3.163636E-03  3.163636E-03  3.163636E-03  3.163636E-03
    16.2462  1.056259E-02  1.197720E-02  1.180950E-02  1.202570E-02  2.067915E-02  2.067915E-02  2.067915E-02  2.067915E-02  2.067915E-02  3.214658E-03  3.214658E-03  3.214658E-03  3.214658E-03  3.214658E-03  3.214658E-03  3.214658E-03  4.744548E-03  9.000374E-03  9.021876E-03  9.006908E-03  2.068818E-02  2.068818E-02  2.068818E-02  2.068818E-02  2.068818E-02  3.218509E-03  3.218509E-03  3.218509E-03  3.218509E-03  3.218509E-03  3.218509E-03  3.218509E-03
    16.4874  1.088042E-02  1.220780E-02  1.208436E-02  1.227420E-02  2.085483E-02  2.085483E-02  2.085483E-02  2.085483E-02  2.085483E-02  3.269930E-03  3.269930E-03  3.269930E-03  3.269930E-03  3.269930E-03  3.269930E-03  3.269930E-03  4.846832E-03  8.831098E-03  8.850184E-03  8.835511E-03  2.086367E-02  2.086367E-02  2.086367E-02  2.086367E-02  2.086367E-02  3.273819E-03  3.273819E-03  3.273819E-03  3.273819E-03  3.273819E-03  3.273819E-03  3.273819E-03
    16.7286  1.112830E-02  1.246756E-02  1.240057E-02  1.254757E-02  2.102884E-02  2.102884E-02  2.102884E-02  2.102884E-02  2.102884E-02  3.325635E-03  3.325635E-03  3.325635E-03  3.325635E-03  3.325635E-03  3.325635E-03  3.325635E-03  5.006578E-03  8.700483E-03  8.717039E-03  8.702891E-03  2.103748E-02  2.103748E-02  2.103748E-02  2.103748E-02  2.103748E-02  3.329561E-03  3.329561E-03  3.329561E-03  3.329561E-03  3.329561E-03  3.329561E-03  3.329561E-03
    16.9698  1.131221E-02  1.273126E-02  1.273349E-02  1.282029E-02  2.120113E-02  2.120113E-02  2.120113E-02  2.120113E-02  2.120113E-02  3.381769E-03  3.381769E-03  3.381769E-03  3.381769E-03  3.381769E-03  3.381769E-03  3.381769E-03  5.233695E-03  8.607450E-03  8.621586E-03  8.607994E-03  2.120958E-02  2.120958E-02  2.120958E-02  2.120958E-02  2.120958E-02  3.385731E-03  3.385731E-03  3.385731E-03  3.385731E-03  3.385731E-03  3.385731E-03  3.385731E-03
    17.2111  1.145485E-02  1.297648E-02  1.305571E-02  1.307119E-02  2.137167E-02  2.137167E-02  2.137167E-02  2.137167E-02  2.137167E-02  3.438328E-03  3.438328E-03  3.438328E-03  3.438328E-03  3.438328E-03  3.438328E-03  3.438328E-03  5.539147E-03  8.547528E-03  8.559573E-03  8.546391E-03  2.137992E-02  2.137992E-02  2.137992E-02  2.137992E-02  2.137992E-02  3.442327E-03  3.442327E-03  3.442327E-03  3.442327E-03  3.442327E-03  3.442327E-03  3.442327E-03
    17.4523  1.159300E-02  1.318784E-02  1.334387E-02  1.328744E-02  2.154043E-02  2.154043E-02  2.154043E-02  2.154043E-02  2.154043E-02  3.495308E-03  3.495308E-03  3.495308E-03  3.495308E-03  3.495308E-03  3.495308E-03  3.495308E-03  5.934263E-03  8.514419E-03  8.524890E-03  8.511825E-03  2.154847E-02  2.154847E-02  2.154847E-02  2.154847E-02  2.154847E-02  3.499343E-03  3.499343E-03  3.499343E-03  3.499343E-03  3.499343E-03  3.499343E-03  3.499343E-03
    17.6935  1.177475E-02  1.335310E-02  1.357923E-02  1.345966E-02  2.170737E-02  2.170737E-02  2.170737E-02  2.170737E-02  2.170737E-02  3.552706E-03  3.552706E-03  3.552706E-03  3.552706E-03  3.552706E-03  3.552706E-03  3.552706E-03  6.430156E-03  8.502474E-03  8.512029E-03  8.498779E-03  2.171521E-02  2.171521E-02  2.171521E-02  2.171521E-02  2.171521E-02  3.556777E-03  3.556777E-03  3.556777E-03  3.556777E-03  3.556777E-03  3.556777E-03  3.556777E-03
    17.9347  1.205987E-02  1.345913E-02  1.374463E-02  1.357629E-02  2.187246E-02  2.187246E-02  2.187246E-02  2.187246E-02  2.187246E-02  3.610516E-03  3.610516E-03  3.610516E-03  3.610516E-03  3.610516E-03  3.610516E-03  3.610516E-03  7.037136E-03  8.509017E-03  8.518328E-03  8.504630E-03  2.188009E-02  2.188009E-02  2.188009E-02  2.188009E-02  2.188009E-02  3.614624E-03  3.614624E-03  3.614624E-03  3.614624E-03  3.614624E-03  3.614624E-03  3.614624E-03
    18.1759  1.252709E-02  1.349667E-02  1.382657E-02  1.362647E-02  2.203566E-02  2.203566E-02  2.203566E-02  2.203566E-02  2.203566E-02  3.668737E-03  3.668737E-03  3.668737E-03  3.668737E-03  3.668737E-03  3.668737E-03  3.668737E-03  7.764620E-03  8.535685E-03  8.545347E-03  8.531056E-03  2.204308E-02  2.204308E-02  2.204308E-02  2.204308E-02  2.204308E-02  3.672880E-03  3.672880E-03  3.672880E-03  3.672880E-03  3.672880E-03  3.672880E-03  3.672880E-03
    18.4171  1.329431E-02  1.347411E-02  1.382667E-02  1.361357E-02  2.219695E-02  2.219695E-02  2.219695E-02  2.219695E-02  2.219695E-02  3.727362E-03  3.727362E-03  3.727362E-03  3.727362E-03  3.727362E-03  3.727362E-03  3.727362E-03  8.621325E-03  8.590369E-03  8.600824E-03  8.585860E-03  2.220414E-02  2.220414E-02  2.220414E-02  2.220414E-02  2.220414E-02  3.731541E-03  3.731541E-03  3.731541E-03  3.731541E-03  3.731541E-03  3.731541E-03  3.731541E-03
    18.6583  1.456647E-02  1.343259E-02  1.377888E-02  1.357205E-02  2.235628E-02  2.235628E-02  2.235628E-02  2.235628E-02  2.235628E-02  3.786389E-03  3.786389E-03  3.786389E-03  3.786389E-03  3.786389E-03  3.786389E-03  3.786389E-03  9.616240E-03  8.689822E-03  8.701465E-03  8.685738E-03  2.236326E-02  2.236326E-02  2.236326E-02  2.236326E-02  2.236326E-02  3.790603E-03  3.790603E-03  3.790603E-03  3.790603E-03  3.790603E-03  3.790603E-03  3.790603E-03
    18.8995  1.675017E-02  1.346221E-02  1.377000E-02  1.358711E-02  2.251363E-02  2.251363E-02  2.251363E-02  2.251363E-02  2.251363E-02  3.845812E-03  3.845812E-03  3.845812E-03  3.845812E-03  3.845812E-03  3.845812E-03  3.845812E-03  1.076006E-02  8.860594E-03  8.873932E-03  8.857251E-03  2.252039E-02  2.252039E-02  2.252039E-02  2.252039E-02  2.252039E-02  3.850062E-03  3.850062E-03  3.850062E-03  3.850062E-03  3.850062E-03  3.850062E-03  3.850062E-03
    19.1407  2.074990E-02  1.373072E-02  1.397079E-02  1.382623E-02  2.266898E-02  2.266898E-02  2.266898E-02  2.266898E-02  2.266898E-02  3.905628E-03  3.905628E-03  3.905628E-03  3.905628E-03  3.905628E-03  3.905628E-03  3.905628E-03  1.206535E-02  9.134778E-03  9.150472E-03  9.132634E-03  2.267552E-02  2.267552E-02  2.267552E-02  2.267552E-02  2.267552E-02  3.909913E-03  3.909913E-03  3.909913E-03  3.909913E-03  3.909913E-03  3.909913E-03  3.909913E-03
    19.3819  2.873212E-02  1.455415E-02  1.470550E-02  1.461244E-02  2.282228E-02  2.282228E-02  2.282228E-02  2.282228E-02  2.282228E-02  3.965832E-03  3.965832E-03  3.965832E-03  3.965832E-03  3.965832E-03  3.965832E-03  3.965832E-03  1.354232E-02  9.540828E-03  9.559519E-03  9.540466E-03  2.282860E-02  2.282860E-02  2.282860E-02  2.282860E-02  2.282860E-02  3.970152E-03  3.970152E-03  3.970152E-03  3.970152E-03  3.970152E-03  3.970152E-03  3.970152E-03
    19.6231  4.508890E-02  1.657636E-02  1.663153E-02  1.660983E-02  2.297352E-02  2.297352E-02  2.297352E-02  2.297352E-02  2.297352E-02  4.026420E-03  4.026420E-03  4.026420E-03  4.026420E-03  4.026420E-03  4.026420E-03  4.026420E-03  1.518581E-02  1.009280E-02  1.011463E-02  1.009487E-02  2.297961E-02  2.297961E-02  2.297961E-02  2.297961E-02  2.297961E-02  4.030774E-03  4.030774E-03  4.030774E-03  4.030774E-03  4.030774E-03  4.030774E-03  4.030774E-03
    19.8643  6.518782E-02  2.120877E-02  2.107568E-02  2.125171E-02  2.312267E-02  2.312267E-02  2.312267E-02  2.312267E-02  2.312267E-02  4.087388E-03  4.087388E-03  4.087388E-03  4.087388E-03  4.087388E-03  4.087388E-03  4.087388E-03  1.694817E-02  1.078145E-02  1.080542E-02  1.078633E-02  2.312853E-02  2.312853E-02  2.312853E-02  2.312853E-02  2.312853E-02  4.091776E-03  4.091776E-03  4.091776E-03  4.091776E-03  4.091776E-03  4.091776E-03  4.091776E-03
    20.1055  5.666487E-02  3.106131E-02  2.999385E-02  3.101921E-02  2.326970E-02  2.326970E-02  2.326970E-02  2.326970E-02  2.326970E-02  4.148730E-03  4.148730E-03  4.148730E-03  4.148730E-03  4.148730E-03  4.148730E-03  4.148730E-03  1.870386E-02  1.156998E-02  1.159349E-02  1.157719E-02  2.327533E-02  2.327533E-02  2.327533E-02  2.327533E-02  2.327533E-02  4.153151E-03  4.153151E-03  4.153151E-03  4.153151E-03  4.153151E-03  4.153151E-03  4.153151E-03
    20.3467  4.376443E-02  4.546156E-02  4.426374E-02  4.551630E-02  2.341458E-02  2.341458E-02  2.341458E-02  2.341458E-02  2.341458E-02  4.210442E-03  4.210442E-03  4.210442E-03  4.210442E-03  4.210442E-03  4.210442E-03  4.210442E-03  2.023440E-02  1.239800E-02  1.241672E-02  1.240567E-02  2.341999E-02  2.341999E-02  2.341999E-02  2.341999E-02  2.341999E-02  4.214897E-03  4.214897E-03  4.214897E-03  4.214897E-03  4.214897E-03  4.214897E-03  4.214897E-03
    20.5879  4.192659E-02  5.630437E-02  5.468442E-02  5.695628E-02  2.355730E-02  2.355730E-02  2.355730E-02  2.355730E-02  2.355730E-02  4.272520E-03  4.272520E-03  4.272520E-03  4.272520E-03  4.272520E-03  4.272520E-03  4.272520E-03  2.129513E-02  1.319636E-02  1.320499E-02  1.320096E-02  2.356247E-02  2.356247E-02  2.356247E-02  2.356247E-02  2.356247E-02  4.277008E-03  4.277008E-03  4.277008E-03  4.277008E-03  4.277008E-03  4.277008E-03  4.277008E-03
    20.8291  3.135135E-02  4.994935E-02  4.933552E-02  5.066365E-02  2.369783E-02  2.369783E-02  2.369783E-02  2.369783E-02  2.369783E-02  4.334959E-03  4.334959E-03  4.334959E-03  4.334959E-03  4.334959E-03  4.334959E-03  4.334959E-03  2.177759E-02  1.390912E-02  1.390256E-02  1.390576E-02  2.370276E-02  2.370276E-02  2.370276E-02  2.370276E-02  2.370276E-02  4.339480E-03  4.339480E-03  4.339480E-03  4.339480E-03  4.339480E-03  4.339480E-03  4.339480E-03
    21.0704  1.864967E-02  2.827211E-02  3.292324E-02  2.856535E-02  2.383614E-02  2.383614E-02  2.383614E-02  2.383614E-02  2.383614E-02  4.397754E-03  4.397754E-03  4.397754E-03  4.397754E-03  4.397754E-03  4.397754E-03  4.397754E-03  2.185602E-02  1.451279E-02  1.448762E-02  1.449650E-02  2.384084E-02  2.384084E-02  2.384084E-02  2.384084E-02  2.384084E-02  4.402308E-03  4.402308E-03  4.402308E-03  4.402308E-03  4.402308E-03  4.402308E-03  4.402308E-03
    21.3116  1.227273E-02  1.817791E-02  2.030450E-02  1.831148E-02  2.397222E-02  2.397222E-02  2.397222E-02  2.397222E-02  2.397222E-02  4.460900E-03  4.460900E-03  4.460900E-03  4.460900E-03  4.460900E-03  4.460900E-03  4.460900E-03  2.200827E-02  1.502738E-02  1.498280E-02  1.499487E-02  2.397668E-02  2.397668E-02  2.397668E-02  2.397668E-02  2.397668E-02  4.465486E-03  4.465486E-03  4.465486E-03  4.465486E-03  4.465486E-03  4.465486E-03  4.465486E-03
    21.5528  9.216258E-03  1.427023E-02  1.507392E-02  1.433023E-02  2.410604E-02  2.410604E-02  2.410604E-02  2.410604E-02  2.410604E-02  4.524392E-03  4.524392E-03  4.524392E-03  4.524392E-03  4.524392E-03  4.524392E-03  4.524392E-03  2.305296E-02  1.552114E-02  1.545968E-02  1.547252E-02  2.411027E-02  2.411027E-02  2.411027E-02  2.411027E-02  2.411027E-02  4.529011E-03  4.529011E-03  4.529011E-03  4.529011E-03  4.529011E-03  4.529011E-03  4.529011E-03
    21.7940  7.573838E-03  1.253895E-02  1.281178E-02  1.255721E-02  2.423759E-02  2.423759E-02  2.423759E-02  2.423759E-02  2.423759E-02  4.588226E-03  4.588226E-03  4.588226E-03  4.588226E-03  4.588226E-03  4.588226E-03  4.588226E-03  2.672003E-02  1.611623E-02  1.604352E-02  1.605545E-02  2.424158E-02  2.424158E-02  2.424158E-02  2.424158E-02  2.424158E-02  4.592876E-03  4.592876E-03  4.592876E-03  4.592876E-03  4.592876E-03  4.592876E-03  4.592876E-03
    22.0352  6.585749E-03  1.170205E-02  1.173462E-02  1.169262E-02  2.436685E-02  2.436685E-02  2.436685E-02  2.436685E-02  2.436685E-02  4.652397E-03  4.652397E-03  4.652397E-03  4.652397E-03  4.652397E-03  4.652397E-03  4.652397E-03  3.854449E-02  1.700857E-02  1.693184E-02  1.694207E-02  2.437059E-02  2.437059E-02  2.437059E-02  2.437059E-02  2.437059E-02  4.657078E-03  4.657078E-03  4.657078E-03  4.657078E-03  4.657078E-03  4.657078E-03  4.657078E-03
    22.2764  5.932788E-03  1.129103E-02  1.120315E-02  1.126073E-02  2.449379E-02  2.449379E-02  2.449379E-02  2.449379E-02  2.449379E-02  4.716899E-03  4.716899E-03  4.716899E-03  4.716899E-03  4.716899E-03  4.716899E-03  4.716899E-03  7.762181E-02  1.854305E-02  1.846935E-02  1.847811E-02  2.449730E-02  2.449730E-02  2.449730E-02  2.449730E-02  2.449730E-02  4.721611E-03  4.721611E-03  4.721611E-03  4.721611E-03  4.721611E-03  4.721611E-03  4.721611E-03
    22.5176  5.465815E-03  1.110800E-02  1.095785E-02  1.106041E-02  2.461841E-02  2.461841E-02  2.461841E-02  2.461841E-02  2.461841E-02  4.781727E-03  4.781727E-03  4.781727E-03  4.781727E-03  4.781727E-03  4.781727E-03  4.781727E-03  8.786107E-02  2.148329E-02  2.141869E-02  2.142870E-02  2.462167E-02  2.462167E-02  2.462167E-02  2.462167E-02  2.462167E-02  4.786470E-03  4.786470E-03  4.786470E-03  4.786470E-03  4.786470E-03  4.786470E-03  4.786470E-03
    22.7588  5.109611E-03  1.106230E-02  1.088306E-02  1.099962E-02  2.474069E-02  2.474069E-02  2.474069E-02  2.474069E-02  2.474069E-02  4.846877E-03  4.846877E-03  4.846877E-03  4.846877E-03  4.846877E-03  4.846877E-03  4.846877E-03  4.299759E-02  2.788177E-02  2.782749E-02  2.784322E-02  2.474371E-02  2.474371E-02  2.474371E-02  2.474371E-02  2.474371E-02  4.851650E-03  4.851650E-03  4.851650E-03  4.851650E-03  4.851650E-03  4.851650E-03  4.851650E-03
    23.0000  4.825034E-03  1.111273E-02  1.092601E-02  1.103666E-02  2.486060E-02  2.486060E-02  2.486060E-02  2.486060E-02  2.486060E-02  4.912343E-03  4.912343E-03  4.912343E-03  4.912343E-03  4.912343E-03  4.912343E-03  4.912343E-03  2.985089E-02  4.175385E-02  4.170952E-02  4.173622E-02  2.486339E-02  2.486339E-02  2.486339E-02  2.486339E-02  2.486339E-02  4.917146E-03  4.917146E-03  4.917146E-03  4.917146E-03  4.917146E-03  4.917146E-03  4.917146E-03
