#  Fermi level (eV): -10.042
#  Charge transfer :   0.353
# Electron counts for each magnetic-orbital momentum:
#       0     1      0.000
#       1     2      0.000
#       1     3      0.000
#       1     4      0.000
#       2     5      0.000
#       2     6      0.000
#       2     7      0.000
#       2     8      0.000
#       2     9      0.000
#       3    10      0.000
#       3    11      0.000
#       3    12      0.000
#       3    13      0.000
#       3    14      0.000
#       3    15      0.000
#       3    16      0.000
#  Number of atoms in cluster: 137
#  Lorentzian broadening with HWHH     0.1000 eV
# -----------------------------------------------------------------------
#      e      s(0)DOS-up   p(-1)DOS-up   p(0)DOS-up   p(+1)DOS-up  d(-2)DOS-up  d(-1)DOS-up   d(0)DOS-up   d(+1)DOS-up  d(+2)DOS-up  f(-3)DOS-up   f(-2)DOS-up   f(-1)DOS-up  f(0)DOS-up   f(+1)DOS-up   f(+2)DOS-up   f(+3)DOS-up  s(0)DOS-dn   p(-1)DOS-dn   p(0)DOS-dn   p(+1)DOS-dn  d(-2)DOS-dn  d(-1)DOS-dn   d(0)DOS-dn   d(+1)DOS-dn  d(+2)DOS-dn  f(-3)DOS-dn   f(-2)DOS-dn   f(-1)DOS-dn  f(0)DOS-dn   f(+1)DOS-dn   f(+2)DOS-dn   f(+3)DOS-dn   @#
   -25.0000  1.809932E-03  1.367702E-01  1.468270E-01  1.366976E-01  7.950489E-04  1.357755E-03  2.682716E-04  1.356900E-03  7.954350E-04  1.541283E-03  2.600915E-03  2.372618E-03  1.744279E-03  1.668770E-03  1.473304E-03  1.839090E-03  2.081010E-02  4.303879E-01  4.153360E-01  4.304124E-01  1.014893E-02  1.597686E-02  3.422746E-04  1.597875E-02  1.014709E-02  3.883393E-03  1.115693E-02  6.012057E-03  4.655344E-03  9.677732E-03  7.206554E-03  6.587515E-03
   -24.7588  1.112374E-03  3.303878E-02  3.385905E-02  3.303036E-02  5.587770E-04  8.538232E-04  2.726034E-04  8.536162E-04  5.589500E-04  7.750932E-04  9.857837E-04  1.114033E-03  8.444474E-04  8.320087E-04  7.963226E-04  8.604398E-04  1.324830E-02  9.840095E-02  9.760053E-02  9.839806E-02  3.705172E-03  8.200230E-03  2.984121E-04  8.206478E-03  3.704497E-03  9.415337E-04  2.085502E-03  1.298266E-03  1.047953E-03  1.872680E-03  1.445058E-03  1.440887E-03
   -24.5176  8.410037E-04  1.683312E-02  1.699761E-02  1.682974E-02  4.722122E-04  6.681553E-04  2.793249E-04  6.680829E-04  4.723203E-04  6.287929E-04  7.622301E-04  8.878661E-04  7.200893E-04  7.299253E-04  7.165131E-04  7.448442E-04  3.561474E-03  2.010347E-01  1.963908E-01  2.010185E-01  1.359348E-03  2.558026E-03  2.858034E-04  2.559408E-03  1.359208E-03  1.313927E-03  2.251119E-03  1.281062E-03  9.881730E-04  2.235322E-03  9.551482E-04  2.273680E-03
   -24.2764  7.018328E-04  1.107890E-02  1.112992E-02  1.107696E-02  4.320213E-04  5.776022E-04  2.877021E-04  5.775793E-04  4.321016E-04  5.757927E-04  7.034825E-04  8.116667E-04  6.921318E-04  7.145580E-04  7.087895E-04  7.269443E-04  1.624492E-03  1.421286E-01  1.478097E-01  1.421401E-01  7.352335E-04  1.209201E-03  2.858430E-04  1.209646E-03  7.351648E-04  8.666762E-04  1.411864E-03  1.067562E-03  7.948328E-04  1.925987E-03  7.194068E-04  1.538311E-03
   -24.0352  6.212962E-04  8.186990E-03  8.206877E-03  8.185637E-03  4.129229E-04  5.289954E-04  2.974639E-04  5.289879E-04  4.129873E-04  5.542941E-04  6.899133E-04  7.844013E-04  6.925778E-04  7.239025E-04  7.220061E-04  7.359867E-04  1.034579E-03  3.463554E-02  3.502410E-02  3.463650E-02  5.411813E-04  7.964435E-04  2.905277E-04  7.966434E-04  5.411488E-04  4.109742E-04  5.788461E-04  4.646278E-04  4.068708E-04  6.409346E-04  4.206762E-04  5.656791E-04
   -23.7940  5.718527E-04  6.452285E-03  6.461342E-03  6.451305E-03  4.055015E-04  5.028373E-04  3.085327E-04  5.028324E-04  4.055568E-04  5.477797E-04  6.951378E-04  7.800244E-04  7.058817E-04  7.444446E-04  7.449581E-04  7.569395E-04  8.031058E-04  1.769407E-02  1.775289E-02  1.769424E-02  4.701285E-04  6.431920E-04  2.980267E-04  6.433136E-04  4.701052E-04  3.400622E-04  4.341822E-04  3.711812E-04  3.449221E-04  4.482986E-04  3.632462E-04  4.167931E-04
   -23.5528  5.410997E-04  5.297925E-03  5.302445E-03  5.297267E-03  4.055787E-04  4.904456E-04  3.209364E-04  4.904826E-04  4.056216E-04  5.499363E-04  7.105298E-04  7.889095E-04  7.268206E-04  7.718688E-04  7.740886E-04  7.850758E-04  6.850581E-04  1.165908E-02  1.167088E-02  1.165910E-02  4.386032E-04  5.696786E-04  3.075534E-04  5.697722E-04  4.385891E-04  3.188525E-04  3.833547E-04  3.415161E-04  3.259409E-04  3.862248E-04  3.429703E-04  3.697447E-04
   -23.3116  5.227173E-04  4.476381E-03  4.478865E-03  4.475788E-03  4.110645E-04  4.875565E-04  3.347793E-04  4.876026E-04  4.111084E-04  5.578577E-04  7.326168E-04  8.067523E-04  7.532845E-04  8.045445E-04  8.080947E-04  8.186414E-04  6.179526E-04  8.619439E-03  8.621315E-03  8.619454E-03  4.256726E-04  5.323052E-04  3.188305E-04  5.323656E-04  4.256600E-04  3.122470E-04  3.611162E-04  3.305509E-04  3.201339E-04  3.602436E-04  3.355868E-04  3.512720E-04
   -23.0704  5.133832E-04  3.863950E-03  3.865471E-03  3.863487E-03  4.209530E-04  4.918769E-04  3.502148E-04  4.919348E-04  4.209847E-04  5.700843E-04  7.598565E-04  8.314965E-04  7.843882E-04  8.418883E-04  8.465396E-04  8.570007E-04  5.784080E-04  6.793653E-03  6.793184E-03  6.793736E-03  4.234697E-04  5.148723E-04  3.318065E-04  5.149267E-04  4.234494E-04  3.119845E-04  3.514016E-04  3.277299E-04  3.203002E-04  3.490329E-04  3.345063E-04  3.445957E-04
   -22.8291  5.112259E-04  3.392180E-03  3.393145E-03  3.391842E-03  4.347721E-04  5.022899E-04  3.674830E-04  5.023632E-04  4.348169E-04  5.858532E-04  7.915887E-04  8.621190E-04  8.198236E-04  8.838111E-04  8.894330E-04  9.000643E-04  5.557898E-04  5.577825E-03  5.576767E-03  5.577763E-03  4.284662E-04  5.101454E-04  3.465591E-04  5.101864E-04  4.284619E-04  3.151926E-04  3.484220E-04  3.293481E-04  3.238677E-04  3.453716E-04  3.371787E-04  3.440249E-04
   -22.5879  5.152734E-04  3.019894E-03  3.020538E-03  3.019556E-03  4.524591E-04  5.183095E-04  3.868844E-04  5.183598E-04  4.524877E-04  6.047956E-04  8.275809E-04  8.981760E-04  8.596032E-04  9.305636E-04  9.370960E-04  9.481108E-04  5.447954E-04  4.712767E-03  4.711809E-03  4.712693E-03  4.390631E-04  5.146690E-04  3.632618E-04  5.147046E-04  4.390517E-04  3.206590E-04  3.496250E-04  3.338284E-04  3.297296E-04  3.462237E-04  3.424305E-04  3.471730E-04
   -22.3467  5.251306E-04  2.720702E-03  2.721326E-03  2.720461E-03  4.741422E-04  5.397727E-04  4.088122E-04  5.398549E-04  4.741824E-04  6.267458E-04  8.678945E-04  9.396025E-04  9.039665E-04  9.826924E-04  9.901106E-04  1.001729E-03  5.428029E-04  4.069028E-03  4.068270E-03  4.069090E-03  4.545470E-04  5.267192E-04  3.822106E-04  5.267566E-04  4.545412E-04  3.278163E-04  3.537558E-04  3.404031E-04  3.373601E-04  3.501099E-04  3.496829E-04  3.528843E-04
   -22.1055  5.411279E-04  2.477925E-03  2.478416E-03  2.477641E-03  5.003841E-04  5.672997E-04  4.338157E-04  5.674526E-04  5.004124E-04  6.518126E-04  9.128320E-04  9.866996E-04  9.534375E-04  1.041034E-03  1.049344E-03  1.061766E-03  5.483189E-04  3.574440E-03  3.573851E-03  3.574449E-03  4.747733E-04  5.456363E-04  4.037787E-04  5.456675E-04  4.747436E-04  3.363831E-04  3.601280E-04  3.486997E-04  3.465179E-04  3.562654E-04  3.586482E-04  3.605827E-04
   -21.8643  5.635734E-04  2.278927E-03  2.279465E-03  2.278678E-03  5.317492E-04  6.013775E-04  4.625566E-04  6.014682E-04  5.318053E-04  6.800940E-04  9.628907E-04  1.039947E-03  1.008706E-03  1.106626E-03  1.115827E-03  1.129276E-03  5.609947E-04  3.185777E-03  3.185301E-03  3.185715E-03  4.999606E-04  5.712925E-04  4.284931E-04  5.713501E-04  4.999299E-04  3.462487E-04  3.684020E-04  3.585475E-04  3.571171E-04  3.643000E-04  3.691985E-04  3.699788E-04
   -21.6231  5.937579E-04  2.116115E-03  2.116858E-03  2.115895E-03  5.694354E-04  6.434184E-04  4.960406E-04  6.435475E-04  5.694560E-04  7.119730E-04  1.018876E-03  1.100303E-03  1.070856E-03  1.180852E-03  1.190911E-03  1.205643E-03  5.811756E-04  2.876116E-03  2.875771E-03  2.876264E-03  5.308288E-04  6.044626E-04  4.571106E-04  6.045973E-04  5.308248E-04  3.574310E-04  3.784266E-04  3.699487E-04  3.692116E-04  3.740342E-04  3.813888E-04  3.809875E-04
   -21.3819  6.335664E-04  1.984342E-03  1.984929E-03  1.983991E-03  6.151350E-04  6.952453E-04  5.355873E-04  6.953871E-04  6.151188E-04  7.479611E-04  1.081889E-03  1.168874E-03  1.141276E-03  1.265429E-03  1.276292E-03  1.292537E-03  6.096972E-04  2.627387E-03  2.627159E-03  2.627737E-03  5.684956E-04  6.462118E-04  4.906175E-04  6.464660E-04  5.685119E-04  3.700198E-04  3.902049E-04  3.829499E-04  3.829714E-04  3.854319E-04  3.953260E-04  3.936307E-04
   -21.1407  6.849571E-04  1.878871E-03  1.879772E-03  1.878782E-03  6.708451E-04  7.594151E-04  5.830134E-04  7.597632E-04  6.708071E-04  7.888328E-04  1.153162E-03  1.247101E-03  1.221619E-03  1.362424E-03  1.373909E-03  1.391930E-03  6.483995E-04  2.427819E-03  2.427849E-03  2.428034E-03  6.145790E-04  6.986781E-04  5.304381E-04  6.988883E-04  6.145876E-04  3.841900E-04  4.038339E-04  3.977859E-04  3.985813E-04  3.985297E-04  4.112772E-04  4.080251E-04
   -20.8995  7.526724E-04  1.798409E-03  1.799735E-03  1.798165E-03  7.399582E-04  8.398080E-04  6.411551E-04  8.400407E-04  7.398699E-04  8.352984E-04  1.234559E-03  1.336965E-03  1.314109E-03  1.474705E-03  1.486411E-03  1.506536E-03  6.993274E-04  2.268982E-03  2.268947E-03  2.268840E-03  6.713300E-04  7.645681E-04  5.784683E-04  7.642626E-04  6.712764E-04  4.001923E-04  4.195136E-04  4.148153E-04  4.162874E-04  4.136048E-04  4.295550E-04  4.242831E-04
   -20.6583  8.454848E-04  1.745962E-03  1.748080E-03  1.745402E-03  8.291637E-04  9.445672E-04  7.148630E-04  9.449742E-04  8.290012E-04  8.897279E-04  1.328999E-03  1.441329E-03  1.422403E-03  1.606383E-03  1.617595E-03  1.639782E-03  7.673547E-04  2.146238E-03  2.146311E-03  2.146693E-03  7.428844E-04  8.476826E-04  6.378021E-04  8.476144E-04  7.426022E-04  4.184417E-04  4.376164E-04  4.342856E-04  4.371485E-04  4.307673E-04  4.507445E-04  4.431116E-04
   -20.4171  9.711910E-04  1.722637E-03  1.723849E-03  1.722548E-03  9.463756E-04  1.084719E-03  8.112433E-04  1.084773E-03  9.463994E-04  9.548745E-04  1.437923E-03  1.564059E-03  1.550128E-03  1.762359E-03  1.771057E-03  1.797211E-03  8.570715E-04  2.055712E-03  2.055508E-03  2.055358E-03  8.329980E-04  9.534592E-04  7.130383E-04  9.538679E-04  8.326329E-04  4.395599E-04  4.584184E-04  4.568796E-04  4.614097E-04  4.504596E-04  4.754608E-04  4.648405E-04
   -20.1759  1.167005E-03  1.731354E-03  1.741737E-03  1.735653E-03  1.103763E-03  1.271719E-03  9.448631E-04  1.277239E-03  1.104457E-03  1.031308E-03  1.568257E-03  1.704891E-03  1.707509E-03  1.954086E-03  1.957119E-03  1.986916E-03  1.005314E-03  2.033288E-03  2.034924E-03  2.027000E-03  9.660975E-04  1.117675E-03  8.179014E-04  1.112200E-03  9.633220E-04  4.668085E-04  4.862788E-04  4.865270E-04  4.935977E-04  4.763081E-04  5.094138E-04  4.932188E-04
   -19.9347  2.466596E-03  2.540341E-03  2.514996E-03  2.552939E-03  1.867111E-03  2.296888E-03  1.434530E-03  2.301168E-03  1.880989E-03  1.400239E-03  1.874036E-03  2.093582E-03  2.107814E-03  2.400793E-03  2.345871E-03  2.375022E-03  1.013820E-04  9.255457E-04  9.266588E-04  9.258790E-04  5.373792E-04  4.375689E-04  6.395694E-04  4.373720E-04  5.373105E-04  3.937980E-04  4.037909E-04  3.994318E-04  4.012466E-04  4.020031E-04  4.067721E-04  4.171757E-04
   -19.6935  1.627432E-03  1.804256E-03  1.805022E-03  1.801223E-03  1.597193E-03  1.838747E-03  1.355062E-03  1.835541E-03  1.593056E-03  1.239644E-03  1.897983E-03  2.069325E-03  2.104274E-03  2.442014E-03  2.423684E-03  2.459568E-03  1.420892E-03  2.054220E-03  2.055345E-03  2.055778E-03  1.359514E-03  1.578410E-03  1.139705E-03  1.580364E-03  1.359800E-03  5.171427E-04  5.359078E-04  5.439101E-04  5.570274E-04  5.207529E-04  5.714966E-04  5.414434E-04
   -19.4523  2.829803E-03  2.347454E-03  2.358935E-03  2.342147E-03  2.437632E-03  2.869258E-03  2.009691E-03  2.875177E-03  2.427870E-03  1.521805E-03  2.225423E-03  2.410803E-03  2.547838E-03  2.956086E-03  2.868636E-03  2.902707E-03  2.004545E-03  2.282110E-03  2.282287E-03  2.282202E-03  1.821873E-03  2.139914E-03  1.504412E-03  2.138153E-03  1.823504E-03  6.044190E-04  6.222557E-04  6.423823E-04  6.665634E-04  5.999373E-04  6.805971E-04  6.316807E-04
   -19.2111  4.983911E-03  3.300776E-03  3.311515E-03  3.279181E-03  4.072300E-03  4.826919E-03  3.311946E-03  4.825529E-03  4.037126E-03  2.016366E-03  2.712727E-03  2.899626E-03  3.260322E-03  3.766070E-03  3.527038E-03  3.553596E-03  3.019961E-03  2.729043E-03  2.730324E-03  2.729676E-03  2.633024E-03  3.106989E-03  2.152963E-03  3.109716E-03  2.631274E-03  7.104477E-04  7.258771E-04  7.652131E-04  8.108719E-04  6.914971E-04  8.204765E-04  7.410642E-04
   -18.9698  1.319803E-02  7.015958E-03  7.064268E-03  6.930156E-03  1.012656E-02  1.204745E-02  8.122541E-03  1.206493E-02  9.942899E-03  3.719895E-03  4.072999E-03  4.162295E-03  5.437725E-03  6.172664E-03  5.305733E-03  5.261187E-03  5.720210E-03  4.023439E-03  4.026402E-03  4.023010E-03  4.689951E-03  5.565697E-03  3.797565E-03  5.569946E-03  4.686117E-03  9.614057E-04  9.679566E-04  1.060869E-03  1.161297E-03  9.007841E-04  1.156822E-03  9.966179E-04
   -18.7286  8.852440E-02  4.153731E-02  4.200456E-02  4.070103E-02  6.580436E-02  7.802094E-02  5.250471E-02  7.822759E-02  6.382608E-02  1.886315E-02  1.489700E-02  1.364202E-02  2.379626E-02  2.604718E-02  1.919451E-02  1.831464E-02  1.751811E-02  9.811987E-03  9.815631E-03  9.803992E-03  1.351283E-02  1.602459E-02  1.087322E-02  1.602240E-02  1.348918E-02  1.986477E-03  1.952032E-03  2.273761E-03  2.624360E-03  1.736360E-03  2.550757E-03  2.039912E-03
   -18.4874  3.086346E-02  1.525595E-02  1.512508E-02  1.536983E-02  2.280371E-02  2.819716E-02  1.795774E-02  2.803976E-02  2.341457E-02  7.572296E-03  7.141564E-03  7.102945E-03  1.009727E-02  1.152073E-02  9.075634E-03  9.119334E-03  1.141193E-01  5.776477E-02  5.845197E-02  5.777182E-02  8.535123E-02  1.023328E-01  6.913120E-02  1.023927E-01  8.532766E-02  1.020813E-02  9.843094E-03  1.217013E-02  1.469092E-02  8.455865E-03  1.385148E-02  1.045098E-02
   -18.2462  1.094596E-02  6.785611E-03  6.213999E-03  6.787412E-03  1.039095E-02  1.186149E-02  8.262148E-03  1.183633E-02  1.052043E-02  3.607866E-03  5.097188E-03  5.273596E-03  6.298436E-03  7.749825E-03  7.239139E-03  7.209711E-03  2.154149E-02  1.313464E-02  1.272662E-02  1.315436E-02  1.795100E-02  2.207168E-02  1.333072E-02  2.210498E-02  1.798383E-02  2.636627E-03  2.511447E-03  2.971766E-03  3.450700E-03  2.227444E-03  3.384393E-03  2.661813E-03
   -18.0050  1.720935E-02  8.080972E-03  7.775898E-03  8.068095E-03  1.388319E-02  1.613732E-02  1.209327E-02  1.611124E-02  1.399495E-02  4.031038E-03  6.494979E-03  6.198734E-03  7.688201E-03  9.191437E-03  8.544661E-03  8.850343E-03  1.114682E-02  9.112350E-03  8.072906E-03  9.120238E-03  1.224971E-02  1.488804E-02  8.422110E-03  1.490402E-02  1.225440E-02  2.102344E-03  2.060645E-03  2.073809E-03  2.471266E-03  1.873353E-03  2.387581E-03  2.171460E-03
   -17.7638  2.485845E-02  9.225956E-03  8.862373E-03  9.243435E-03  1.891802E-02  2.052361E-02  1.773664E-02  2.053089E-02  1.903014E-02  4.325899E-03  7.322626E-03  7.639355E-03  8.466921E-03  9.910857E-03  9.588054E-03  9.890356E-03  2.047206E-02  1.031573E-02  1.015447E-02  1.032469E-02  1.490497E-02  1.991303E-02  1.076986E-02  1.993605E-02  1.490537E-02  1.966484E-03  1.919479E-03  2.317704E-03  2.459517E-03  1.886662E-03  2.381404E-03  2.032100E-03
   -17.5226  2.413226E-02  1.212433E-02  1.240157E-02  1.213784E-02  3.151993E-02  3.193044E-02  2.900968E-02  3.217820E-02  3.176993E-02  4.769795E-03  8.980740E-03  9.907219E-03  1.016188E-02  1.262038E-02  1.296217E-02  1.296990E-02  1.841160E-02  1.071436E-02  1.004348E-02  1.071740E-02  1.978100E-02  2.119055E-02  1.740495E-02  2.119918E-02  1.977376E-02  1.952981E-03  1.926550E-03  2.133832E-03  2.180426E-03  1.945177E-03  2.165753E-03  2.059869E-03
   -17.2814  3.124312E-02  1.635114E-02  1.895317E-02  1.628615E-02  5.449578E-02  7.275637E-02  4.634552E-02  7.469280E-02  5.515268E-02  7.230841E-03  1.406423E-02  1.495883E-02  1.713670E-02  2.229227E-02  2.391742E-02  2.410057E-02  2.035924E-02  1.376912E-02  1.486137E-02  1.377441E-02  3.524812E-02  3.957240E-02  3.275960E-02  3.954834E-02  3.522857E-02  2.802535E-03  2.557281E-03  2.812756E-03  2.885797E-03  2.573359E-03  2.931206E-03  2.808142E-03
   -17.0402  4.816458E-02  2.802276E-02  3.284349E-02  2.832018E-02  6.238707E-02  7.770989E-02  4.751409E-02  7.752466E-02  6.294255E-02  1.079695E-02  1.967882E-02  2.236417E-02  2.474367E-02  3.020550E-02  3.328206E-02  3.399833E-02  2.560955E-02  1.928074E-02  2.250243E-02  1.928664E-02  5.574374E-02  6.925308E-02  4.661084E-02  6.915308E-02  5.572397E-02  5.532903E-03  4.310307E-03  5.397914E-03  5.695203E-03  4.330878E-03  5.886550E-03  4.759903E-03
   -16.7990  8.005379E-02  5.703989E-02  5.552408E-02  5.714639E-02  1.017674E-01  1.277519E-01  7.398351E-02  1.288893E-01  1.023406E-01  1.252550E-02  2.076604E-02  2.769304E-02  2.796801E-02  3.404738E-02  3.702704E-02  3.641643E-02  4.048485E-02  3.227320E-02  3.711815E-02  3.224515E-02  7.125346E-02  8.966383E-02  5.143124E-02  8.957790E-02  7.120291E-02  6.433511E-03  5.186638E-03  6.851537E-03  6.478506E-03  5.300493E-03  6.689406E-03  5.633287E-03
   -16.5578  8.112720E-02  4.505087E-02  4.052962E-02  4.480736E-02  8.696900E-02  9.758429E-02  6.655047E-02  9.748804E-02  8.640519E-02  2.657332E-02  2.463672E-02  6.034294E-02  4.255219E-02  4.725804E-02  4.860076E-02  5.016638E-02  6.174589E-02  6.237878E-02  5.950986E-02  6.234360E-02  9.851677E-02  1.263960E-01  7.168327E-02  1.264213E-01  9.852170E-02  6.787169E-03  6.048569E-03  7.517973E-03  8.104942E-03  5.453528E-03  8.449240E-03  5.284590E-03
   -16.3166  6.668298E-02  3.424066E-02  3.363136E-02  3.496217E-02  6.281392E-02  6.351300E-02  5.776002E-02  6.505974E-02  6.306322E-02  2.273584E-02  4.173340E-02  5.456136E-02  5.695023E-02  7.510729E-02  8.766057E-02  8.304557E-02  6.502908E-02  3.728423E-02  3.276919E-02  3.731488E-02  6.252214E-02  6.375496E-02  5.392718E-02  6.383960E-02  6.252605E-02  9.847766E-03  1.019349E-02  1.206451E-02  1.258635E-02  8.190418E-03  1.565277E-02  7.023332E-03
   -16.0754  6.158214E-02  5.172491E-02  5.352463E-02  5.280720E-02  6.181723E-02  8.933197E-02  4.307222E-02  8.977881E-02  6.330960E-02  2.649664E-02  5.740779E-02  7.016205E-02  7.363053E-02  9.117115E-02  1.088353E-01  1.215637E-01  7.191710E-02  2.677847E-02  2.479650E-02  2.680470E-02  4.676086E-02  4.979885E-02  3.503912E-02  4.985188E-02  4.673541E-02  1.235336E-02  1.207926E-02  1.273315E-02  1.415262E-02  9.460224E-03  1.602213E-02  9.286211E-03
   -15.8342  4.556152E-02  6.689380E-02  6.797569E-02  7.054118E-02  5.980295E-02  9.956471E-02  2.243685E-02  9.554075E-02  5.821927E-02  3.670374E-02  6.284615E-02  1.086027E-01  8.010270E-02  9.806968E-02  1.013516E-01  1.115357E-01  7.375532E-02  3.446021E-02  3.128375E-02  3.447765E-02  5.279885E-02  6.023193E-02  4.502772E-02  6.030424E-02  5.276104E-02  1.511508E-02  1.071980E-02  1.517059E-02  1.464233E-02  9.702011E-03  1.747350E-02  1.070977E-02
   -15.5930  2.478321E-02  4.682654E-02  5.131328E-02  4.534538E-02  3.609785E-02  5.988952E-02  1.701646E-02  6.024409E-02  3.569367E-02  6.109535E-02  6.383097E-02  1.732519E-01  9.565373E-02  1.008790E-01  1.031792E-01  9.904245E-02  7.127849E-02  4.756705E-02  4.600961E-02  4.758049E-02  6.003070E-02  9.712620E-02  2.684836E-02  9.718682E-02  6.009622E-02  1.422472E-02  1.121040E-02  1.535363E-02  1.350990E-02  1.198761E-02  1.675389E-02  1.176631E-02
   -15.3518  1.918904E-02  5.080538E-02  5.046074E-02  5.260515E-02  3.244552E-02  5.131688E-02  1.301723E-02  4.904665E-02  3.215912E-02  6.948622E-02  9.532196E-02  1.938566E-01  1.044578E-01  1.159758E-01  1.286251E-01  1.356217E-01  5.314314E-02  5.256392E-02  5.337316E-02  5.261782E-02  5.256002E-02  9.722897E-02  1.922531E-02  9.728077E-02  5.262207E-02  1.284002E-02  1.480149E-02  1.527619E-02  1.445801E-02  1.493049E-02  1.660766E-02  1.324733E-02
   -15.1106  2.012191E-02  4.416350E-02  4.453443E-02  4.224855E-02  3.096706E-02  3.774583E-02  2.038072E-02  3.569133E-02  2.899580E-02  9.468026E-02  1.164259E-01  3.520273E-01  1.657121E-01  2.083789E-01  2.177685E-01  2.573095E-01  3.429282E-02  3.731826E-02  4.528504E-02  3.740040E-02  3.203842E-02  5.370712E-02  1.647381E-02  5.368484E-02  3.205983E-02  1.234127E-02  1.966337E-02  1.866324E-02  1.641414E-02  1.709210E-02  2.188199E-02  1.282190E-02
   -14.8693  2.551001E-02  3.392860E-02  3.076700E-02  3.304109E-02  3.341746E-02  3.223209E-02  3.074388E-02  3.171129E-02  3.226118E-02  9.170160E-02  1.317802E-01  3.684182E-01  1.636295E-01  2.306081E-01  2.915842E-01  2.669871E-01  3.007169E-02  4.254732E-02  4.210063E-02  4.261693E-02  2.948969E-02  4.262879E-02  1.419961E-02  4.260929E-02  2.953997E-02  1.303937E-02  2.278127E-02  1.887601E-02  1.581070E-02  1.879005E-02  2.217293E-02  1.555150E-02
   -14.6281  3.279009E-02  3.488207E-02  2.995360E-02  3.353926E-02  2.633438E-02  3.369593E-02  1.279524E-02  3.403263E-02  2.526672E-02  7.266309E-02  1.876225E-01  2.929706E-01  1.753541E-01  2.843266E-01  2.990173E-01  2.855344E-01  2.982007E-02  5.991549E-02  5.907366E-02  5.992972E-02  3.576359E-02  5.101458E-02  1.565269E-02  5.090621E-02  3.584321E-02  1.669429E-02  2.388054E-02  2.054165E-02  1.773102E-02  2.065265E-02  2.328239E-02  1.837559E-02
   -14.3869  2.109615E-02  3.918711E-02  3.275477E-02  3.757417E-02  2.573750E-02  3.783859E-02  6.651125E-03  3.860374E-02  2.361728E-02  5.124935E-02  2.186534E-01  1.843182E-01  1.855468E-01  3.549188E-01  3.697995E-01  4.585983E-01  3.619517E-02  5.683655E-02  6.007366E-02  5.684356E-02  4.207438E-02  4.459696E-02  3.281248E-02  4.442490E-02  4.218252E-02  2.656647E-02  2.902281E-02  3.111493E-02  2.906897E-02  2.577090E-02  3.658143E-02  2.323128E-02
   -14.1457  1.095110E-02  2.308511E-02  2.280020E-02  2.193324E-02  2.204051E-02  3.770532E-02  4.375588E-03  3.746879E-02  2.224368E-02  3.071236E-02  1.834254E-01  1.369902E-01  1.767406E-01  5.065534E-01  5.943810E-01  7.589352E-01  3.906828E-02  4.409870E-02  4.596628E-02  4.408272E-02  3.993308E-02  3.656172E-02  4.552506E-02  3.655205E-02  3.974548E-02  2.230970E-02  3.805276E-02  2.846865E-02  2.608723E-02  2.976314E-02  3.595861E-02  2.411291E-02
   -13.9045  6.869123E-03  9.277428E-03  8.909829E-03  9.134010E-03  9.252147E-03  1.515089E-02  3.562633E-03  1.530726E-02  9.198513E-03  1.821636E-02  1.781019E-01  1.772283E-01  2.195931E-01  1.006086E+00  7.999937E-01  2.030693E-01  2.267965E-02  5.711444E-02  5.480812E-02  5.717228E-02  2.504647E-02  3.277041E-02  1.722270E-02  3.282832E-02  2.494089E-02  3.171499E-02  6.283425E-02  3.518549E-02  3.154055E-02  4.530389E-02  4.509683E-02  3.991420E-02
   -13.6633  1.065567E-02  8.715467E-03  8.366228E-03  8.213767E-03  1.164477E-02  2.043357E-02  5.755459E-03  2.055772E-02  1.145747E-02  2.652389E-02  3.542769E-01  4.067141E-01  5.139272E-01 -5.739910E-01  6.544468E-01  1.565812E+00  1.099940E-02  1.049241E-01  9.824245E-02  1.045155E-01  2.614650E-02  4.778879E-02  7.986570E-03  4.784549E-02  2.624390E-02  2.659690E-02  5.219197E-02  3.216990E-02  2.754794E-02  5.568642E-02  2.761555E-02  4.643596E-02
   -13.4221  1.860021E-02  9.637897E-03  1.411538E-02  1.115944E-02  1.099191E-02  2.869512E-02  8.136892E-03  3.672355E-02  1.484472E-02  3.466657E-02  8.273523E-01  8.954651E-01  1.062669E+00  2.401676E+00  2.003721E+00  1.618740E+00  5.706303E-03  4.184716E-02  4.331814E-02  4.164615E-02  1.015950E-02  1.588032E-02  4.463385E-03  1.581107E-02  1.021778E-02  1.126488E-02  1.936440E-02  1.389682E-02  1.087629E-02  2.362932E-02  1.004769E-02  2.008675E-02
   -13.1809  2.221193E-02  1.609854E-02  2.956863E-02  2.081972E-02  1.146272E-02  2.027430E-02  1.432206E-02  1.764206E-02  1.463109E-02  4.797849E-02  4.947303E-01 -9.932440E-01 -7.219494E-02  1.238813E+00  1.315026E+00  1.047389E+00  3.518438E-03  1.283224E-02  1.314370E-02  1.278708E-02  4.568621E-03  5.991926E-03  3.242573E-03  5.979344E-03  4.577055E-03  4.087574E-03  6.862178E-03  4.893603E-03  4.024593E-03  7.636607E-03  4.158580E-03  6.697260E-03
   -12.9397  2.060949E-02  2.148010E-02  3.023242E-02  1.817233E-02  1.329930E-02  1.591005E-02  1.662475E-02  1.385496E-02  1.705813E-02  6.173764E-02  8.838820E-01  5.484684E-01  1.758792E+00  6.826360E-01  5.844823E-01  5.723341E-01  2.455543E-03  6.188095E-03  6.309787E-03  6.171351E-03  3.176380E-03  3.676004E-03  2.713925E-03  3.671120E-03  3.178186E-03  2.175689E-03  3.511293E-03  2.548898E-03  2.180674E-03  3.709548E-03  2.373426E-03  3.413022E-03
   -12.6985  2.095504E-02  3.411617E-02  2.737745E-02  2.611620E-02  1.794527E-02  1.359931E-02  1.942751E-02  1.374860E-02  1.804042E-02  7.756745E-02  1.801991E+00  8.011381E-01  1.367096E+00  4.003263E-01  3.307775E-01  3.787602E-01  1.871972E-03  3.807652E-03  3.876519E-03  3.799426E-03  2.590923E-03  2.724884E-03  2.464464E-03  2.722286E-03  2.591425E-03  1.394791E-03  2.169303E-03  1.610668E-03  1.419016E-03  2.244698E-03  1.580518E-03  2.187713E-03
   -12.4573  1.583632E-02  3.199175E-02  2.331635E-02  3.161518E-02  2.019139E-02  1.411565E-02  2.051335E-02  1.395246E-02  1.712710E-02  9.254147E-02  9.689718E-01  1.245734E+00  8.622863E-01  2.877266E-01  2.212201E-01  2.275010E-01  1.524531E-03  2.691426E-03  2.736814E-03  2.686685E-03  2.297307E-03  2.225759E-03  2.360942E-03  2.224062E-03  2.297449E-03  9.822158E-04  1.483743E-03  1.122749E-03  1.012647E-03  1.533733E-03  1.139775E-03  1.600247E-03
   -12.2161  7.950505E-03  3.111849E-02  2.716611E-02  3.846849E-02  1.388449E-02  1.227929E-02  1.053930E-02  1.304105E-02  1.468009E-02  1.478073E-01  8.407426E-01  2.239814E+00  6.785961E-01  1.860455E-01  1.651891E-01  1.297252E-01  1.306996E-03  2.076040E-03  2.107873E-03  2.073014E-03  2.149273E-03  1.931449E-03  2.349546E-03  1.930276E-03  2.149211E-03  7.247391E-04  1.074102E-03  8.226661E-04  7.572100E-04  1.126071E-03  8.562393E-04  1.273109E-03
   -11.9749  3.287427E-03  1.106198E-02  7.417179E-03  1.214123E-02  5.768375E-03  4.502888E-03  5.402116E-03  4.672069E-03  5.954469E-03  5.353252E-02  3.811236E-01  4.322447E-01  2.290832E-01  7.634282E-02  7.066409E-02  6.378906E-02  1.167822E-03  1.699536E-03  1.722362E-03  1.697517E-03  2.090309E-03  1.748953E-03  2.407403E-03  1.748075E-03  2.090198E-03  5.439336E-04  8.007243E-04  6.149767E-04  5.769434E-04  8.642866E-04  6.533941E-04  1.073824E-03
   -11.7337  2.065854E-03  4.259291E-03  3.362196E-03  4.517480E-03  3.875268E-03  2.818374E-03  4.198331E-03  2.881752E-03  3.941154E-03  4.465618E-02  1.317093E-01  1.501746E-01  9.617834E-02  4.610049E-02  4.304479E-02  4.068222E-02  1.080401E-03  1.453072E-03  1.469304E-03  1.451704E-03  2.096169E-03  1.636310E-03  2.526598E-03  1.635675E-03  2.096039E-03  4.055720E-04  6.030457E-04  4.582207E-04  4.383981E-04  6.827933E-04  4.960328E-04  9.473989E-04
   -11.4925  1.617450E-03  2.501805E-03  2.204885E-03  2.610948E-03  3.344361E-03  2.300423E-03  3.922455E-03  2.324654E-03  3.378115E-03  5.680157E-02  6.980947E-02  8.025188E-02  5.725796E-02  3.339940E-02  3.158170E-02  3.037271E-02  1.030573E-03  1.285058E-03  1.296102E-03  1.284146E-03  2.157876E-03  1.572876E-03  2.708736E-03  1.572344E-03  2.157589E-03  2.931722E-04  4.520915E-04  3.323121E-04  3.251440E-04  5.515165E-04  3.660917E-04  8.691932E-04
   -11.2513  1.423555E-03  1.839680E-03  1.747535E-03  1.896367E-03  3.251494E-03  2.130055E-03  4.002276E-03  2.130703E-03  3.264351E-03  8.948270E-02  4.621918E-02  5.243050E-02  4.014336E-02  2.624799E-02  2.505460E-02  2.434098E-02  1.011374E-03  1.168917E-03  1.175469E-03  1.168359E-03  2.275787E-03  1.548082E-03  2.963493E-03  1.547675E-03  2.275290E-03  1.986233E-04  3.338332E-04  2.272467E-04  2.286881E-04  4.568892E-04  2.537466E-04  8.291845E-04
   -11.0101  1.365549E-03  1.557085E-03  1.605308E-03  1.592576E-03  3.435098E-03  2.184479E-03  4.332427E-03  2.161162E-03  3.416860E-03  1.477512E-01  3.415884E-02  3.885622E-02  3.077195E-02  2.166606E-02  2.081860E-02  2.036313E-02  1.021036E-03  1.090863E-03  1.093016E-03  1.090580E-03  2.459717E-03  1.558204E-03  3.312186E-03  1.557924E-03  2.459130E-03  1.187681E-04  2.430182E-04  1.387820E-04  1.450827E-04  3.953286E-04  1.535929E-04  8.267679E-04
   -10.7688  1.456184E-03  1.551033E-03  1.830319E-03  1.596731E-03  4.078672E-03  2.622077E-03  5.048746E-03  2.564185E-03  3.957906E-03  1.598610E-01  2.730414E-02  3.292581E-02  2.547519E-02  1.865592E-02  1.801361E-02  1.767537E-02  1.062787E-03  1.044397E-03  1.041705E-03  1.044409E-03  2.733592E-03  1.605197E-03  3.797169E-03  1.605077E-03  2.732581E-03  5.441903E-05  1.815976E-04  6.741946E-05  7.390812E-05  3.719333E-04  6.321385E-05  8.706059E-04
   -10.5276  1.835224E-03  2.243777E-03  3.647096E-03  2.410886E-03  6.627407E-03  4.721261E-03  7.190374E-03  4.249976E-03  6.165546E-03  1.047399E+00  2.488004E-02  3.982935E-02  2.497288E-02  1.743394E-02  1.689199E-02  1.628285E-02  1.147490E-03  1.029296E-03  1.020445E-03  1.029603E-03  3.147687E-03  1.698252E-03  4.505793E-03  1.698228E-03  3.146289E-03  1.225552E-05  1.611020E-04  2.011453E-05  1.973136E-05  4.041511E-04 -1.606792E-05  9.834094E-04
   -10.2864  3.676490E-03  5.148327E-03  1.026724E-02  4.506459E-03  1.719912E-02  1.180362E-02  1.582963E-02  1.067870E-02  1.472565E-02  4.260555E+00  2.951987E-02  9.063592E-02  3.489608E-02  1.927037E-02  1.872706E-02  1.761627E-02  1.300719E-03  1.052310E-03  1.034669E-03  1.052953E-03  3.808616E-03  1.859392E-03  5.623714E-03  1.859612E-03  3.806305E-03  1.114357E-05  2.116667E-04  1.605966E-05 -3.397442E-06  5.339170E-04 -7.540212E-05  1.215972E-03
   -10.0452  2.306029E-03  2.054950E-03  2.946705E-03  1.899868E-03  8.136129E-03  4.386597E-03  1.034798E-02  4.284877E-03  7.795484E-03  9.048233E-01  1.809266E-02  3.638815E-02  1.901038E-02  1.376305E-02  1.350046E-02  1.330883E-02  1.582837E-03  1.132535E-03  1.100861E-03  1.133616E-03  4.958288E-03  2.139556E-03  7.571568E-03  2.140166E-03  4.954434E-03  9.835410E-05  4.089844E-04  1.031798E-04  4.008109E-05  8.634544E-04 -8.986794E-05  1.688860E-03
    -9.8040  2.484351E-03  1.539274E-03  1.726164E-03  1.507537E-03  7.747974E-03  3.222875E-03  1.189254E-02  3.174701E-03  7.677567E-03  2.463378E-01  1.500101E-02  1.970132E-02  1.449102E-02  1.197106E-02  1.172063E-02  1.167607E-02  2.150743E-03  1.316336E-03  1.259785E-03  1.317923E-03  7.240003E-03  2.663252E-03  1.147094E-02  2.665036E-03  7.233364E-03  4.058831E-04  9.649695E-04  4.157127E-04  2.494985E-04  1.676213E-03  1.096526E-05  2.734966E-03
    -9.5628  3.776769E-03  1.673887E-03  1.662392E-03  1.668972E-03  1.048522E-02  3.426094E-03  1.781275E-02  3.405625E-03  1.049934E-02  1.151006E-01  1.390384E-02  1.561534E-02  1.289935E-02  1.117619E-02  1.090417E-02  1.097068E-02  3.475547E-03  1.720811E-03  1.616559E-03  1.722852E-03  1.283173E-02  3.780039E-03  2.117957E-02  3.784526E-03  1.281953E-02  1.397420E-03  2.619656E-03  1.420911E-03  9.727933E-04  3.958133E-03  4.712625E-04  5.519783E-03
    -9.3216  7.388503E-03  2.272259E-03  2.109024E-03  2.286660E-03  1.861543E-02  4.485823E-03  3.467958E-02  4.489004E-03  1.871783E-02  7.117218E-02  1.452785E-02  1.440609E-02  1.259068E-02  1.115657E-02  1.077947E-02  1.101644E-02  7.173571E-03  2.667872E-03  2.473971E-03  2.669971E-03  3.244720E-02  6.661583E-03  5.621656E-02  6.675117E-03  3.242933E-02  5.384332E-03  9.042641E-03  5.408359E-03  3.917115E-03  1.258096E-02  2.463370E-03  1.589382E-02
    -9.0804  1.553063E-02  3.768627E-03  3.470334E-03  3.817326E-03  4.965615E-02  7.388869E-03  1.028828E-01  7.432421E-03  4.998125E-02  5.868977E-02  2.004253E-02  1.646219E-02  1.493487E-02  1.322311E-02  1.245288E-02  1.319299E-02  1.584295E-02  4.973529E-03  4.715722E-03  4.984930E-03  1.100471E-01  1.529124E-02  2.024915E-01  1.533542E-02  1.100216E-01  2.199901E-02  3.463493E-02  2.194587E-02  1.596952E-02  4.765076E-02  1.058755E-02  5.838291E-02
    -8.8392  1.776687E-02  6.598899E-03  6.684637E-03  6.685301E-03  1.338260E-01  1.496332E-02  2.613518E-01  1.503537E-02  1.343737E-01  7.082546E-02  3.528284E-02  2.437179E-02  2.254094E-02  2.010415E-02  1.777573E-02  2.024165E-02  1.549595E-02  9.407890E-03  9.337475E-03  9.489196E-03  8.091827E-02  2.895736E-02  1.373874E-01  2.897623E-02  8.066132E-02  2.212615E-02  3.526994E-02  2.415125E-02  1.727126E-02  4.977502E-02  1.270590E-02  5.816161E-02
    -8.5980  1.626657E-02  1.032149E-02  1.110633E-02  1.031725E-02  8.470266E-02  2.728439E-02  1.373035E-01  2.731088E-02  8.484275E-02  7.041859E-02  3.489548E-02  2.446790E-02  2.282603E-02  2.093047E-02  1.723152E-02  2.086390E-02  1.354343E-02  1.442006E-02  1.552777E-02  1.454017E-02  3.793891E-02  1.963610E-02  5.813118E-02  1.960365E-02  3.780444E-02  1.347010E-02  2.125116E-02  1.387944E-02  1.028485E-02  2.488542E-02  8.905478E-03  3.512937E-02
    -8.3568  1.332346E-02  1.084015E-02  1.116087E-02  1.074722E-02  5.278404E-02  2.326677E-02  8.184904E-02  2.331154E-02  5.285087E-02  4.350154E-02  2.050570E-02  1.694820E-02  1.505343E-02  1.384108E-02  1.194106E-02  1.324040E-02  1.100093E-02  8.812408E-03  9.233552E-03  8.865857E-03  2.472314E-02  1.077083E-02  3.857511E-02  1.076092E-02  2.465201E-02  4.245505E-03  7.513473E-03  4.459942E-03  3.030740E-03  9.344863E-03  2.390549E-03  1.465383E-02
    -8.1156  1.055584E-02  7.504400E-03  7.248801E-03  7.447723E-03  4.571441E-02  1.564858E-02  7.544563E-02  1.569269E-02  4.573536E-02  2.670387E-02  1.317109E-02  1.271756E-02  1.084853E-02  1.005295E-02  9.200006E-03  9.790931E-03  7.956419E-03  5.367323E-03  5.396186E-03  5.403276E-03  2.249753E-02  7.590562E-03  3.712252E-02  7.592548E-03  2.245812E-02  5.477560E-04  2.108358E-03  5.236684E-04 -1.236457E-04  3.674018E-03 -8.714076E-04  7.324000E-03
    -7.8744  9.585672E-03  5.705452E-03  5.408733E-03  5.675497E-03  5.580378E-02  1.273423E-02  1.008603E-01  1.276392E-02  5.577830E-02  1.868728E-02  1.059504E-02  1.052894E-02  9.163935E-03  8.686139E-03  8.176873E-03  8.557326E-03  6.889918E-03  3.992627E-03  3.965283E-03  4.029231E-03  2.583941E-02  6.501369E-03  4.547019E-02  6.509633E-03  2.582791E-02 -1.296651E-03 -5.915766E-04 -1.543784E-03 -1.910012E-03  1.003310E-03 -2.950192E-03  4.454564E-03
    -7.6332  9.579862E-03  4.883344E-03  4.663084E-03  4.865199E-03  9.321753E-02  1.212051E-02  1.886090E-01  1.213882E-02  9.313455E-02  1.452673E-02  9.575637E-03  9.387397E-03  8.443351E-03  8.175846E-03  7.766282E-03  8.085332E-03  6.753010E-03  3.440278E-03  3.432453E-03  3.486541E-03  3.545070E-02  6.319310E-03  6.598002E-02  6.333108E-03  3.547975E-02 -2.636910E-03 -2.592920E-03 -3.159092E-03 -3.376142E-03 -7.696199E-04 -4.924913E-03  3.360829E-03
    -7.3920  1.011448E-02  4.489457E-03  4.362948E-03  4.476369E-03  1.726521E-01  1.263877E-02  3.515981E-01  1.264721E-02  1.725077E-01  1.233970E-02  9.287087E-03  8.911300E-03  8.277937E-03  8.150721E-03  7.708644E-03  8.043385E-03  7.185456E-03  3.272628E-03  3.300110E-03  3.340383E-03  5.645404E-02  6.713358E-03  1.068869E-01  6.733112E-03  5.653261E-02 -3.553490E-03 -4.337561E-03 -4.505804E-03 -4.482932E-03 -2.018220E-03 -6.905620E-03  5.276361E-03
    -7.1508  1.088494E-02  4.217269E-03  4.210544E-03  4.204682E-03  2.101691E-01  1.374768E-02  3.595045E-01  1.374609E-02  2.102091E-01  1.110127E-02  9.310844E-03  8.740839E-03  8.321032E-03  8.317558E-03  7.897053E-03  8.242568E-03  8.077487E-03  3.332136E-03  3.412316E-03  3.443489E-03  9.756441E-02  7.694231E-03  1.831040E-01  7.720219E-03  9.753716E-02 -2.848385E-03 -5.082475E-03 -4.483327E-03 -3.591966E-03 -1.616455E-03 -7.365762E-03  2.250445E-02
    -6.9095  1.167235E-02  4.126772E-03  4.240096E-03  4.110036E-03  2.113385E-01  1.469789E-02  3.765242E-01  1.468716E-02  2.115373E-01  9.943990E-03  9.111524E-03  8.396629E-03  8.100091E-03  8.241770E-03  8.085090E-03  8.331790E-03  9.390861E-03  3.556211E-03  3.733556E-03  3.760715E-03  1.745770E-01  9.659736E-03  3.505307E-01  9.707404E-03  1.736196E-01  5.363587E-03  5.679935E-04  3.185211E-03  8.775394E-03  7.718236E-03  3.482296E-03  1.472736E-01
    -6.6683  1.235291E-02  4.504563E-03  4.635012E-03  4.488477E-03  2.488076E-01  1.492645E-02  4.888758E-01  1.491564E-02  2.490570E-01  8.779274E-03  8.727962E-03  7.950750E-03  7.786200E-03  8.053344E-03  8.120512E-03  8.241998E-03  1.178474E-02  4.163585E-03  4.633543E-03  4.678785E-03  3.048659E-01  1.371803E-02  6.032520E-01  1.394093E-02  3.007597E-01  5.500593E-02  4.818815E-02  5.719356E-02  9.709081E-02  7.439305E-02  9.687782E-02  9.609545E-01
    -6.4271  1.274609E-02  5.102630E-03  5.127213E-03  5.088689E-03  3.356487E-01  1.501240E-02  6.970601E-01  1.500352E-02  3.358162E-01  7.859110E-03  8.303251E-03  7.592917E-03  7.608580E-03  7.977870E-03  8.052810E-03  8.122128E-03  1.617979E-02  6.757737E-03  9.040130E-03  8.893755E-03  4.003820E-01  1.875378E-02  7.872216E-01  1.915153E-02  4.051388E-01  3.251451E-01  2.721622E-01  3.377037E-01  5.107885E-01  4.704213E-01  5.933415E-01  2.660094E+00
    -6.1859  1.300893E-02  5.711705E-03  5.573559E-03  5.695629E-03  4.111411E-01  1.596134E-02  8.094356E-01  1.595388E-02  4.112114E-01  6.918979E-03  7.638548E-03  7.209970E-03  7.003638E-03  7.251109E-03  7.120312E-03  7.299016E-03  2.122549E-02  1.277145E-02  1.362188E-02  1.522289E-02  2.316456E-01  2.314663E-02  4.029579E-01  2.238402E-02  2.350363E-01  1.301409E+00  1.209103E+00  1.349190E+00  1.732604E+00  1.704321E+00  1.809093E+00  2.233152E+00
    -5.9447  1.342468E-02  6.318706E-03  6.017466E-03  6.297018E-03  1.672840E-01  1.843435E-02  3.000827E-01  1.843605E-02  1.674281E-01  6.345066E-03  7.308931E-03  7.016318E-03  6.724656E-03  6.927645E-03  6.681304E-03  6.902273E-03  1.531010E-02  1.984772E-02  1.706160E-02  1.728199E-02  1.648094E-01  2.125774E-02  3.243226E-01  2.246403E-02  1.675272E-01  2.087988E+00  1.713520E+00  1.945601E+00  2.227406E+00  2.062701E+00  2.193820E+00  8.573482E-01
    -5.7035  1.405825E-02  7.053036E-03  6.627657E-03  7.026422E-03  8.810815E-02  2.288400E-02  1.457219E-01  2.290606E-02  8.817943E-02  6.087629E-03  7.287406E-03  7.024728E-03  6.678213E-03  6.822097E-03  6.525378E-03  6.770965E-03  1.951461E-02  1.876495E-02  1.687497E-02  1.514464E-02  1.923430E-01  2.342892E-02  3.621801E-01  2.350331E-02  1.890061E-01  2.642556E+00  1.851263E+00  2.249002E+00  1.814148E+00  1.767239E+00  1.566903E+00  4.199609E-01
    -5.4623  1.446766E-02  8.185438E-03  7.675761E-03  8.157622E-03  6.436394E-02  3.026950E-02  9.662736E-02  3.031354E-02  6.434917E-02  6.073312E-03  7.567456E-03  7.229536E-03  6.790913E-03  6.863123E-03  6.576836E-03  6.837739E-03  2.012574E-02  9.574261E-03  9.314336E-03  8.798612E-03  3.080583E-01  3.797346E-02  5.882343E-01  3.614829E-02  3.038101E-01  9.738246E-01  1.983629E+00  1.322588E+00  8.835767E-01  1.116355E+00  1.097409E+00  2.362738E-01
    -5.2211  1.384631E-02  1.014275E-02  9.531624E-03  1.011106E-02  5.847747E-02  4.369265E-02  7.396454E-02  4.376024E-02  5.839822E-02  6.255338E-03  8.196542E-03  7.643502E-03  7.036298E-03  7.058980E-03  6.776043E-03  7.067233E-03  1.838781E-02  6.883801E-03  6.846675E-03  7.042828E-03  1.169933E-01  3.338640E-02  1.974748E-01  3.295624E-02  1.166274E-01  2.448990E-01  4.538503E-01  3.065869E-01  2.179640E-01  2.811909E-01  2.579623E-01  8.469900E-02
    -4.9799  1.211614E-02  1.298707E-02  1.236822E-02  1.293886E-02  6.836203E-02  7.393548E-02  6.236635E-02  7.408199E-02  6.818023E-02  6.619488E-03  9.090208E-03  8.225025E-03  7.431909E-03  7.425563E-03  7.042164E-03  7.434651E-03  1.937861E-02  6.744039E-03  6.511111E-03  6.909422E-03  8.339176E-02  3.968811E-02  1.203281E-01  3.952157E-02  8.271247E-02  9.163116E-02  1.467460E-01  1.070172E-01  8.109227E-02  1.052321E-01  8.965806E-02  4.355172E-02
    -4.7387  1.015822E-02  1.504206E-02  1.503863E-02  1.498278E-02  1.049105E-01  1.485707E-01  5.719881E-02  1.490346E-01  1.045018E-01  6.889160E-03  9.627042E-03  8.586914E-03  7.724842E-03  7.732524E-03  7.181412E-03  7.739476E-03  2.179296E-02  7.310984E-03  7.102035E-03  7.445212E-03  6.510190E-02  5.073615E-02  7.674588E-02  5.064426E-02  6.470983E-02  4.781456E-02  7.389091E-02  5.527872E-02  4.387768E-02  5.747694E-02  4.698729E-02  2.925233E-02
    -4.4975  8.801236E-03  1.473167E-02  1.535717E-02  1.467528E-02  1.564317E-01  2.603731E-01  5.593073E-02  2.608381E-01  1.558179E-01  6.652376E-03  9.384459E-03  8.287293E-03  7.618365E-03  7.615797E-03  6.974913E-03  7.586369E-03  1.837601E-02  9.113745E-03  8.868333E-03  9.258487E-03  6.446674E-02  7.425204E-02  5.486090E-02  7.408919E-02  6.446240E-02  3.139638E-02  4.901520E-02  3.594603E-02  2.865681E-02  4.103693E-02  3.021722E-02  2.402011E-02
    -4.2563  8.049577E-03  1.329326E-02  1.383299E-02  1.324209E-02  1.712064E-01  2.947707E-01  5.699680E-02  2.942545E-01  1.707560E-01  5.942320E-03  8.509980E-03  7.625841E-03  7.074910E-03  7.063917E-03  6.494516E-03  6.995174E-03  1.330397E-02  1.286482E-02  1.263423E-02  1.305175E-02  9.188635E-02  1.371640E-01  4.420612E-02  1.367648E-01  9.230650E-02  2.581269E-02  4.094079E-02  2.860316E-02  2.210124E-02  3.726471E-02  2.256959E-02  2.433710E-02
    -4.0151  7.611859E-03  1.145680E-02  1.172740E-02  1.141402E-02  1.642962E-01  2.761138E-01  5.892374E-02  2.754751E-01  1.641177E-01  5.170296E-03  7.414565E-03  6.935431E-03  6.394827E-03  6.389427E-03  5.961631E-03  6.323793E-03  1.013490E-02  1.644992E-02  1.721689E-02  1.664721E-02  1.458032E-01  2.549256E-01  4.007882E-02  2.546447E-01  1.465032E-01  2.368823E-02  3.630403E-02  2.618331E-02  1.915237E-02  3.668100E-02  1.852791E-02  2.583887E-02
    -3.7739  7.368547E-03  9.541075E-03  9.592660E-03  9.506743E-03  1.706911E-01  2.856202E-01  6.000862E-02  2.855123E-01  1.707637E-01  4.631008E-03  6.485283E-03  6.418620E-03  5.842404E-03  5.843682E-03  5.527623E-03  5.779863E-03  8.483515E-03  1.595335E-02  1.717333E-02  1.609698E-02  1.648216E-01  2.979284E-01  3.992282E-02  2.987188E-01  1.654301E-01  1.786478E-02  2.708807E-02  2.043956E-02  1.475567E-02  2.894028E-02  1.411409E-02  2.114360E-02
    -3.5327  7.280389E-03  7.637249E-03  7.581440E-03  7.608085E-03  1.702821E-01  2.863826E-01  5.870154E-02  2.865876E-01  1.705434E-01  4.418332E-03  5.893182E-03  6.205961E-03  5.509487E-03  5.500040E-03  5.229618E-03  5.417113E-03  7.573381E-03  1.246788E-02  1.302149E-02  1.254797E-02  1.498695E-01  2.614585E-01  4.236156E-02  2.623297E-01  1.503127E-01  1.068513E-02  1.712449E-02  1.291792E-02  9.677401E-03  1.803756E-02  9.780004E-03  1.330139E-02
    -3.2915  7.340898E-03  6.041911E-03  5.934468E-03  6.012158E-03  1.307620E-01  2.046638E-01  5.454910E-02  2.045900E-01  1.310132E-01  4.564904E-03  5.770249E-03  6.400718E-03  5.459426E-03  5.401623E-03  5.122826E-03  5.288727E-03  7.041183E-03  9.377088E-03  9.491728E-03  9.420805E-03  1.483421E-01  2.532295E-01  4.614884E-02  2.535939E-01  1.486119E-01  6.396246E-03  1.091169E-02  8.203361E-03  6.410050E-03  1.105125E-02  6.972873E-03  8.281701E-03
    -3.0503  7.607227E-03  5.221615E-03  5.056058E-03  5.187622E-03  1.084428E-01  1.634667E-01  4.879475E-02  1.634535E-01  1.086108E-01  4.805789E-03  6.007711E-03  6.734898E-03  5.604146E-03  5.529884E-03  5.213959E-03  5.385211E-03  6.751017E-03  7.147309E-03  7.100959E-03  7.173343E-03  1.498589E-01  2.543529E-01  4.934478E-02  2.542585E-01  1.499187E-01  4.277976E-03  7.680864E-03  5.788086E-03  4.640704E-03  7.433392E-03  5.391662E-03  5.769078E-03
    -2.8090  8.104104E-03  5.038842E-03  4.878063E-03  5.002800E-03  1.270649E-01  2.057869E-01  4.386411E-02  2.058069E-01  1.272266E-01  4.552799E-03  6.359733E-03  6.511278E-03  5.732939E-03  5.798728E-03  5.443205E-03  5.617865E-03  6.646661E-03  5.562589E-03  5.470963E-03  5.581039E-03  1.238632E-01  1.974560E-01  4.964820E-02  1.974969E-01  1.238116E-01  3.362680E-03  6.321151E-03  4.709469E-03  3.772199E-03  5.947045E-03  4.576490E-03  4.807820E-03
    -2.5678  9.446601E-03  5.380747E-03  5.244103E-03  5.345768E-03  2.123920E-01  3.758679E-01  4.265143E-02  3.756839E-01  2.127471E-01  4.455423E-03  6.822192E-03  6.333874E-03  6.028792E-03  6.238644E-03  5.801009E-03  5.988469E-03  6.721721E-03  4.714210E-03  4.605844E-03  4.731418E-03  1.035284E-01  1.560667E-01  4.637144E-02  1.561272E-01  1.034859E-01  3.089295E-03  5.823132E-03  4.215164E-03  3.337938E-03  5.514455E-03  4.013387E-03  4.704160E-03
    -2.3266  1.172531E-02  6.260715E-03  6.089183E-03  6.233362E-03  3.528887E-01  6.617412E-01  4.237674E-02  6.616451E-01  3.533894E-01  5.002607E-03  7.205954E-03  6.688248E-03  6.356735E-03  6.382691E-03  5.878556E-03  6.130179E-03  7.027863E-03  4.487432E-03  4.411845E-03  4.507008E-03  1.166471E-01  1.859569E-01  4.183889E-02  1.860161E-01  1.166094E-01  2.958934E-03  5.204577E-03  3.680448E-03  2.958298E-03  5.145763E-03  3.215062E-03  4.748310E-03
    -2.0854  1.052427E-02  6.618046E-03  6.399055E-03  6.577538E-03  4.403262E-01  8.373306E-01  4.878481E-02  8.389483E-01  4.404746E-01  4.402186E-03  7.456896E-03  6.116593E-03  6.230550E-03  6.336917E-03  5.902858E-03  6.165836E-03  8.102691E-03  4.753084E-03  4.719933E-03  4.775659E-03  1.897217E-01  3.309729E-01  4.026616E-02  3.311080E-01  1.896555E-01  3.041902E-03  4.891592E-03  3.451885E-03  2.951691E-03  5.042668E-03  2.816119E-03  4.928114E-03
    -1.8442  1.060639E-02  5.711167E-03  5.472448E-03  5.661067E-03  3.174740E-01  5.868158E-01  4.836902E-02  5.873833E-01  3.175710E-01  4.029682E-03  7.604377E-03  5.789209E-03  6.148605E-03  6.341446E-03  5.996716E-03  6.266246E-03  1.055150E-02  5.610561E-03  5.557904E-03  5.637107E-03  3.523581E-01  6.607947E-01  4.137142E-02  6.612779E-01  3.522012E-01  3.148293E-03  4.947959E-03  3.821027E-03  3.162110E-03  5.235285E-03  3.227274E-03  5.039383E-03
    -1.6030  1.227721E-02  5.417546E-03  5.187485E-03  5.370059E-03  2.047983E-01  3.717360E-01  3.971862E-02  3.716187E-01  2.048962E-01  4.007354E-03  7.803993E-03  5.753346E-03  6.192044E-03  6.383636E-03  6.074898E-03  6.355723E-03  9.168209E-03  5.710125E-03  5.647165E-03  5.737870E-03  4.356247E-01  8.313108E-01  4.943007E-02  8.307741E-01  4.354670E-01  2.808754E-03  4.080949E-03  3.174113E-03  2.485389E-03  4.709320E-03  2.265742E-03  4.844192E-03
    -1.3618  1.422328E-02  5.532383E-03  5.271104E-03  5.474293E-03  1.137369E-01  1.927300E-01  3.367951E-02  1.921056E-01  1.137696E-01  4.010817E-03  8.053163E-03  5.797064E-03  6.157426E-03  6.282940E-03  5.796153E-03  6.134165E-03  8.845538E-03  5.032197E-03  4.974249E-03  5.062423E-03  3.560120E-01  6.525971E-01  5.546799E-02  6.521084E-01  3.557368E-01  2.595239E-03  3.523971E-03  2.730431E-03  2.078772E-03  4.296688E-03  1.708243E-03  4.633039E-03
    -1.1206  1.766587E-02  6.113289E-03  5.803163E-03  6.037495E-03  5.844207E-02  8.814514E-02  2.930079E-02  8.792599E-02  5.846257E-02  4.269611E-03  8.772076E-03  6.125375E-03  6.489132E-03  6.587798E-03  5.928046E-03  6.352748E-03  9.993425E-03  4.846022E-03  4.786092E-03  4.876694E-03  2.394015E-01  4.331652E-01  4.631918E-02  4.329782E-01  2.392903E-01  2.500363E-03  3.281877E-03  2.599620E-03  1.949160E-03  4.084376E-03  1.591857E-03  4.460958E-03
    -0.8794  2.391772E-02  7.271688E-03  6.870064E-03  7.161711E-03  4.011434E-02  5.453827E-02  2.609543E-02  5.445397E-02  4.012310E-02  4.866865E-03  1.021063E-02  6.835605E-03  7.326269E-03  7.444787E-03  6.568056E-03  7.121122E-03  1.099531E-02  4.798853E-03  4.701616E-03  4.831670E-03  1.126648E-01  1.867189E-01  3.906347E-02  1.867774E-01  1.126533E-01  2.158920E-03  3.035507E-03  2.266687E-03  1.595992E-03  3.883293E-03  1.153120E-03  4.336190E-03
    -0.6382  3.570003E-02  9.285070E-03  8.718196E-03  9.104651E-03  3.223612E-02  4.072056E-02  2.381302E-02  4.070246E-02  3.223829E-02  5.901097E-03  1.272925E-02  8.086782E-03  8.863779E-03  9.044188E-03  7.786107E-03  8.561377E-03  1.326047E-02  5.089807E-03  4.967015E-03  5.126546E-03  5.627253E-02  8.001434E-02  3.361153E-02  8.004742E-02  5.627706E-02  2.165555E-03  3.119393E-03  2.265526E-03  1.555817E-03  4.035066E-03  1.034078E-03  4.557427E-03
    -0.3970  5.989257E-02  1.270691E-02  1.183748E-02  1.238741E-02  2.867049E-02  3.492281E-02  2.226235E-02  3.494482E-02  2.867705E-02  7.598375E-03  1.698268E-02  1.018570E-02  1.152536E-02  1.183598E-02  9.880494E-03  1.104526E-02  1.748872E-02  5.690149E-03  5.545290E-03  5.735279E-03  3.906704E-02  4.928106E-02  2.946426E-02  4.929028E-02  3.907526E-02  2.524918E-03  3.566972E-03  2.604525E-03  1.800382E-03  4.601725E-03  1.179353E-03  5.218092E-03
    -0.1558  1.114499E-01  1.827583E-02  1.693530E-02  1.772088E-02  2.802832E-02  3.454558E-02  2.129412E-02  3.458502E-02  2.805599E-02  1.027290E-02  2.369875E-02  1.351569E-02  1.577443E-02  1.631083E-02  1.320584E-02  1.501099E-02  2.552116E-02  6.699516E-03  6.550088E-03  6.761919E-03  3.167995E-02  3.708230E-02  2.640021E-02  3.707456E-02  3.168658E-02  3.250080E-03  4.446828E-03  3.297568E-03  2.318322E-03  5.697105E-03  1.532996E-03  6.470218E-03
     0.0854  1.927556E-01  2.593002E-02  2.427802E-02  2.514702E-02  3.022215E-02  3.947890E-02  2.081004E-02  3.952099E-02  3.027605E-02  1.389169E-02  3.218286E-02  1.788751E-02  2.103444E-02  2.176085E-02  1.734314E-02  1.998818E-02  4.247670E-02  8.351948E-03  8.237110E-03  8.448075E-03  2.844969E-02  3.241531E-02  2.423997E-02  3.239404E-02  2.844840E-02  4.489052E-03  5.952063E-03  4.485028E-03  3.222846E-03  7.576704E-03  2.151357E-03  8.621936E-03
     0.3266  2.075224E-01  3.330256E-02  3.224009E-02  3.267067E-02  3.340988E-02  4.638133E-02  2.076065E-02  4.643265E-02  3.344501E-02  1.709893E-02  3.844395E-02  2.143730E-02  2.461282E-02  2.524628E-02  2.027199E-02  2.352676E-02  8.299774E-02  1.106409E-02  1.105233E-02  1.122436E-02  2.827160E-02  3.322679E-02  2.283309E-02  3.320218E-02  2.825278E-02  6.511224E-03  8.417399E-03  6.427671E-03  4.727935E-03  1.067851E-02  3.158137E-03  1.219632E-02
     0.5678  1.478656E-01  3.887856E-02  3.908554E-02  3.878886E-02  3.335003E-02  4.611517E-02  2.114510E-02  4.620511E-02  3.329122E-02  1.840708E-02  4.006858E-02  2.262054E-02  2.544368E-02  2.599267E-02  2.125843E-02  2.456131E-02  1.794801E-01  1.547356E-02  1.567983E-02  1.574363E-02  3.159730E-02  4.055337E-02  2.206343E-02  4.055452E-02  3.155004E-02  9.672100E-03  1.227540E-02  9.492733E-03  7.108928E-03  1.557902E-02  4.724920E-03  1.785828E-02
     0.8090  1.028886E-01  4.307022E-02  4.402295E-02  4.344342E-02  3.048287E-02  3.845258E-02  2.201524E-02  3.850804E-02  3.031532E-02  1.841865E-02  3.964807E-02  2.246291E-02  2.548643E-02  2.607311E-02  2.174041E-02  2.472052E-02  2.681019E-01  2.198024E-02  2.263209E-02  2.237422E-02  3.690998E-02  5.213804E-02  2.183305E-02  5.217783E-02  3.684641E-02  1.393377E-02  1.747763E-02  1.372914E-02  1.032123E-02  2.226819E-02  6.867814E-03  2.540621E-02
     1.0503  7.951202E-02  4.443030E-02  4.495969E-02  4.494149E-02  2.731753E-02  3.027494E-02  2.344315E-02  3.027181E-02  2.710030E-02  1.800541E-02  3.901913E-02  2.191059E-02  2.561943E-02  2.606887E-02  2.231191E-02  2.474981E-02  1.925221E-01  2.996219E-02  3.124932E-02  3.033667E-02  3.693834E-02  5.350885E-02  2.207426E-02  5.350153E-02  3.691579E-02  1.778295E-02  2.218662E-02  1.769268E-02  1.324380E-02  2.837055E-02  8.950394E-03  3.168671E-02
     1.2915  6.817988E-02  4.240463E-02  4.223713E-02  4.278421E-02  2.472284E-02  2.352854E-02  2.548816E-02  2.350120E-02  2.451506E-02  1.737158E-02  3.793614E-02  2.103792E-02  2.540527E-02  2.552589E-02  2.263210E-02  2.447713E-02  1.210775E-01  3.777439E-02  3.942660E-02  3.791761E-02  3.252812E-02  4.332185E-02  2.280605E-02  4.326743E-02  3.256819E-02  1.943671E-02  2.410546E-02  1.940798E-02  1.465505E-02  3.066247E-02  1.015364E-02  3.342488E-02
     1.5327  6.334830E-02  3.837566E-02  3.809522E-02  3.856866E-02  2.298186E-02  1.807154E-02  2.814277E-02  1.803458E-02  2.281990E-02  1.636948E-02  3.550874E-02  1.961350E-02  2.430772E-02  2.409868E-02  2.210911E-02  2.349023E-02  8.755648E-02  4.297308E-02  4.400285E-02  4.286926E-02  2.877138E-02  3.317688E-02  2.405901E-02  3.314365E-02  2.884356E-02  1.934592E-02  2.377941E-02  1.923530E-02  1.493793E-02  2.981577E-02  1.060436E-02  3.212118E-02
     1.7739  6.189126E-02  3.362383E-02  3.358014E-02  3.368640E-02  2.215418E-02  1.378369E-02  3.121884E-02  1.374247E-02  2.205044E-02  1.483905E-02  3.151487E-02  1.756726E-02  2.235581E-02  2.202432E-02  2.061039E-02  2.167456E-02  7.261165E-02  4.379585E-02  4.340778E-02  4.361409E-02  2.616350E-02  2.588532E-02  2.587033E-02  2.587516E-02  2.624044E-02  1.864596E-02  2.272206E-02  1.842046E-02  1.478937E-02  2.806114E-02  1.074488E-02  3.010877E-02
     2.0151  6.149705E-02  2.941093E-02  2.956147E-02  2.940902E-02  2.203455E-02  1.058659E-02  3.425570E-02  1.054704E-02  2.198673E-02  1.316622E-02  2.723611E-02  1.546518E-02  2.028585E-02  2.010690E-02  1.882187E-02  1.968609E-02  6.635301E-02  4.197937E-02  4.060748E-02  4.185250E-02  2.433037E-02  2.044034E-02  2.824989E-02  2.043739E-02  2.439856E-02  1.808070E-02  2.179551E-02  1.773247E-02  1.452798E-02  2.665655E-02  1.081481E-02  2.852802E-02
     2.2563  6.029612E-02  2.658964E-02  2.691038E-02  2.656708E-02  2.220381E-02  8.305747E-03  3.661835E-02  8.270607E-03  2.220772E-02  1.187454E-02  2.396325E-02  1.388949E-02  1.871945E-02  1.887691E-02  1.746712E-02  1.826454E-02  6.404958E-02  3.999875E-02  3.839479E-02  3.991881E-02  2.324420E-02  1.612095E-02  3.109497E-02  1.611770E-02  2.329896E-02  1.765442E-02  2.098352E-02  1.723028E-02  1.416924E-02  2.561561E-02  1.080024E-02  2.722847E-02
     2.4975  5.724302E-02  2.516914E-02  2.571936E-02  2.514807E-02  2.224139E-02  6.710510E-03  3.786466E-02  6.678943E-03  2.229406E-02  1.108103E-02  2.192231E-02  1.291693E-02  1.775278E-02  1.833705E-02  1.679026E-02  1.760298E-02  6.274065E-02  3.769177E-02  3.629357E-02  3.760111E-02  2.287559E-02  1.267393E-02  3.409859E-02  1.267130E-02  2.291797E-02  1.667646E-02  1.945121E-02  1.630872E-02  1.342093E-02  2.388951E-02  1.039837E-02  2.510271E-02
     2.7387  5.253278E-02  2.472684E-02  2.552332E-02  2.472048E-02  2.195962E-02  5.600020E-03  3.805457E-02  5.570266E-03  2.205667E-02  1.063743E-02  2.077127E-02  1.234239E-02  1.724360E-02  1.829823E-02  1.674629E-02  1.754986E-02  6.052255E-02  3.449228E-02  3.346336E-02  3.438646E-02  2.300615E-02  1.001423E-02  3.679014E-02  1.001357E-02  2.304141E-02  1.496743E-02  1.701434E-02  1.473249E-02  1.227618E-02  2.107160E-02  9.528301E-03  2.204444E-02
     2.9799  4.725719E-02  2.480296E-02  2.575364E-02  2.482400E-02  2.143548E-02  4.833134E-03  3.762873E-02  4.803405E-03  2.157025E-02  1.036635E-02  2.012687E-02  1.194136E-02  1.705091E-02  1.860043E-02  1.725226E-02  1.792259E-02  5.671698E-02  3.136910E-02  3.079340E-02  3.127019E-02  2.330635E-02  8.048202E-03  3.876018E-02  8.048690E-03  2.333898E-02  1.324025E-02  1.458955E-02  1.309536E-02  1.114094E-02  1.816602E-02  8.564827E-03  1.922035E-02
     3.2211  4.257636E-02  2.503313E-02  2.595541E-02  2.509373E-02  2.085736E-02  4.317997E-03  3.706207E-02  4.286870E-03  2.102240E-02  1.015010E-02  1.972175E-02  1.156501E-02  1.710121E-02  1.918799E-02  1.829883E-02  1.864296E-02  5.179354E-02  2.918853E-02  2.916179E-02  2.910284E-02  2.350071E-02  6.624789E-03  3.989461E-02  6.625581E-03  2.353129E-02  1.197691E-02  1.278848E-02  1.186059E-02  1.025733E-02  1.596639E-02  7.804209E-03  1.725510E-02
     3.4623  3.925326E-02  2.517726E-02  2.588261E-02  2.528535E-02  2.038213E-02  3.997968E-03  3.665888E-02  3.963517E-03  2.057098E-02  9.954244E-03  1.941930E-02  1.116904E-02  1.741363E-02  2.016406E-02  2.000762E-02  1.980041E-02  4.675365E-02  2.793319E-02  2.846353E-02  2.785737E-02  2.350335E-02  5.591521E-03  4.040701E-02  5.592408E-03  2.353031E-02  1.114055E-02  1.157520E-02  1.101563E-02  9.615667E-03  1.446048E-02  7.283027E-03  1.597067E-02
     3.7035  3.768694E-02  2.512426E-02  2.550849E-02  2.528047E-02  2.009472E-02  3.841002E-03  3.654797E-02  3.800793E-03  2.030291E-02  9.825267E-03  1.921446E-02  1.081573E-02  1.814103E-02  2.185805E-02  2.270485E-02  2.171252E-02  4.246367E-02  2.725957E-02  2.820491E-02  2.718892E-02  2.339114E-02  4.831705E-03  4.065327E-02  4.832806E-03  2.341312E-02  1.055263E-02  1.073211E-02  1.039894E-02  9.147919E-03  1.338180E-02  6.948189E-03  1.501936E-02
     3.9447  3.811935E-02  2.487239E-02  2.494796E-02  2.507018E-02  2.002902E-02  3.835455E-03  3.675407E-02  3.785697E-03  2.025363E-02  9.877148E-03  1.924362E-02  1.066023E-02  1.963788E-02  2.493243E-02  2.705496E-02  2.502702E-02  3.942421E-02  2.686251E-02  2.796739E-02  2.679344E-02  2.328401E-02  4.265124E-03  4.093109E-02  4.266532E-03  2.330019E-02  1.008497E-02  1.009101E-02  9.889022E-03  8.804481E-03  1.252227E-02  6.752157E-03  1.416472E-02
     4.1859  4.078518E-02  2.448930E-02  2.435587E-02  2.471789E-02  2.019774E-02  3.990889E-03  3.725907E-02  3.925617E-03  2.043714E-02  1.029551E-02  1.981314E-02  1.095132E-02  2.256944E-02  3.055931E-02  3.426420E-02  3.089790E-02  3.785990E-02  2.655238E-02  2.754394E-02  2.648252E-02  2.326656E-02  3.838211E-03  4.140838E-02  3.839971E-03  2.327680E-02  9.685507E-03  9.560650E-03  9.436431E-03  8.559457E-03  1.177409E-02  6.667861E-03  1.331091E-02
     4.4271  4.594380E-02  2.406898E-02  2.386110E-02  2.431670E-02  2.061280E-02  4.345441E-03  3.803336E-02  4.254733E-03  2.086551E-02  1.138505E-02  2.144589E-02  1.203633E-02  2.794951E-02  4.032926E-02  4.600009E-02  4.093751E-02  3.786797E-02  2.624483E-02  2.692821E-02  2.617320E-02  2.337547E-02  3.515158E-03  4.214997E-02  3.517369E-03  2.337989E-02  9.357969E-03  9.105594E-03  9.046455E-03  8.406041E-03  1.110136E-02  6.684072E-03  1.246362E-02
     4.6683  5.377463E-02  2.370201E-02  2.354719E-02  2.395892E-02  2.129969E-02  4.981122E-03  3.903784E-02  4.848580E-03  2.156138E-02  1.362057E-02  2.481236E-02  1.418350E-02  3.645444E-02  5.429307E-02  6.240607E-02  5.550135E-02  3.949664E-02  2.593067E-02  2.623071E-02  2.585715E-02  2.361528E-02  3.271646E-03  4.316785E-02  3.274329E-03  2.361419E-02  9.133651E-03  8.723236E-03  8.750444E-03  8.352505E-03  1.050622E-02  6.801222E-03  1.167608E-02
     4.9095  6.410994E-02  2.346155E-02  2.345788E-02  2.372215E-02  2.232752E-02  6.046445E-03  4.022665E-02  5.844755E-03  2.258263E-02  1.735852E-02  3.014749E-02  1.709540E-02  4.686627E-02  6.805680E-02  7.864598E-02  7.093146E-02  4.274404E-02  2.564254E-02  2.558751E-02  2.556786E-02  2.397075E-02  3.090844E-03  4.444473E-02  3.094134E-03  2.396440E-02  9.050186E-03  8.426824E-03  8.583034E-03  8.418915E-03  1.000452E-02  7.029913E-03  1.100634E-02
     5.1508  7.603278E-02  2.339617E-02  2.360362E-02  2.366475E-02  2.390046E-02  7.752065E-03  4.165555E-02  7.440075E-03  2.410377E-02  2.180215E-02  3.625812E-02  2.005079E-02  5.696387E-02  7.869033E-02  9.060121E-02  8.384369E-02  4.749265E-02  2.542731E-02  2.510487E-02  2.535226E-02  2.440103E-02  2.961731E-03  4.591704E-02  2.965687E-03  2.438932E-02  9.144426E-03  8.236307E-03  8.574209E-03  8.636471E-03  9.614508E-03  7.391842E-03  1.049830E-02
     5.3920  8.756615E-02  2.352549E-02  2.396499E-02  2.381918E-02  2.655816E-02  1.021124E-02  4.392070E-02  9.749818E-03  2.660774E-02  2.550380E-02  4.154385E-02  2.271498E-02  6.587021E-02  8.836710E-02  1.006956E-01  9.497198E-02  5.341598E-02  2.532943E-02  2.484538E-02  2.525484E-02  2.481928E-02  2.878444E-03  4.740983E-02  2.883260E-03  2.480197E-02  9.457548E-03  8.176455E-03  8.753952E-03  9.052154E-03  9.355659E-03  7.924340E-03  1.018309E-02
     5.6332  9.594550E-02  2.383443E-02  2.449709E-02  2.418022E-02  3.125962E-02  1.294588E-02  4.886561E-02  1.237923E-02  3.101322E-02  2.825344E-02  4.589530E-02  2.494323E-02  7.332149E-02  9.648709E-02  1.092418E-01  1.046115E-01  5.992146E-02  2.538626E-02  2.483681E-02  2.531261E-02  2.508414E-02  2.840956E-03  4.856941E-02  2.846910E-03  2.506107E-02  1.004884E-02  8.281467E-03  9.165008E-03  9.740153E-03  9.254002E-03  8.690136E-03  1.009172E-02
     5.8744  9.892274E-02  2.426686E-02  2.511748E-02  2.468606E-02  3.806279E-02  1.460506E-02  5.851560E-02  1.414625E-02  3.751765E-02  2.948169E-02  4.823214E-02  2.574512E-02  7.654445E-02  9.804067E-02  1.113433E-01  1.083078E-01  6.619765E-02  2.562940E-02  2.508646E-02  2.555671E-02  2.504931E-02  2.856424E-03  4.892620E-02  2.863920E-03  2.502062E-02  1.102001E-02  8.606013E-03  9.883921E-03  1.082549E-02  9.352120E-03  9.798044E-03  1.027395E-02
     6.1156  9.632136E-02  2.473689E-02  2.568225E-02  2.520933E-02  4.300416E-02  1.438750E-02  6.869951E-02  1.422684E-02  4.240445E-02  2.842272E-02  4.705882E-02  2.444328E-02  7.323289E-02  9.114859E-02  1.044655E-01  1.023942E-01  7.137121E-02  2.608537E-02  2.559246E-02  2.601319E-02  2.466682E-02  2.941877E-03  4.818207E-02  2.951706E-03  2.463348E-02  1.256097E-02  9.247819E-03  1.105787E-02  1.253096E-02  9.726332E-03  1.144695E-02  1.082622E-02
     6.3568  8.995056E-02  2.519093E-02  2.609258E-02  2.564430E-02  4.186601E-02  1.319054E-02  6.947491E-02  1.328268E-02  4.131622E-02  2.587738E-02  4.334951E-02  2.196050E-02  6.578906E-02  8.010931E-02  9.247526E-02  9.043701E-02  7.471851E-02  2.677418E-02  2.635161E-02  2.670155E-02  2.404932E-02  3.129685E-03  4.649327E-02  3.143152E-03  2.401310E-02  1.505561E-02  1.040164E-02  1.298571E-02  1.528840E-02  1.052612E-02  1.403132E-02  1.194856E-02
     6.5980  8.192601E-02  2.567559E-02  2.647254E-02  2.604392E-02  3.708106E-02  1.227689E-02  6.156211E-02  1.250846E-02  3.656105E-02  2.310294E-02  3.900122E-02  1.942631E-02  5.771559E-02  6.923249E-02  8.000611E-02  7.781718E-02  7.582528E-02  2.770986E-02  2.736420E-02  2.763571E-02  2.342779E-02  3.478643E-03  4.441037E-02  3.498194E-03  2.339156E-02  1.936913E-02  1.251038E-02  1.633469E-02  2.004735E-02  1.208577E-02  1.843215E-02  1.409831E-02
     6.8392  7.367513E-02  2.630597E-02  2.704191E-02  2.658134E-02  3.233298E-02  1.223177E-02  5.212439E-02  1.255065E-02  3.188201E-02  2.065365E-02  3.497082E-02  1.726151E-02  5.048735E-02  5.997076E-02  6.910572E-02  6.687490E-02  7.463227E-02  2.890528E-02  2.863744E-02  2.882853E-02  2.308788E-02  4.099776E-03  4.260061E-02  4.130374E-03  2.305646E-02  2.772355E-02  1.672836E-02  2.279291E-02  2.922469E-02  1.526652E-02  2.690600E-02  1.846189E-02
     7.0804  6.602990E-02  2.720013E-02  2.794047E-02  2.742017E-02  2.889081E-02  1.304512E-02  4.435758E-02  1.342482E-02  2.854580E-02  1.861854E-02  3.151695E-02  1.551311E-02  4.431044E-02  5.235400E-02  6.013477E-02  5.786079E-02  7.138339E-02  3.036963E-02  3.017869E-02  3.028957E-02  2.339261E-02  5.214829E-03  4.173510E-02  5.266772E-03  2.337562E-02  4.607374E-02  2.616762E-02  3.683670E-02  4.931991E-02  2.239822E-02  4.550365E-02  2.823665E-02
     7.3216  5.942613E-02  2.845860E-02  2.924137E-02  2.867215E-02  2.671658E-02  1.437933E-02  3.858472E-02  1.477714E-02  2.647889E-02  1.699184E-02  2.872384E-02  1.417632E-02  3.922014E-02  4.629810E-02  5.305187E-02  5.065686E-02  6.657318E-02  3.208240E-02  3.195846E-02  3.199905E-02  2.493313E-02  7.276193E-03  4.267381E-02  7.371617E-03  2.495143E-02  8.187594E-02  4.431614E-02  6.466307E-02  8.871743E-02  3.663144E-02  8.183369E-02  4.714947E-02
     7.5628  5.400682E-02  3.016496E-02  3.100167E-02  3.041061E-02  2.539903E-02  1.575076E-02  3.442290E-02  1.610987E-02  2.524484E-02  1.579067E-02  2.667344E-02  1.326375E-02  3.532181E-02  4.181079E-02  4.779832E-02  4.523874E-02  6.097790E-02  3.393556E-02  3.383012E-02  3.384640E-02  2.875567E-02  1.104162E-02  4.682650E-02  1.121866E-02  2.884927E-02  1.052832E-01  5.461342E-02  8.587964E-02  1.146828E-01  4.660953E-02  1.057850E-01  5.845121E-02
     7.8040  4.973957E-02  3.238296E-02  3.326750E-02  3.268160E-02  2.449277E-02  1.672699E-02  3.147240E-02  1.700330E-02  2.439042E-02  1.503239E-02  2.542387E-02  1.278575E-02  3.266084E-02  3.882976E-02  4.422646E-02  4.151445E-02  5.579371E-02  3.565061E-02  3.547923E-02  3.554472E-02  3.559599E-02  1.641125E-02  5.523354E-02  1.665093E-02  3.578207E-02  9.599186E-02  4.933025E-02  8.045995E-02  1.036520E-01  4.342472E-02  9.658237E-02  5.332091E-02
     8.0452  4.652858E-02  3.514940E-02  3.605435E-02  3.550161E-02  2.368860E-02  1.709581E-02  2.943632E-02  1.727500E-02  2.361260E-02  1.471532E-02  2.500388E-02  1.274814E-02  3.117971E-02  3.719498E-02  4.208764E-02  3.926277E-02  5.252160E-02  3.684639E-02  3.659105E-02  3.671739E-02  4.032159E-02  1.868928E-02  6.095887E-02  1.879277E-02  4.045346E-02  8.366851E-02  4.365326E-02  7.072416E-02  8.873236E-02  3.906510E-02  8.399511E-02  4.736215E-02
     8.2864  4.428330E-02  3.845677E-02  3.931911E-02  3.884036E-02  2.288846E-02  1.689866E-02  2.811286E-02  1.699174E-02  2.282505E-02  1.483989E-02  2.546583E-02  1.317644E-02  3.079006E-02  3.673548E-02  4.111930E-02  3.823240E-02  5.208773E-02  3.724370E-02  3.694082E-02  3.711275E-02  3.572640E-02  1.610690E-02  5.341868E-02  1.607089E-02  3.575843E-02  7.435562E-02  3.974341E-02  6.291767E-02  7.729534E-02  3.605172E-02  7.416207E-02  4.317724E-02
     8.5276  4.294285E-02  4.221245E-02  4.292214E-02  4.257830E-02  2.216039E-02  1.634802E-02  2.737044E-02  1.637711E-02  2.210619E-02  1.543795E-02  2.694591E-02  1.414001E-02  3.145224E-02  3.735689E-02  4.113963E-02  3.825457E-02  5.350578E-02  3.709370E-02  3.685197E-02  3.700495E-02  2.916680E-02  1.405871E-02  4.268287E-02  1.398331E-02  2.918098E-02  6.623541E-02  3.639824E-02  5.590979E-02  6.775595E-02  3.342248E-02  6.539931E-02  3.970317E-02
     8.7688  4.246352E-02  4.615951E-02  4.657487E-02  4.643172E-02  2.164009E-02  1.572133E-02  2.712753E-02  1.570883E-02  2.159748E-02  1.657830E-02  2.967223E-02  1.574716E-02  3.319779E-02  3.907543E-02  4.209831E-02  3.929973E-02  5.475798E-02  3.737693E-02  3.730291E-02  3.735081E-02  2.542090E-02  1.413864E-02  3.566369E-02  1.404453E-02  2.542208E-02  5.843082E-02  3.304177E-02  4.917455E-02  5.916210E-02  3.066112E-02  5.701552E-02  3.631475E-02
     9.0101  4.277696E-02  4.975189E-02  4.977046E-02  4.984693E-02  2.146327E-02  1.529489E-02  2.733816E-02  1.525887E-02  2.143717E-02  1.831287E-02  3.382772E-02  1.806782E-02  3.603628E-02  4.193802E-02  4.402607E-02  4.143168E-02  5.501482E-02  3.897200E-02  3.901322E-02  3.899097E-02  2.405346E-02  1.590435E-02  3.161647E-02  1.579285E-02  2.403406E-02  5.103772E-02  2.976447E-02  4.293458E-02  5.131435E-02  2.793101E-02  4.917980E-02  3.304545E-02
     9.2513  4.372676E-02  5.210312E-02  5.176700E-02  5.197555E-02  2.174973E-02  1.532788E-02  2.798026E-02  1.528162E-02  2.174588E-02  2.052760E-02  3.915985E-02  2.094543E-02  3.969368E-02  4.574383E-02  4.680358E-02  4.457798E-02  5.457932E-02  4.208723E-02  4.214973E-02  4.212601E-02  2.425703E-02  1.885817E-02  2.929173E-02  1.873401E-02  2.421482E-02  4.462885E-02  2.698739E-02  3.771253E-02  4.457936E-02  2.570684E-02  4.241860E-02  3.036000E-02
     9.4925  4.501244E-02  5.237866E-02  5.186491E-02  5.205628E-02  2.261198E-02  1.607567E-02  2.904465E-02  1.602835E-02  2.263621E-02  2.279357E-02  4.459568E-02  2.383534E-02  4.340721E-02  4.974619E-02  4.989923E-02  4.820047E-02  5.385046E-02  4.627540E-02  4.637321E-02  4.632679E-02  2.548845E-02  2.255881E-02  2.800917E-02  2.243195E-02  2.542537E-02  3.985413E-02  2.515863E-02  3.397046E-02  3.949987E-02  2.442759E-02  3.728006E-02  2.877754E-02
     9.7337  4.620133E-02  5.066474E-02  5.010293E-02  5.021707E-02  2.415172E-02  1.778320E-02  3.052128E-02  1.774027E-02  2.420859E-02  2.456409E-02  4.876318E-02  2.607811E-02  4.637283E-02  5.302227E-02  5.263041E-02  5.145000E-02  5.295886E-02  5.053967E-02  5.080278E-02  5.061622E-02  2.722453E-02  2.647479E-02  2.743579E-02  2.635924E-02  2.714571E-02  3.698926E-02  2.450890E-02  3.185102E-02  3.628414E-02  2.431993E-02  3.396491E-02  2.855784E-02
     9.9749  4.684799E-02  4.810550E-02  4.750081E-02  4.759033E-02  2.640023E-02  2.056889E-02  3.237962E-02  2.052903E-02  2.649160E-02  2.570976E-02  5.128779E-02  2.753450E-02  4.854366E-02  5.537630E-02  5.482914E-02  5.397882E-02  5.185612E-02  5.357031E-02  5.413608E-02  5.368758E-02  2.885893E-02  2.987431E-02  2.740967E-02  2.978657E-02  2.877142E-02  3.577815E-02  2.493156E-02  3.112513E-02  3.464962E-02  2.531900E-02  3.221967E-02  2.956173E-02
    10.2161  4.669670E-02  4.589272E-02  4.520127E-02  4.533864E-02  2.917962E-02  2.413276E-02  3.454369E-02  2.408238E-02  2.930616E-02  2.656949E-02  5.289984E-02  2.862341E-02  5.044699E-02  5.722183E-02  5.675292E-02  5.606967E-02  5.047314E-02  5.435525E-02  5.523548E-02  5.451032E-02  2.993718E-02  3.200974E-02  2.785947E-02  3.196387E-02  2.984718E-02  3.560357E-02  2.594884E-02  3.127983E-02  3.400333E-02  2.698014E-02  3.151734E-02  3.119295E-02
    10.4573  4.580808E-02  4.463434E-02  4.380587E-02  4.404651E-02  3.199639E-02  2.755513E-02  3.686227E-02  2.747412E-02  3.216161E-02  2.741559E-02  5.430507E-02  2.969713E-02  5.233189E-02  5.866531E-02  5.839735E-02  5.784537E-02  4.881485E-02  5.288428E-02  5.393669E-02  5.305547E-02  3.046110E-02  3.262399E-02  2.876953E-02  3.262254E-02  3.037236E-02  3.573313E-02  2.682275E-02  3.162487E-02  3.369582E-02  2.846401E-02  3.125438E-02  3.250951E-02
    10.6985  4.448029E-02  4.450096E-02  4.349368E-02  4.387864E-02  3.421784E-02  2.980220E-02  3.907942E-02  2.968674E-02  3.442468E-02  2.813985E-02  5.547782E-02  3.067015E-02  5.381068E-02  5.921973E-02  5.922376E-02  5.885714E-02  4.698058E-02  5.019442E-02  5.122655E-02  5.035948E-02  3.080457E-02  3.219398E-02  3.016477E-02  3.222502E-02  3.071952E-02  3.564555E-02  2.709414E-02  3.163017E-02  3.336689E-02  2.905243E-02  3.105923E-02  3.282726E-02
    10.9397  4.305545E-02  4.538412E-02  4.419343E-02  4.474544E-02  3.544300E-02  3.056293E-02  4.082913E-02  3.043381E-02  3.568257E-02  2.839154E-02  5.578790E-02  3.115271E-02  5.414220E-02  5.826714E-02  5.849566E-02  5.840630E-02  4.513934E-02  4.753839E-02  4.841852E-02  4.768568E-02  3.140050E-02  3.155949E-02  3.209799E-02  3.160601E-02  3.132237E-02  3.532519E-02  2.687639E-02  3.130738E-02  3.308380E-02  2.876614E-02  3.091322E-02  3.231919E-02
    11.1809  4.178175E-02  4.686837E-02  4.556398E-02  4.626206E-02  3.559443E-02  3.019060E-02  4.170162E-02  3.007609E-02  3.584295E-02  2.794066E-02  5.467706E-02  3.085834E-02  5.286401E-02  5.569718E-02  5.593514E-02  5.618844E-02  4.345997E-02  4.559148E-02  4.624411E-02  4.571925E-02  3.260586E-02  3.144598E-02  3.462670E-02  3.149523E-02  3.253919E-02  3.506241E-02  2.654266E-02  3.098335E-02  3.301678E-02  2.815996E-02  3.087847E-02  3.168802E-02
    11.4221  4.078752E-02  4.833714E-02  4.705798E-02  4.782310E-02  3.475619E-02  2.908386E-02  4.139679E-02  2.900943E-02  3.497933E-02  2.691915E-02  5.234127E-02  2.991629E-02  5.025507E-02  5.210701E-02  5.208551E-02  5.265195E-02  4.205751E-02  4.448651E-02  4.486297E-02  4.459914E-02  3.469261E-02  3.227352E-02  3.775687E-02  3.231742E-02  3.464189E-02  3.496581E-02  2.631583E-02  3.083022E-02  3.313112E-02  2.768263E-02  3.086761E-02  3.140121E-02
    11.6633  4.012100E-02  4.929257E-02  4.818136E-02  4.890960E-02  3.311423E-02  2.747670E-02  3.988126E-02  2.746276E-02  3.327615E-02  2.569325E-02  4.963667E-02  2.876129E-02  4.712863E-02  4.839227E-02  4.793285E-02  4.870296E-02  4.097807E-02  4.415208E-02  4.423494E-02  4.425570E-02  3.763632E-02  3.397705E-02  4.131099E-02  3.401353E-02  3.760348E-02  3.484293E-02  2.617977E-02  3.075373E-02  3.317691E-02  2.745106E-02  3.063999E-02  3.149364E-02
    11.9045  3.979593E-02  4.954678E-02  4.869325E-02  4.930252E-02  3.097478E-02  2.559369E-02  3.742039E-02  2.564777E-02  3.105303E-02  2.457982E-02  4.737852E-02  2.778669E-02  4.426009E-02  4.524096E-02  4.428584E-02  4.514466E-02  4.020867E-02  4.444417E-02  4.426503E-02  4.454404E-02  4.079300E-02  3.600908E-02  4.472135E-02  3.604661E-02  4.077231E-02  3.442484E-02  2.601245E-02  3.055234E-02  3.288302E-02  2.738107E-02  2.997837E-02  3.175868E-02
    12.1457  3.981652E-02  4.915355E-02  4.858714E-02  4.903366E-02  2.869404E-02  2.372669E-02  3.445354E-02  2.383817E-02  2.868899E-02  2.372824E-02  4.593602E-02  2.717823E-02  4.206698E-02  4.295480E-02  4.153310E-02  4.240833E-02  3.969927E-02  4.511146E-02  4.474879E-02  4.520975E-02  4.290017E-02  3.759309E-02  4.695239E-02  3.763979E-02  4.288066E-02  3.361488E-02  2.571698E-02  3.009366E-02  3.216292E-02  2.734176E-02  2.888069E-02  3.194275E-02
    12.3869  4.018755E-02  4.827047E-02  4.797784E-02  4.824882E-02  2.655676E-02  2.213049E-02  3.141149E-02  2.227682E-02  2.648750E-02  2.316638E-02  4.532510E-02  2.696821E-02  4.064119E-02  4.154274E-02  3.973854E-02  4.060608E-02  3.938223E-02  4.579789E-02  4.533321E-02  4.589240E-02  4.248638E-02  3.729977E-02  4.693080E-02  3.734689E-02  4.246834E-02  3.256529E-02  2.529592E-02  2.941830E-02  3.118012E-02  2.724794E-02  2.760504E-02  3.187824E-02
    12.6281  4.091554E-02  4.707709E-02  4.702135E-02  4.712251E-02  2.471585E-02  2.091792E-02  2.860010E-02  2.107641E-02  2.460937E-02  2.287487E-02  4.543614E-02  2.713483E-02  3.991039E-02  4.088192E-02  3.880778E-02  3.967591E-02  3.917391E-02  4.621021E-02  4.569205E-02  4.629515E-02  3.928107E-02  3.413049E-02  4.439987E-02  3.415411E-02  3.928165E-02  3.157630E-02  2.486027E-02  2.873412E-02  3.025168E-02  2.710108E-02  2.652201E-02  3.157936E-02
    12.8693  4.200592E-02  4.574483E-02  4.588024E-02  4.582674E-02  2.320597E-02  2.005706E-02  2.618069E-02  2.021305E-02  2.308889E-02  2.282707E-02  4.616648E-02  2.765409E-02  3.976537E-02  4.083095E-02  3.860245E-02  3.949460E-02  3.900405E-02  4.625463E-02  4.572665E-02  4.632304E-02  3.481926E-02  2.960463E-02  4.021328E-02  2.959763E-02  3.485058E-02  3.090358E-02  2.455379E-02  2.826924E-02  2.963920E-02  2.698333E-02  2.587429E-02  3.122803E-02
    13.1106  4.345718E-02  4.442629E-02  4.470815E-02  4.451960E-02  2.199121E-02  1.943329E-02  2.420805E-02  1.958212E-02  2.188546E-02  2.299793E-02  4.744339E-02  2.850619E-02  4.011204E-02  4.127507E-02  3.899118E-02  3.993813E-02  3.886381E-02  4.593829E-02  4.544482E-02  4.598347E-02  3.068438E-02  2.587172E-02  3.563040E-02  2.584721E-02  3.074396E-02  3.056165E-02  2.443020E-02  2.806837E-02  2.933357E-02  2.697876E-02  2.560271E-02  3.099302E-02
    13.3518  4.525120E-02  4.325030E-02  4.364101E-02  4.333869E-02  2.101301E-02  1.892039E-02  2.267697E-02  1.906390E-02  2.093403E-02  2.335787E-02  4.919413E-02  2.966141E-02  4.087205E-02  4.212579E-02  3.986015E-02  4.090008E-02  3.879150E-02  4.523654E-02  4.479531E-02  4.525338E-02  2.753260E-02  2.365604E-02  3.153831E-02  2.362705E-02  2.761294E-02  3.034629E-02  2.443336E-02  2.798191E-02  2.909539E-02  2.709759E-02  2.542957E-02  3.091079E-02
    13.5930  4.733827E-02  4.231975E-02  4.279085E-02  4.239573E-02  2.022317E-02  1.843074E-02  2.155628E-02  1.857141E-02  2.017984E-02  2.386438E-02  5.131091E-02  3.106413E-02  4.196741E-02  4.330340E-02  4.110281E-02  4.228461E-02  3.882926E-02  4.408635E-02  4.369363E-02  4.407324E-02  2.540563E-02  2.275092E-02  2.828858E-02  2.272344E-02  2.550038E-02  3.009031E-02  2.450484E-02  2.787133E-02  2.874723E-02  2.731702E-02  2.514664E-02  3.096437E-02
    13.8342  4.961763E-02  4.171260E-02  4.224258E-02  4.177550E-02  1.959607E-02  1.793239E-02  2.080631E-02  1.806944E-02  1.959219E-02  2.445856E-02  5.363547E-02  3.262597E-02  4.331067E-02  4.472461E-02  4.261204E-02  4.399255E-02  3.899859E-02  4.246412E-02  4.211694E-02  4.242405E-02  2.410524E-02  2.271799E-02  2.589274E-02  2.269260E-02  2.420883E-02  2.979180E-02  2.464210E-02  2.772845E-02  2.830978E-02  2.763318E-02  2.474807E-02  3.115815E-02
    14.0754  5.191913E-02  4.148132E-02  4.205027E-02  4.153502E-02  1.912461E-02  1.743717E-02  2.038612E-02  1.756678E-02  1.916049E-02  2.507098E-02  5.597850E-02  3.423792E-02  4.481244E-02  4.630577E-02  4.428630E-02  4.591851E-02  3.929710E-02  4.045845E-02  4.016321E-02  4.039869E-02  2.335973E-02  2.309097E-02  2.421863E-02  2.306504E-02  2.346550E-02  2.953116E-02  2.486708E-02  2.761730E-02  2.789319E-02  2.805352E-02  2.433164E-02  3.150499E-02
    14.3166  5.399621E-02  4.165291E-02  4.223641E-02  4.170300E-02  1.880960E-02  1.697682E-02  2.025438E-02  1.709392E-02  1.888353E-02  2.563863E-02  5.817317E-02  3.580221E-02  4.640439E-02  4.798398E-02  4.605405E-02  4.796967E-02  3.970258E-02  3.827766E-02  3.804217E-02  3.820748E-02  2.288596E-02  2.341168E-02  2.309187E-02  2.338168E-02  2.298534E-02  2.938360E-02  2.520009E-02  2.760121E-02  2.758808E-02  2.858730E-02  2.399075E-02  3.201310E-02
    14.5578  5.554693E-02  4.223036E-02  4.279613E-02  4.228171E-02  1.865083E-02  1.658293E-02  2.036844E-02  1.668302E-02  1.875933E-02  2.612483E-02  6.014089E-02  3.727254E-02  4.806573E-02  4.974251E-02  4.790000E-02  5.009792E-02  4.018088E-02  3.618846E-02  3.601150E-02  3.611649E-02  2.243503E-02  2.330545E-02  2.233410E-02  2.326986E-02  2.251840E-02  2.940338E-02  2.566390E-02  2.772777E-02  2.744573E-02  2.925617E-02  2.378608E-02  3.269989E-02
    14.7990  5.627606E-02  4.319841E-02  4.370671E-02  4.325285E-02  1.864264E-02  1.627721E-02  2.068388E-02  1.635697E-02  1.878088E-02  2.653247E-02  6.192546E-02  3.867887E-02  4.983292E-02  5.162044E-02  4.986894E-02  5.231802E-02  4.069491E-02  3.443856E-02  3.430863E-02  3.437077E-02  2.183997E-02  2.259947E-02  2.177562E-02  2.256015E-02  2.189956E-02  2.963501E-02  2.629090E-02  2.803864E-02  2.749518E-02  3.010156E-02  2.375430E-02  3.360488E-02
    15.0402  5.597798E-02  4.453359E-02  4.494220E-02  4.458801E-02  1.877288E-02  1.606932E-02  2.115588E-02  1.612697E-02  1.893497E-02  2.690385E-02  6.367098E-02  4.012113E-02  5.178444E-02  5.369776E-02  5.204044E-02  5.469479E-02  4.121274E-02  3.321021E-02  3.311195E-02  3.314976E-02  2.104271E-02  2.136743E-02  2.126987E-02  2.132874E-02  2.107521E-02  3.012122E-02  2.712014E-02  2.857563E-02  2.775734E-02  3.117861E-02  2.391849E-02  3.478695E-02
    15.2814  5.460653E-02  4.621333E-02  4.648254E-02  4.625768E-02  1.902407E-02  1.595861E-02  2.174271E-02  1.599409E-02  1.920352E-02  2.730327E-02  6.555575E-02  4.173306E-02  5.400553E-02  5.605915E-02  5.448493E-02  5.729905E-02  4.171663E-02  3.261340E-02  3.253560E-02  3.256137E-02  2.007982E-02  1.984004E-02  2.071642E-02  1.980603E-02  2.008722E-02  3.090010E-02  2.818561E-02  2.937683E-02  2.824819E-02  3.253974E-02  2.429203E-02  3.630656E-02
    15.5226  5.228516E-02  4.822067E-02  4.831618E-02  4.823695E-02  1.937468E-02  1.593626E-02  2.240966E-02  1.595116E-02  1.956467E-02  2.779247E-02  6.772351E-02  4.363918E-02  5.654972E-02  5.875437E-02  5.722188E-02  6.015779E-02  4.220985E-02  3.270197E-02  3.264291E-02  3.265813E-02  1.904276E-02  1.826351E-02  2.008307E-02  1.823643E-02  1.903090E-02  3.199234E-02  2.949884E-02  3.046289E-02  2.897343E-02  3.421001E-02  2.487720E-02  3.819489E-02
    15.7638  4.925726E-02  5.054553E-02  5.043826E-02  5.050735E-02  1.980096E-02  1.598779E-02  2.313191E-02  1.598506E-02  1.999466E-02  2.840902E-02  7.024000E-02  4.592607E-02  5.941285E-02  6.176854E-02  6.019328E-02  6.321887E-02  4.272328E-02  3.349041E-02  3.345845E-02  3.345401E-02  1.803670E-02  1.681211E-02  1.940607E-02  1.679220E-02  1.801267E-02  3.338014E-02  3.102662E-02  3.181522E-02  2.991881E-02  3.615546E-02  2.566018E-02  4.041242E-02
    16.0050  4.581085E-02  5.318305E-02  5.284642E-02  5.305722E-02  2.027854E-02  1.609523E-02  2.389478E-02  1.607880E-02  2.046916E-02  2.915791E-02  7.307695E-02  4.863466E-02  6.252406E-02  6.500920E-02  6.325686E-02  6.634227E-02  4.331706E-02  3.496131E-02  3.497054E-02  3.493113E-02  1.714973E-02  1.557444E-02  1.876155E-02  1.556082E-02  1.711975E-02  3.498101E-02  3.266801E-02  3.335022E-02  3.103904E-02  3.824877E-02  2.660379E-02  4.280428E-02
    16.2462  4.221697E-02  5.613102E-02  5.553839E-02  5.588059E-02  2.078559E-02  1.624072E-02  2.469320E-02  1.621467E-02  2.096643E-02  3.001181E-02  7.611695E-02  5.176508E-02  6.575254E-02  6.831219E-02  6.620264E-02  6.931918E-02  4.407529E-02  3.706273E-02  3.712108E-02  3.703674E-02  1.643677E-02  1.457731E-02  1.822528E-02  1.456875E-02  1.640532E-02  3.663641E-02  3.424854E-02  3.490832E-02  3.225545E-02  4.025647E-02  2.764616E-02  4.508473E-02
    16.4874  3.869559E-02  5.938597E-02  5.851006E-02  5.897637E-02  2.130641E-02  1.640993E-02  2.553086E-02  1.637817E-02  2.147124E-02  3.091851E-02  7.917228E-02  5.528926E-02  6.893002E-02  7.146704E-02  6.879276E-02  7.191709E-02  4.509088E-02  3.970566E-02  3.980033E-02  3.968115E-02  1.591872E-02  1.381338E-02  1.784677E-02  1.380858E-02  1.588847E-02  3.814651E-02  3.555931E-02  3.629065E-02  3.347596E-02  4.188859E-02  2.871670E-02  4.690079E-02
    16.7286  3.540436E-02  6.293450E-02  6.175178E-02  6.234104E-02  2.183589E-02  1.659427E-02  2.642110E-02  1.656005E-02  2.197947E-02  3.181046E-02  8.201277E-02  5.916348E-02  7.188008E-02  7.425485E-02  7.081472E-02  7.393362E-02  4.643796E-02  4.277246E-02  4.286505E-02  4.274591E-02  1.559217E-02  1.326068E-02  1.764631E-02  1.325859E-02  1.556442E-02  3.936335E-02  3.644577E-02  3.735168E-02  3.463860E-02  4.292028E-02  2.977271E-02  4.798782E-02
    16.9698  3.243987E-02  6.673019E-02  6.523529E-02  6.594873E-02  2.238148E-02  1.679000E-02  2.738812E-02  1.675588E-02  2.250010E-02  3.261413E-02  8.439547E-02  6.333657E-02  7.444161E-02  7.648097E-02  7.212470E-02  7.523510E-02  4.812377E-02  4.613217E-02  4.617601E-02  4.610012E-02  1.544138E-02  1.289348E-02  1.762450E-02  1.289326E-02  1.541654E-02  4.028840E-02  3.689448E-02  3.809215E-02  3.575396E-02  4.331509E-02  3.083461E-02  4.832327E-02
    17.2111  2.984471E-02  7.064549E-02  6.887931E-02  6.970588E-02  2.295826E-02  1.699430E-02  2.846290E-02  1.696220E-02  2.305005E-02  3.325614E-02  8.609000E-02  6.774895E-02  7.647435E-02  7.798487E-02  7.266165E-02  7.576005E-02  5.001199E-02  4.964124E-02  4.961199E-02  4.960101E-02  1.544759E-02  1.268711E-02  1.777319E-02  1.268812E-02  1.542541E-02  4.108679E-02  3.704831E-02  3.866969E-02  3.691154E-02  4.324895E-02  3.198949E-02  4.814734E-02
    17.4523  2.761892E-02  7.439413E-02  7.248607E-02  7.337564E-02  2.357616E-02  1.720067E-02  2.966839E-02  1.717188E-02  2.364082E-02  3.366802E-02  8.689213E-02  7.232108E-02  7.785060E-02  7.862821E-02  7.243188E-02  7.549376E-02  5.172571E-02  5.311298E-02  5.302853E-02  5.306323E-02  1.559435E-02  1.261970E-02  1.808386E-02  1.262137E-02  1.557423E-02  4.200505E-02  3.714178E-02  3.932026E-02  3.824414E-02  4.302204E-02  3.335817E-02  4.783822E-02
    17.6935  2.573464E-02  7.746082E-02  7.565722E-02  7.649894E-02  2.422402E-02  1.739641E-02  3.099419E-02  1.737159E-02  2.426231E-02  3.379637E-02  8.663126E-02  7.693981E-02  7.845311E-02  7.828441E-02  7.148145E-02  7.443603E-02  5.262900E-02  5.627732E-02  5.619251E-02  5.621782E-02  1.587029E-02  1.267144E-02  1.855360E-02  1.267330E-02  1.585140E-02  4.326854E-02  3.741353E-02  4.026341E-02  3.987702E-02  4.294315E-02  3.504928E-02  4.776158E-02
    17.9347  2.414896E-02  7.914511E-02  7.776384E-02  7.840805E-02  2.486057E-02  1.756412E-02  3.237185E-02  1.754331E-02  2.487380E-02  3.363678E-02  8.519958E-02  8.148135E-02  7.821568E-02  7.687358E-02  6.988807E-02  7.260279E-02  5.204613E-02  5.877727E-02  5.875864E-02  5.870853E-02  1.627015E-02  1.282360E-02  1.918946E-02  1.282521E-02  1.625154E-02  4.501892E-02  3.804826E-02  4.164643E-02  4.188658E-02  4.325608E-02  3.712187E-02  4.818665E-02
    18.1759  2.281553E-02  7.882725E-02  7.810313E-02  7.845295E-02  2.541865E-02  1.768662E-02  3.366901E-02  1.766906E-02  2.540872E-02  3.330218E-02  8.263508E-02  8.592605E-02  7.721914E-02  7.446281E-02  6.778756E-02  7.008555E-02  4.970605E-02  6.025222E-02  6.034591E-02  6.017524E-02  1.679521E-02  1.305740E-02  2.001190E-02  1.305840E-02  1.677602E-02  4.729613E-02  3.915725E-02  4.353012E-02  4.427763E-02  4.411990E-02  3.956313E-02  4.927456E-02
    18.4171  2.169311E-02  7.634732E-02  7.626318E-02  7.637505E-02  2.582027E-02  1.775319E-02  3.470819E-02  1.773730E-02  2.579014E-02  3.311161E-02  7.920654E-02  9.057884E-02  7.577830E-02  7.135484E-02  6.540076E-02  6.712158E-02  4.598265E-02  6.050025E-02  6.071293E-02  6.041720E-02  1.745282E-02  1.335352E-02  2.105514E-02  1.335383E-02  1.743243E-02  5.004433E-02  4.078300E-02  4.589596E-02  4.697856E-02  4.561923E-02  4.228102E-02  5.110076E-02
    18.6583  2.074961E-02  7.214914E-02  7.242418E-02  7.250528E-02  2.599770E-02  1.776436E-02  3.530811E-02  1.774754E-02  2.595208E-02  3.367353E-02  7.537758E-02  9.631278E-02  7.442204E-02  6.803467E-02  6.299903E-02  6.406899E-02  4.162456E-02  5.962562E-02  5.992700E-02  5.954224E-02  1.825488E-02  1.369249E-02  2.236493E-02  1.369231E-02  1.823307E-02  5.313401E-02  4.291553E-02  4.866429E-02  4.985709E-02  4.778637E-02  4.511608E-02  5.368654E-02
    18.8995  1.996229E-02  6.703449E-02  6.728365E-02  6.758053E-02  2.591406E-02  1.773190E-02  3.533675E-02  1.771089E-02  2.585988E-02  3.602645E-02  7.163605E-02  1.047931E-01  7.379827E-02  6.498763E-02  6.081983E-02  6.127865E-02  3.729529E-02  5.804314E-02  5.838622E-02  5.797101E-02  1.921439E-02  1.405495E-02  2.399183E-02  1.405489E-02  1.919150E-02  5.640321E-02  4.551659E-02  5.172422E-02  5.275996E-02  5.062612E-02  4.787910E-02  5.702930E-02
    19.1407  1.931681E-02  6.177919E-02  6.168555E-02  6.237547E-02  2.557770E-02  1.767498E-02  3.475882E-02  1.764635E-02  2.552434E-02  4.215502E-02  6.832563E-02  1.189679E-01  7.467065E-02  6.255386E-02  5.900224E-02  5.897366E-02  3.335882E-02  5.632820E-02  5.667117E-02  5.628552E-02  2.033858E-02  1.442248E-02  2.597632E-02  1.442365E-02  2.031562E-02  5.971194E-02  4.854508E-02  5.497265E-02  5.556725E-02  5.413735E-02  5.040844E-02  6.112453E-02
    19.3819  1.880685E-02  5.691228E-02  5.632999E-02  5.745839E-02  2.504340E-02  1.761404E-02  3.365673E-02  1.757501E-02  2.500246E-02  5.676424E-02  6.559326E-02  1.445999E-01  7.818726E-02  6.092935E-02  5.758607E-02  5.722638E-02  2.992283E-02  5.503427E-02  5.535467E-02  5.504429E-02  2.161922E-02  1.477841E-02  2.832663E-02  1.478224E-02  2.159791E-02  6.297927E-02  5.196519E-02  5.834168E-02  5.823036E-02  5.831447E-02  5.261806E-02  6.595917E-02
    19.6231  1.843581E-02  5.270248E-02  5.186793E-02  5.317106E-02  2.439749E-02  1.756637E-02  3.221653E-02  1.751686E-02  2.438303E-02  9.240356E-02  6.344019E-02  1.932798E-01  8.637744E-02  6.026473E-02  5.656018E-02  5.601196E-02  2.695643E-02  5.460233E-02  5.490385E-02  5.468952E-02  2.302359E-02  1.510838E-02  3.099314E-02  1.511662E-02  2.300629E-02  6.616971E-02  5.571877E-02  6.178774E-02  6.076230E-02  6.311076E-02  5.450335E-02  7.145868E-02
    19.8643  1.821911E-02  4.923291E-02  4.952413E-02  4.978571E-02  2.374078E-02  1.755354E-02  3.072199E-02  1.750198E-02  2.376492E-02  1.668500E-01  6.182461E-02  2.679415E-01  9.914653E-02  6.038983E-02  5.589048E-02  5.523707E-02  2.438292E-02  5.536156E-02  5.567317E-02  5.554670E-02  2.449513E-02  1.540102E-02  3.385883E-02  1.541541E-02  2.448458E-02  6.922414E-02  5.966267E-02  6.523232E-02  6.317362E-02  6.836071E-02  5.609671E-02  7.739015E-02
    20.1055  1.816520E-02  4.644072E-02  4.840627E-02  4.719903E-02  2.321087E-02  1.766868E-02  2.964475E-02  1.762993E-02  2.325513E-02  2.306772E-01  6.072568E-02  3.089963E-01  1.065052E-01  6.006911E-02  5.530628E-02  5.465948E-02  2.213081E-02  5.753815E-02  5.790358E-02  5.782987E-02  2.597143E-02  1.564854E-02  3.676780E-02  1.567061E-02  2.597010E-02  7.197788E-02  6.350641E-02  6.848778E-02  6.539074E-02  7.369384E-02  5.740475E-02  8.326682E-02
    20.3467  1.814138E-02  4.423919E-02  4.547944E-02  4.486429E-02  2.299602E-02  1.815512E-02  2.966150E-02  1.804847E-02  2.297900E-02  3.306102E-01  6.021421E-02  3.897502E-01  1.252987E-01  6.050380E-02  5.481649E-02  5.423017E-02  2.015680E-02  6.116580E-02  6.162252E-02  6.154818E-02  2.740866E-02  1.584703E-02  3.957945E-02  1.587785E-02  2.741781E-02  7.413023E-02  6.680442E-02  7.122406E-02  6.721332E-02  7.850398E-02  5.837268E-02  8.833254E-02
    20.5879  1.805451E-02  4.242797E-02  4.281357E-02  4.284939E-02  2.299135E-02  1.893226E-02  3.022635E-02  1.861930E-02  2.295486E-02  5.098118E-01  6.082646E-02  4.811742E-01  1.441025E-01  6.007513E-02  5.478342E-02  5.365124E-02  1.844920E-02  6.586261E-02  6.641683E-02  6.628080E-02  2.878098E-02  1.599627E-02  4.218287E-02  1.603633E-02  2.879962E-02  7.531577E-02  6.905610E-02  7.303437E-02  6.836176E-02  8.205115E-02  5.890971E-02  9.171170E-02
    20.8291  1.806187E-02  4.078765E-02  4.155819E-02  4.118605E-02  2.297129E-02  1.957443E-02  3.021396E-02  1.909137E-02  2.296839E-02  5.203862E-01  6.152552E-02  4.053059E-01  1.234175E-01  5.618919E-02  5.478725E-02  5.255816E-02  1.701553E-02  7.061192E-02  7.122108E-02  7.097518E-02  3.003192E-02  1.609864E-02  4.441873E-02  1.614779E-02  3.005612E-02  7.527443E-02  6.991458E-02  7.361315E-02  6.862312E-02  8.372986E-02  5.897697E-02  9.274253E-02
    21.0704  1.802660E-02  3.973400E-02  4.042165E-02  4.020580E-02  2.299455E-02  1.975362E-02  2.905258E-02  1.928790E-02  2.292797E-02  3.490291E-01  6.085042E-02  2.102524E-01  8.407770E-02  5.153425E-02  5.373960E-02  5.147144E-02  1.586260E-02  7.392384E-02  7.450467E-02  7.414448E-02  3.100724E-02  1.615818E-02  4.597570E-02  1.621571E-02  3.103044E-02  7.403160E-02  6.941417E-02  7.296963E-02  6.802243E-02  8.340194E-02  5.869635E-02  9.134450E-02
    21.3116  1.811963E-02  3.880642E-02  3.929181E-02  3.922337E-02  2.316103E-02  1.989041E-02  2.787749E-02  1.955786E-02  2.307037E-02  2.089891E-01  5.962962E-02  9.792767E-02  6.167094E-02  4.959052E-02  5.252082E-02  5.085613E-02  1.498255E-02  7.459478E-02  7.506189E-02  7.464228E-02  3.144520E-02  1.617957E-02  4.641455E-02  1.624430E-02  3.146024E-02  7.194824E-02  6.805631E-02  7.152339E-02  6.689252E-02  8.155341E-02  5.841784E-02  8.812199E-02
    21.5528  1.836754E-02  3.798891E-02  3.836828E-02  3.832834E-02  2.344231E-02  2.020722E-02  2.719141E-02  1.996886E-02  2.335452E-02  1.427359E-01  5.850169E-02  5.759849E-02  5.306037E-02  4.880758E-02  5.163351E-02  5.024915E-02  1.435039E-02  7.247368E-02  7.277555E-02  7.238550E-02  3.110029E-02  1.616792E-02  4.540662E-02  1.623819E-02  3.110231E-02  6.958682E-02  6.672456E-02  7.001225E-02  6.580419E-02  7.913542E-02  5.875998E-02  8.406306E-02
    21.7940  1.869049E-02  3.728065E-02  3.761076E-02  3.755830E-02  2.381545E-02  2.066076E-02  2.685317E-02  2.048762E-02  2.373094E-02  1.089566E-01  5.754168E-02  4.119741E-02  4.921345E-02  4.833462E-02  5.091073E-02  4.970683E-02  1.393077E-02  6.839079E-02  6.851160E-02  6.823323E-02  2.994155E-02  1.612820E-02  4.301807E-02  1.620182E-02  2.993047E-02  6.757750E-02  6.680563E-02  6.947297E-02  6.558022E-02  7.741630E-02  6.089080E-02  8.017863E-02
    22.0352  1.903835E-02  3.663962E-02  3.696008E-02  3.686789E-02  2.426136E-02  2.121188E-02  2.675523E-02  2.109016E-02  2.417601E-02  8.934765E-02  5.674286E-02  3.350530E-02  4.719840E-02  4.800870E-02  5.028284E-02  4.924299E-02  1.368635E-02  6.344709E-02  6.339102E-02  6.327606E-02  2.821706E-02  1.606336E-02  3.973274E-02  1.613743E-02  2.819701E-02  6.689133E-02  7.183575E-02  7.210765E-02  6.804253E-02  7.883759E-02  6.814361E-02  7.771685E-02
    22.2764  1.937469E-02  3.603225E-02  3.636938E-02  3.621922E-02  2.476409E-02  2.183372E-02  2.684128E-02  2.175623E-02  2.467457E-02  7.683479E-02  5.611251E-02  2.955315E-02  4.604584E-02  4.779737E-02  4.972864E-02  4.885784E-02  1.358312E-02  5.848767E-02  5.826860E-02  5.833082E-02  2.629693E-02  1.596891E-02  3.618099E-02  1.603890E-02  2.627352E-02  7.078910E-02  9.680743E-02  8.604828E-02  7.995244E-02  9.240756E-02  9.399218E-02  8.039635E-02
    22.5176  1.966759E-02  3.543044E-02  3.579870E-02  3.558139E-02  2.531196E-02  2.250192E-02  2.708290E-02  2.246377E-02  2.521734E-02  6.832646E-02  5.566402E-02  2.743473E-02  4.538167E-02  4.769164E-02  4.923431E-02  4.854634E-02  1.359239E-02  5.399401E-02  5.363083E-02  5.383936E-02  2.448232E-02  1.584049E-02  3.285964E-02  1.589989E-02  2.445901E-02  7.806873E-02  1.377504E-01  1.051546E-01  9.583911E-02  1.138648E-01  1.282719E-01  8.710484E-02
    22.7588  1.988422E-02  3.480815E-02  3.521150E-02  3.492666E-02  2.589804E-02  2.319125E-02  2.746734E-02  2.318817E-02  2.579996E-02  6.229676E-02  5.540553E-02  2.631833E-02  4.503643E-02  4.768131E-02  4.878206E-02  4.829627E-02  1.369131E-02  4.996285E-02  4.947318E-02  4.985184E-02  2.296030E-02  1.572541E-02  3.003761E-02  1.576517E-02  2.293486E-02  6.966630E-02  1.019059E-01  8.424953E-02  7.854790E-02  9.058115E-02  9.501311E-02  7.615193E-02
    23.0000  1.998377E-02  3.414074E-02  3.457425E-02  3.422940E-02  2.651947E-02  2.387701E-02  2.799008E-02  2.390463E-02  2.642180E-02  5.791343E-02  5.533302E-02  2.580369E-02  4.491694E-02  4.774794E-02  4.834756E-02  4.808786E-02  1.386149E-02  4.653108E-02  4.594264E-02  4.647658E-02  2.190018E-02  1.585852E-02  2.780305E-02  1.585325E-02  2.184996E-02  6.762403E-02  9.304796E-02  8.114655E-02  7.634803E-02  8.496661E-02  9.102023E-02  7.213271E-02
