#  Fermi level (eV): -10.042
#  Charge transfer :  -0.353
# Electron counts for each magnetic-orbital momentum:
#       0     1      0.000
#       1     2      0.000
#       1     3      0.000
#       1     4      0.000
#       2     5      0.000
#       2     6      0.000
#       2     7      0.000
#       2     8      0.000
#       2     9      0.000
#       3    10      0.000
#       3    11      0.000
#       3    12      0.000
#       3    13      0.000
#       3    14      0.000
#       3    15      0.000
#       3    16      0.000
#  Number of atoms in cluster: 137
#  Lorentzian broadening with HWHH     0.1000 eV
# -----------------------------------------------------------------------
#      e      s(0)DOS-up   p(-1)DOS-up   p(0)DOS-up   p(+1)DOS-up  d(-2)DOS-up  d(-1)DOS-up   d(0)DOS-up   d(+1)DOS-up  d(+2)DOS-up  f(-3)DOS-up   f(-2)DOS-up   f(-1)DOS-up  f(0)DOS-up   f(+1)DOS-up   f(+2)DOS-up   f(+3)DOS-up  s(0)DOS-dn   p(-1)DOS-dn   p(0)DOS-dn   p(+1)DOS-dn  d(-2)DOS-dn  d(-1)DOS-dn   d(0)DOS-dn   d(+1)DOS-dn  d(+2)DOS-dn  f(-3)DOS-dn   f(-2)DOS-dn   f(-1)DOS-dn  f(0)DOS-dn   f(+1)DOS-dn   f(+2)DOS-dn   f(+3)DOS-dn   @#
   -25.0000  1.761039E-01  1.321597E-03  1.328885E-03  1.315876E-03  2.865761E-05  2.865761E-05  2.865761E-05  2.865761E-05  2.865761E-05  9.910988E-06  9.910988E-06  9.910988E-06  9.910988E-06  9.910988E-06  9.910988E-06  9.910988E-06  4.878694E-01  1.440861E-02  1.796887E-02  1.442511E-02  2.867920E-05  2.867920E-05  2.867920E-05  2.867920E-05  2.867920E-05  9.915391E-06  9.915391E-06  9.915391E-06  9.915391E-06  9.915391E-06  9.915391E-06  9.915391E-06
   -24.7588  3.562817E-02  1.046347E-03  1.058353E-03  1.044615E-03  2.903769E-05  2.903769E-05  2.903769E-05  2.903769E-05  2.903769E-05  9.980542E-06  9.980542E-06  9.980542E-06  9.980542E-06  9.980542E-06  9.980542E-06  9.980542E-06  9.588569E-02  6.957263E-03  7.723634E-03  6.959889E-03  2.905996E-05  2.905996E-05  2.905996E-05  2.905996E-05  2.905996E-05  9.985026E-06  9.985026E-06  9.985026E-06  9.985026E-06  9.985026E-06  9.985026E-06  9.985026E-06
   -24.5176  1.643897E-02  9.393982E-04  9.467382E-04  9.383215E-04  2.942933E-05  2.942933E-05  2.942933E-05  2.942933E-05  2.942933E-05  1.005125E-05  1.005125E-05  1.005125E-05  1.005125E-05  1.005125E-05  1.005125E-05  1.005125E-05  1.285390E-01  2.482002E-03  2.408650E-03  2.485320E-03  2.945230E-05  2.945230E-05  2.945230E-05  2.945230E-05  2.945230E-05  1.005581E-05  1.005581E-05  1.005581E-05  1.005581E-05  1.005581E-05  1.005581E-05  1.005581E-05
   -24.2764  1.016654E-02  8.948778E-04  8.991575E-04  8.939457E-04  2.983319E-05  2.983319E-05  2.983319E-05  2.983319E-05  2.983319E-05  1.012315E-05  1.012315E-05  1.012315E-05  1.012315E-05  1.012315E-05  1.012315E-05  1.012315E-05  1.470988E-01  1.499500E-03  1.514735E-03  1.500097E-03  2.985690E-05  2.985690E-05  2.985690E-05  2.985690E-05  2.985690E-05  1.012778E-05  1.012778E-05  1.012778E-05  1.012778E-05  1.012778E-05  1.012778E-05  1.012778E-05
   -24.0352  7.190528E-03  8.817719E-04  8.842338E-04  8.808851E-04  3.025001E-05  3.025001E-05  3.025001E-05  3.025001E-05  3.025001E-05  1.019627E-05  1.019627E-05  1.019627E-05  1.019627E-05  1.019627E-05  1.019627E-05  1.019627E-05  3.003049E-02  1.197608E-03  1.213854E-03  1.197822E-03  3.027452E-05  3.027452E-05  3.027452E-05  3.027452E-05  3.027452E-05  1.020099E-05  1.020099E-05  1.020099E-05  1.020099E-05  1.020099E-05  1.020099E-05  1.020099E-05
   -23.7940  5.484099E-03  8.876385E-04  8.889809E-04  8.867982E-04  3.068061E-05  3.068061E-05  3.068061E-05  3.068061E-05  3.068061E-05  1.027067E-05  1.027067E-05  1.027067E-05  1.027067E-05  1.027067E-05  1.027067E-05  1.027067E-05  1.388667E-02  1.075442E-03  1.085663E-03  1.075441E-03  3.070597E-05  3.070597E-05  3.070597E-05  3.070597E-05  3.070597E-05  1.027548E-05  1.027548E-05  1.027548E-05  1.027548E-05  1.027548E-05  1.027548E-05  1.027548E-05
   -23.5528  4.388854E-03  9.069368E-04  9.074562E-04  9.060653E-04  3.112591E-05  3.112591E-05  3.112591E-05  3.112591E-05  3.112591E-05  1.034641E-05  1.034641E-05  1.034641E-05  1.034641E-05  1.034641E-05  1.034641E-05  1.034641E-05  8.606197E-03  1.023229E-03  1.029893E-03  1.023352E-03  3.115216E-05  3.115216E-05  3.115216E-05  3.115216E-05  3.115216E-05  1.035128E-05  1.035128E-05  1.035128E-05  1.035128E-05  1.035128E-05  1.035128E-05  1.035128E-05
   -23.3116  3.631441E-03  9.367260E-04  9.367346E-04  9.358941E-04  3.158690E-05  3.158690E-05  3.158690E-05  3.158690E-05  3.158690E-05  1.042348E-05  1.042348E-05  1.042348E-05  1.042348E-05  1.042348E-05  1.042348E-05  1.042348E-05  6.104676E-03  1.007815E-03  1.012125E-03  1.007780E-03  3.161412E-05  3.161412E-05  3.161412E-05  3.161412E-05  3.161412E-05  1.042848E-05  1.042848E-05  1.042848E-05  1.042848E-05  1.042848E-05  1.042848E-05  1.042848E-05
   -23.0704  3.079360E-03  9.760899E-04  9.753329E-04  9.749406E-04  3.206474E-05  3.206474E-05  3.206474E-05  3.206474E-05  3.206474E-05  1.050204E-05  1.050204E-05  1.050204E-05  1.050204E-05  1.050204E-05  1.050204E-05  1.050204E-05  4.672567E-03  1.014881E-03  1.017891E-03  1.014930E-03  3.209299E-05  3.209299E-05  3.209299E-05  3.209299E-05  3.209299E-05  1.050703E-05  1.050703E-05  1.050703E-05  1.050703E-05  1.050703E-05  1.050703E-05  1.050703E-05
   -22.8291  2.660905E-03  1.024205E-03  1.022909E-03  1.022915E-03  3.256070E-05  3.256070E-05  3.256070E-05  3.256070E-05  3.256070E-05  1.058197E-05  1.058197E-05  1.058197E-05  1.058197E-05  1.058197E-05  1.058197E-05  1.058197E-05  3.753941E-03  1.038156E-03  1.040271E-03  1.038276E-03  3.259006E-05  3.259006E-05  3.259006E-05  3.259006E-05  3.259006E-05  1.058726E-05  1.058726E-05  1.058726E-05  1.058726E-05  1.058726E-05  1.058726E-05  1.058726E-05
   -22.5879  2.333973E-03  1.081326E-03  1.079414E-03  1.079856E-03  3.307625E-05  3.307625E-05  3.307625E-05  3.307625E-05  3.307625E-05  1.066350E-05  1.066350E-05  1.066350E-05  1.066350E-05  1.066350E-05  1.066350E-05  1.066350E-05  3.119001E-03  1.074787E-03  1.076093E-03  1.074809E-03  3.310682E-05  3.310682E-05  3.310682E-05  3.310682E-05  3.310682E-05  1.066878E-05  1.066878E-05  1.066878E-05  1.066878E-05  1.066878E-05  1.066878E-05  1.066878E-05
   -22.3467  2.071963E-03  1.147679E-03  1.145329E-03  1.146356E-03  3.361306E-05  3.361306E-05  3.361306E-05  3.361306E-05  3.361306E-05  1.074697E-05  1.074697E-05  1.074697E-05  1.074697E-05  1.074697E-05  1.074697E-05  1.074697E-05  2.656463E-03  1.123093E-03  1.123972E-03  1.123198E-03  3.364495E-05  3.364495E-05  3.364495E-05  3.364495E-05  3.364495E-05  1.075230E-05  1.075230E-05  1.075230E-05  1.075230E-05  1.075230E-05  1.075230E-05  1.075230E-05
   -22.1055  1.858862E-03  1.225423E-03  1.222280E-03  1.223655E-03  3.417310E-05  3.417310E-05  3.417310E-05  3.417310E-05  3.417310E-05  1.083143E-05  1.083143E-05  1.083143E-05  1.083143E-05  1.083143E-05  1.083143E-05  1.083143E-05  2.305580E-03  1.183004E-03  1.183540E-03  1.183169E-03  3.420642E-05  3.420642E-05  3.420642E-05  3.420642E-05  3.420642E-05  1.083719E-05  1.083719E-05  1.083719E-05  1.083719E-05  1.083719E-05  1.083719E-05  1.083719E-05
   -21.8643  1.681416E-03  1.314733E-03  1.310059E-03  1.312786E-03  3.475866E-05  3.475866E-05  3.475866E-05  3.475866E-05  3.475866E-05  1.091925E-05  1.091925E-05  1.091925E-05  1.091925E-05  1.091925E-05  1.091925E-05  1.091925E-05  2.030974E-03  1.254764E-03  1.254266E-03  1.254637E-03  3.479357E-05  3.479357E-05  3.479357E-05  3.479357E-05  3.479357E-05  1.092382E-05  1.092382E-05  1.092382E-05  1.092382E-05  1.092382E-05  1.092382E-05  1.092382E-05
   -21.6231  1.532527E-03  1.417921E-03  1.412263E-03  1.415711E-03  3.537250E-05  3.537250E-05  3.537250E-05  3.537250E-05  3.537250E-05  1.100908E-05  1.100908E-05  1.100908E-05  1.100908E-05  1.100908E-05  1.100908E-05  1.100908E-05  1.811390E-03  1.339778E-03  1.338565E-03  1.339721E-03  3.540916E-05  3.540916E-05  3.540916E-05  3.540916E-05  3.540916E-05  1.101458E-05  1.101458E-05  1.101458E-05  1.101458E-05  1.101458E-05  1.101458E-05  1.101458E-05
   -21.3819  1.406322E-03  1.538611E-03  1.530901E-03  1.536237E-03  3.601795E-05  3.601795E-05  3.601795E-05  3.601795E-05  3.601795E-05  1.109888E-05  1.109888E-05  1.109888E-05  1.109888E-05  1.109888E-05  1.109888E-05  1.109888E-05  1.632417E-03  1.440246E-03  1.437345E-03  1.439684E-03  3.605659E-05  3.605659E-05  3.605659E-05  3.605659E-05  3.605659E-05  1.110325E-05  1.110325E-05  1.110325E-05  1.110325E-05  1.110325E-05  1.110325E-05  1.110325E-05
   -21.1407  1.297760E-03  1.679257E-03  1.667944E-03  1.674865E-03  3.669920E-05  3.669920E-05  3.669920E-05  3.669920E-05  3.669920E-05  1.120242E-05  1.120242E-05  1.120242E-05  1.120242E-05  1.120242E-05  1.120242E-05  1.120242E-05  1.484301E-03  1.557839E-03  1.554151E-03  1.557701E-03  3.674008E-05  3.674008E-05  3.674008E-05  3.674008E-05  3.674008E-05  1.120405E-05  1.120405E-05  1.120405E-05  1.120405E-05  1.120405E-05  1.120405E-05  1.120405E-05
   -20.8995  1.202165E-03  1.841332E-03  1.826939E-03  1.836474E-03  3.742160E-05  3.742160E-05  3.742160E-05  3.742160E-05  3.742160E-05  1.131736E-05  1.131736E-05  1.131736E-05  1.131736E-05  1.131736E-05  1.131736E-05  1.131736E-05  1.359065E-03  1.694329E-03  1.689453E-03  1.694779E-03  3.746508E-05  3.746508E-05  3.746508E-05  3.746508E-05  3.746508E-05  1.127676E-05  1.127676E-05  1.127676E-05  1.127676E-05  1.127676E-05  1.127676E-05  1.127676E-05
   -20.6583  1.122498E-03  2.041851E-03  2.022361E-03  2.037424E-03  3.819235E-05  3.819235E-05  3.819235E-05  3.819235E-05  3.819235E-05  1.151408E-05  1.151408E-05  1.151408E-05  1.151408E-05  1.151408E-05  1.151408E-05  1.151408E-05  1.252320E-03  1.856693E-03  1.846638E-03  1.858446E-03  3.823893E-05  3.823893E-05  3.823893E-05  3.823893E-05  3.823893E-05  1.147926E-05  1.147926E-05  1.147926E-05  1.147926E-05  1.147926E-05  1.147926E-05  1.147926E-05
   -20.4171  1.052863E-03  2.285468E-03  2.255736E-03  2.277429E-03  3.902174E-05  3.902174E-05  3.902174E-05  3.902174E-05  3.902174E-05  1.200399E-05  1.200399E-05  1.200399E-05  1.200399E-05  1.200399E-05  1.200399E-05  1.200399E-05  1.157459E-03  2.039038E-03  2.025641E-03  2.043855E-03  3.907215E-05  3.907215E-05  3.907215E-05  3.907215E-05  3.907215E-05  1.286414E-05  1.286414E-05  1.286414E-05  1.286414E-05  1.286414E-05  1.286414E-05  1.286414E-05
   -20.1759  9.735603E-04  2.599069E-03  2.514676E-03  2.542738E-03  3.992603E-05  3.992603E-05  3.992603E-05  3.992603E-05  3.992603E-05  2.432604E-05  2.432604E-05  2.432604E-05  2.432604E-05  2.432604E-05  2.432604E-05  2.432604E-05  1.109731E-03  2.328703E-03  2.327297E-03  2.371447E-03  3.998146E-05  3.998146E-05  3.998146E-05  3.998146E-05  3.998146E-05  2.427154E-05  2.427154E-05  2.427154E-05  2.427154E-05  2.427154E-05  2.427154E-05  2.427154E-05
   -19.9347  1.359510E-03  5.308554E-03  5.378555E-03  5.355483E-03  4.093497E-05  4.093497E-05  4.093497E-05  4.093497E-05  4.093497E-05  3.552915E-06  3.552915E-06  3.552915E-06  3.552915E-06  3.552915E-06  3.552915E-06  3.552915E-06  1.476961E-04 -6.317691E-04 -6.878219E-04 -6.309420E-04  4.099812E-05  4.099812E-05  4.099812E-05  4.099812E-05  4.099812E-05  1.090512E-06  1.090512E-06  1.090512E-06  1.090512E-06  1.090512E-06  1.090512E-06  1.090512E-06
   -19.6935  8.326977E-04  2.976583E-03  2.841665E-03  2.969344E-03  4.215235E-05  4.215235E-05  4.215235E-05  4.215235E-05  4.215235E-05  1.397563E-05  1.397563E-05  1.397563E-05  1.397563E-05  1.397563E-05  1.397563E-05  1.397563E-05  9.808642E-04  2.928231E-03  2.848402E-03  2.925940E-03  4.224272E-05  4.224272E-05  4.224272E-05  4.224272E-05  4.224272E-05  6.670739E-06  6.670739E-06  6.670739E-06  6.670739E-06  6.670739E-06  6.670739E-06  6.670739E-06
   -19.4523  8.664392E-04  4.288594E-03  3.946118E-03  4.256343E-03  4.390966E-05  4.390966E-05  4.390966E-05  4.390966E-05  4.390966E-05  2.309384E-05  2.309384E-05  2.309384E-05  2.309384E-05  2.309384E-05  2.309384E-05  2.309384E-05  9.262730E-04  3.573960E-03  3.406399E-03  3.567928E-03  4.403712E-05  4.403712E-05  4.403712E-05  4.403712E-05  4.403712E-05  2.369172E-05  2.369172E-05  2.369172E-05  2.369172E-05  2.369172E-05  2.369172E-05  2.369172E-05
   -19.2111  8.467106E-04  5.609437E-03  4.766220E-03  5.574716E-03  4.668101E-05  4.668101E-05  4.668101E-05  4.668101E-05  4.668101E-05  1.542316E-05  1.542316E-05  1.542316E-05  1.542316E-05  1.542316E-05  1.542316E-05  1.542316E-05  8.896986E-04  4.378600E-03  4.009143E-03  4.377018E-03  4.687697E-05  4.687697E-05  4.687697E-05  4.687697E-05  4.687697E-05  1.131433E-05  1.131433E-05  1.131433E-05  1.131433E-05  1.131433E-05  1.131433E-05  1.131433E-05
   -18.9698  8.821745E-04  9.311494E-03  6.218092E-03  9.168696E-03  5.078629E-05  5.078629E-05  5.078629E-05  5.078629E-05  5.078629E-05  1.211206E-05  1.211206E-05  1.211206E-05  1.211206E-05  1.211206E-05  1.211206E-05  1.211206E-05  8.816535E-04  5.994428E-03  4.978837E-03  5.993503E-03  5.106595E-05  5.106595E-05  5.106595E-05  5.106595E-05  5.106595E-05  1.233101E-05  1.233101E-05  1.233101E-05  1.233101E-05  1.233101E-05  1.233101E-05  1.233101E-05
   -18.7286  1.383548E-03  3.525560E-02  1.136514E-02  3.415774E-02  5.647324E-05  5.647324E-05  5.647324E-05  5.647324E-05  5.647324E-05  1.233136E-05  1.233136E-05  1.233136E-05  1.233136E-05  1.233136E-05  1.233136E-05  1.233136E-05  9.615173E-04  1.132990E-02  6.905628E-03  1.134084E-02  5.684933E-05  5.684933E-05  5.684933E-05  5.684933E-05  5.684933E-05  1.234447E-05  1.234447E-05  1.234447E-05  1.234447E-05  1.234447E-05  1.234447E-05  1.234447E-05
   -18.4874  9.808749E-04  1.812420E-02  1.226186E-02  1.820117E-02  6.394459E-05  6.394459E-05  6.394459E-05  6.394459E-05  6.394459E-05  1.249653E-05  1.249653E-05  1.249653E-05  1.249653E-05  1.249653E-05  1.249653E-05  1.249653E-05  1.554631E-03  3.997157E-02  1.465825E-02  4.005940E-02  6.442784E-05  6.442784E-05  6.442784E-05  6.442784E-05  6.442784E-05  1.251050E-05  1.251050E-05  1.251050E-05  1.251050E-05  1.251050E-05  1.251050E-05  1.251050E-05
   -18.2462  9.098498E-04  1.901433E-02  2.251584E-02  1.901725E-02  7.337192E-05  7.337192E-05  7.337192E-05  7.337192E-05  7.337192E-05  1.270589E-05  1.270589E-05  1.270589E-05  1.270589E-05  1.270589E-05  1.270589E-05  1.270589E-05  1.010228E-03  1.695951E-02  1.460575E-02  1.699331E-02  7.397162E-05  7.397162E-05  7.397162E-05  7.397162E-05  7.397162E-05  1.271866E-05  1.271866E-05  1.271866E-05  1.271866E-05  1.271866E-05  1.271866E-05  1.271866E-05
   -18.0050  1.010044E-03  3.063634E-02  4.164751E-02  3.065500E-02  8.490358E-05  8.490358E-05  8.490358E-05  8.490358E-05  8.490358E-05  1.295069E-05  1.295069E-05  1.295069E-05  1.295069E-05  1.295069E-05  1.295069E-05  1.295069E-05  1.068107E-03  2.466028E-02  3.327228E-02  2.468425E-02  8.562793E-05  8.562793E-05  8.562793E-05  8.562793E-05  8.562793E-05  1.296694E-05  1.296694E-05  1.296694E-05  1.296694E-05  1.296694E-05  1.296694E-05  1.296694E-05
   -17.7638  1.296789E-03  3.598844E-02  4.476215E-02  3.580111E-02  9.866967E-05  9.866967E-05  9.866967E-05  9.866967E-05  9.866967E-05  1.324320E-05  1.324320E-05  1.324320E-05  1.324320E-05  1.324320E-05  1.324320E-05  1.324320E-05  1.151214E-03  2.537778E-02  3.235334E-02  2.539142E-02  9.952598E-05  9.952598E-05  9.952598E-05  9.952598E-05  9.952598E-05  1.326209E-05  1.326209E-05  1.326209E-05  1.326209E-05  1.326209E-05  1.326209E-05  1.326209E-05
   -17.5226  2.277480E-03  7.897282E-02  1.018369E-01  7.834999E-02  1.147854E-04  1.147854E-04  1.147854E-04  1.147854E-04  1.147854E-04  1.359047E-05  1.359047E-05  1.359047E-05  1.359047E-05  1.359047E-05  1.359047E-05  1.359047E-05  1.704862E-03  4.013676E-02  5.137483E-02  4.012972E-02  1.157803E-04  1.157803E-04  1.157803E-04  1.157803E-04  1.157803E-04  1.361288E-05  1.361288E-05  1.361288E-05  1.361288E-05  1.361288E-05  1.361288E-05  1.361288E-05
   -17.2814  3.041109E-03  2.236064E-01  2.922175E-01  2.230867E-01  1.333537E-04  1.333537E-04  1.333537E-04  1.333537E-04  1.333537E-04  1.400152E-05  1.400152E-05  1.400152E-05  1.400152E-05  1.400152E-05  1.400152E-05  1.400152E-05  2.808551E-03  9.787605E-02  1.336905E-01  9.778667E-02  1.344930E-04  1.344930E-04  1.344930E-04  1.344930E-04  1.344930E-04  1.402783E-05  1.402783E-05  1.402783E-05  1.402783E-05  1.402783E-05  1.402783E-05  1.402783E-05
   -17.0402  2.679523E-03  1.866958E-01  1.829225E-01  1.872533E-01  1.544665E-04  1.544665E-04  1.544665E-04  1.544665E-04  1.544665E-04  1.448529E-05  1.448529E-05  1.448529E-05  1.448529E-05  1.448529E-05  1.448529E-05  1.448529E-05  2.721914E-03  2.201037E-01  2.459913E-01  2.198920E-01  1.557558E-04  1.557558E-04  1.557558E-04  1.557558E-04  1.557558E-04  1.451604E-05  1.451604E-05  1.451604E-05  1.451604E-05  1.451604E-05  1.451604E-05  1.451604E-05
   -16.7990  3.451412E-03  2.845094E-01  2.825803E-01  2.790969E-01  1.782070E-04  1.782070E-04  1.782070E-04  1.782070E-04  1.782070E-04  1.505106E-05  1.505106E-05  1.505106E-05  1.505106E-05  1.505106E-05  1.505106E-05  1.505106E-05  2.648596E-03  1.890056E-01  1.788784E-01  1.891740E-01  1.796512E-04  1.796512E-04  1.796512E-04  1.796512E-04  1.796512E-04  1.508681E-05  1.508681E-05  1.508681E-05  1.508681E-05  1.508681E-05  1.508681E-05  1.508681E-05
   -16.5578  6.120125E-03  4.002606E-01  4.170860E-01  3.932388E-01  2.046498E-04  2.046498E-04  2.046498E-04  2.046498E-04  2.046498E-04  1.570840E-05  1.570840E-05  1.570840E-05  1.570840E-05  1.570840E-05  1.570840E-05  1.570840E-05  3.459466E-03  2.738149E-01  2.759213E-01  2.736330E-01  2.062536E-04  2.062536E-04  2.062536E-04  2.062536E-04  2.062536E-04  1.574969E-05  1.574969E-05  1.574969E-05  1.574969E-05  1.574969E-05  1.574969E-05  1.574969E-05
   -16.3166  5.032641E-03  2.908361E-01  2.937400E-01  2.863534E-01  2.338627E-04  2.338627E-04  2.338627E-04  2.338627E-04  2.338627E-04  1.646701E-05  1.646701E-05  1.646701E-05  1.646701E-05  1.646701E-05  1.646701E-05  1.646701E-05  5.812884E-03  3.138800E-01  3.418078E-01  3.137063E-01  2.356302E-04  2.356302E-04  2.356302E-04  2.356302E-04  2.356302E-04  1.651441E-05  1.651441E-05  1.651441E-05  1.651441E-05  1.651441E-05  1.651441E-05  1.651441E-05
   -16.0754  4.927760E-03  2.941036E-01  2.670844E-01  2.853178E-01  2.659068E-04  2.659068E-04  2.659068E-04  2.659068E-04  2.659068E-04  1.733678E-05  1.733678E-05  1.733678E-05  1.733678E-05  1.733678E-05  1.733678E-05  1.733678E-05  6.976276E-03  2.465154E-01  2.483264E-01  2.462628E-01  2.678420E-04  2.678420E-04  2.678420E-04  2.678420E-04  2.678420E-04  1.739088E-05  1.739088E-05  1.739088E-05  1.739088E-05  1.739088E-05  1.739088E-05  1.739088E-05
   -15.8342  6.253838E-03  3.614600E-01  3.426290E-01  3.542244E-01  3.008375E-04  3.008375E-04  3.008375E-04  3.008375E-04  3.008375E-04  1.832775E-05  1.832775E-05  1.832775E-05  1.832775E-05  1.832775E-05  1.832775E-05  1.832775E-05  4.872330E-03  2.135703E-01  1.934327E-01  2.135721E-01  3.029440E-04  3.029440E-04  3.029440E-04  3.029440E-04  3.029440E-04  1.838914E-05  1.838914E-05  1.838914E-05  1.838914E-05  1.838914E-05  1.838914E-05  1.838914E-05
   -15.5930  6.196790E-03  4.741677E-01  3.998054E-01  4.647721E-01  3.387048E-04  3.387048E-04  3.387048E-04  3.387048E-04  3.387048E-04  1.945007E-05  1.945007E-05  1.945007E-05  1.945007E-05  1.945007E-05  1.945007E-05  1.945007E-05  5.822847E-03  3.063539E-01  3.066638E-01  3.069783E-01  3.409859E-04  3.409859E-04  3.409859E-04  3.409859E-04  3.409859E-04  1.951933E-05  1.951933E-05  1.951933E-05  1.951933E-05  1.951933E-05  1.951933E-05  1.951933E-05
   -15.3518  5.829104E-03  3.522042E-01  3.131621E-01  3.518483E-01  3.795538E-04  3.795538E-04  3.795538E-04  3.795538E-04  3.795538E-04  2.071398E-05  2.071398E-05  2.071398E-05  2.071398E-05  2.071398E-05  2.071398E-05  2.071398E-05  8.434352E-03  3.896846E-01  3.906004E-01  3.902764E-01  3.820137E-04  3.820137E-04  3.820137E-04  3.820137E-04  3.820137E-04  2.079173E-05  2.079173E-05  2.079173E-05  2.079173E-05  2.079173E-05  2.079173E-05  2.079173E-05
   -15.1106  4.026020E-03  4.137980E-01  3.151765E-01  4.223753E-01  4.234253E-04  4.234253E-04  4.234253E-04  4.234253E-04  4.234253E-04  2.212980E-05  2.212980E-05  2.212980E-05  2.212980E-05  2.212980E-05  2.212980E-05  2.212980E-05  1.057205E-02  3.856735E-01  3.437903E-01  3.857248E-01  4.260659E-04  4.260659E-04  4.260659E-04  4.260659E-04  4.260659E-04  2.221664E-05  2.221664E-05  2.221664E-05  2.221664E-05  2.221664E-05  2.221664E-05  2.221664E-05
   -14.8693  2.653966E-03  3.780430E-01  4.458891E-01  4.063435E-01  4.703557E-04  4.703557E-04  4.703557E-04  4.703557E-04  4.703557E-04  2.370791E-05  2.370791E-05  2.370791E-05  2.370791E-05  2.370791E-05  2.370791E-05  2.370791E-05  1.115572E-02  3.061656E-01  2.444882E-01  3.059792E-01  4.731797E-04  4.731797E-04  4.731797E-04  4.731797E-04  4.731797E-04  2.380446E-05  2.380446E-05  2.380446E-05  2.380446E-05  2.380446E-05  2.380446E-05  2.380446E-05
   -14.6281  1.952769E-03  2.466299E-01  2.991850E-01  2.999494E-01  5.203777E-04  5.203777E-04  5.203777E-04  5.203777E-04  5.203777E-04  2.545874E-05  2.545874E-05  2.545874E-05  2.545874E-05  2.545874E-05  2.545874E-05  2.545874E-05  8.700861E-03  3.406418E-01  2.666059E-01  3.390774E-01  5.233877E-04  5.233877E-04  5.233877E-04  5.233877E-04  5.233877E-04  2.556561E-05  2.556561E-05  2.556561E-05  2.556561E-05  2.556561E-05  2.556561E-05  2.556561E-05
   -14.3869  1.758197E-03  2.076686E-01  2.395684E-01  2.217887E-01  5.735205E-04  5.735205E-04  5.735205E-04  5.735205E-04  5.735205E-04  2.739273E-05  2.739273E-05  2.739273E-05  2.739273E-05  2.739273E-05  2.739273E-05  2.739273E-05  4.882611E-03  3.115041E-01  2.161381E-01  3.117772E-01  5.767187E-04  5.767187E-04  5.767187E-04  5.767187E-04  5.767187E-04  2.751056E-05  2.751056E-05  2.751056E-05  2.751056E-05  2.751056E-05  2.751056E-05  2.751056E-05
   -14.1457  1.561881E-03  3.167771E-01  3.612748E-01  3.316498E-01  6.298097E-04  6.298097E-04  6.298097E-04  6.298097E-04  6.298097E-04  2.952036E-05  2.952036E-05  2.952036E-05  2.952036E-05  2.952036E-05  2.952036E-05  2.952036E-05  2.484141E-03  4.070521E-01  3.589281E-01  4.099711E-01  6.331983E-04  6.331983E-04  6.331983E-04  6.331983E-04  6.331983E-04  2.964975E-05  2.964975E-05  2.964975E-05  2.964975E-05  2.964975E-05  2.964975E-05  2.964975E-05
   -13.9045  1.161221E-03  1.015331E-01  1.098446E-01  1.046965E-01  6.892680E-04  6.892680E-04  6.892680E-04  6.892680E-04  6.892680E-04  3.185208E-05  3.185208E-05  3.185208E-05  3.185208E-05  3.185208E-05  3.185208E-05  3.185208E-05  1.398284E-03  6.558709E-01  8.416978E-01  6.591166E-01  6.928490E-04  6.928490E-04  6.928490E-04  6.928490E-04  6.928490E-04  3.199368E-05  3.199368E-05  3.199368E-05  3.199368E-05  3.199368E-05  3.199368E-05  3.199368E-05
   -13.6633  1.943309E-03  8.470371E-02  8.772375E-02  9.435348E-02  7.519150E-04  7.519150E-04  7.519150E-04  7.519150E-04  7.519150E-04  3.439837E-05  3.439837E-05  3.439837E-05  3.439837E-05  3.439837E-05  3.439837E-05  3.439837E-05  1.062756E-03  6.663300E-01  7.729739E-01  6.636910E-01  7.556903E-04  7.556903E-04  7.556903E-04  7.556903E-04  7.556903E-04  3.455278E-05  3.455278E-05  3.455278E-05  3.455278E-05  3.455278E-05  3.455278E-05  3.455278E-05
   -13.4221  2.471499E-03  1.222331E-01  1.419800E-01  9.737073E-02  8.177675E-04  8.177675E-04  8.177675E-04  8.177675E-04  8.177675E-04  3.716964E-05  3.716964E-05  3.716964E-05  3.716964E-05  3.716964E-05  3.716964E-05  3.716964E-05  8.024327E-04  2.630805E-01  2.696166E-01  2.603805E-01  8.217386E-04  8.217386E-04  8.217386E-04  8.217386E-04  8.217386E-04  3.733750E-05  3.733750E-05  3.733750E-05  3.733750E-05  3.733750E-05  3.733750E-05  3.733750E-05
   -13.1809  3.671334E-03  1.553604E-01  1.502560E-01  1.072703E-01  8.868395E-04  8.868395E-04  8.868395E-04  8.868395E-04  8.868395E-04  4.017630E-05  4.017630E-05  4.017630E-05  4.017630E-05  4.017630E-05  4.017630E-05  4.017630E-05  6.854873E-04  7.638674E-02  8.065299E-02  7.591546E-02  8.910082E-04  8.910082E-04  8.910082E-04  8.910082E-04  8.910082E-04  4.035823E-05  4.035823E-05  4.035823E-05  4.035823E-05  4.035823E-05  4.035823E-05  4.035823E-05
   -12.9397  5.049671E-03  1.423862E-01  1.414243E-01  1.174416E-01  9.591427E-04  9.591427E-04  9.591427E-04  9.591427E-04  9.591427E-04  4.342870E-05  4.342870E-05  4.342870E-05  4.342870E-05  4.342870E-05  4.342870E-05  4.342870E-05  6.191357E-04  3.713044E-02  3.947570E-02  3.696858E-02  9.635103E-04  9.635103E-04  9.635103E-04  9.635103E-04  9.635103E-04  4.362535E-05  4.362535E-05  4.362535E-05  4.362535E-05  4.362535E-05  4.362535E-05  4.362535E-05
   -12.6985  8.066084E-03  1.390600E-01  1.376532E-01  1.375665E-01  1.034686E-03  1.034686E-03  1.034686E-03  1.034686E-03  1.034686E-03  4.693718E-05  4.693718E-05  4.693718E-05  4.693718E-05  4.693718E-05  4.693718E-05  4.693718E-05  5.785588E-04  2.270062E-02  2.409001E-02  2.262485E-02  1.039254E-03  1.039254E-03  1.039254E-03  1.039254E-03  1.039254E-03  4.714916E-05  4.714916E-05  4.714916E-05  4.714916E-05  4.714916E-05  4.714916E-05  4.714916E-05
   -12.4573  8.879113E-03  2.026328E-01  1.965941E-01  1.959949E-01  1.113477E-03  1.113477E-03  1.113477E-03  1.113477E-03  1.113477E-03  5.071198E-05  5.071198E-05  5.071198E-05  5.071198E-05  5.071198E-05  5.071198E-05  5.071198E-05  5.543615E-04  1.571584E-02  1.660387E-02  1.567400E-02  1.118246E-03  1.118246E-03  1.118246E-03  1.118246E-03  1.118246E-03  5.093992E-05  5.093992E-05  5.093992E-05  5.093992E-05  5.093992E-05  5.093992E-05  5.093992E-05
   -12.2161  7.709249E-03  2.283679E-01  2.129129E-01  2.380542E-01  1.195520E-03  1.195520E-03  1.195520E-03  1.195520E-03  1.195520E-03  5.476328E-05  5.476328E-05  5.476328E-05  5.476328E-05  5.476328E-05  5.476328E-05  5.476328E-05  5.420795E-04  1.177223E-02  1.237518E-02  1.174668E-02  1.200491E-03  1.200491E-03  1.200491E-03  1.200491E-03  1.200491E-03  5.500779E-05  5.500779E-05  5.500779E-05  5.500779E-05  5.500779E-05  5.500779E-05  5.500779E-05
   -11.9749  2.113444E-03  7.758064E-02  5.092060E-02  7.628542E-02  1.280817E-03  1.280817E-03  1.280817E-03  1.280817E-03  1.280817E-03  5.910119E-05  5.910119E-05  5.910119E-05  5.910119E-05  5.910119E-05  5.910119E-05  5.910119E-05  5.395109E-04  9.324948E-03  9.753684E-03  9.308471E-03  1.285992E-03  1.285992E-03  1.285992E-03  1.285992E-03  1.285992E-03  5.936291E-05  5.936291E-05  5.936291E-05  5.936291E-05  5.936291E-05  5.936291E-05  5.936291E-05
   -11.7337  1.223918E-03  2.793660E-02  2.141683E-02  2.750923E-02  1.369365E-03  1.369365E-03  1.369365E-03  1.369365E-03  1.369365E-03  6.373575E-05  6.373575E-05  6.373575E-05  6.373575E-05  6.373575E-05  6.373575E-05  6.373575E-05  5.457848E-04  7.715205E-03  8.030956E-03  7.704231E-03  1.374748E-03  1.374748E-03  1.374748E-03  1.374748E-03  1.374748E-03  6.401529E-05  6.401529E-05  6.401529E-05  6.401529E-05  6.401529E-05  6.401529E-05  6.401529E-05
   -11.4925  1.002566E-03  1.552391E-02  1.337767E-02  1.537553E-02  1.461170E-03  1.461170E-03  1.461170E-03  1.461170E-03  1.461170E-03  6.867691E-05  6.867691E-05  6.867691E-05  6.867691E-05  6.867691E-05  6.867691E-05  6.867691E-05  5.609936E-04  6.624562E-03  6.863073E-03  6.617358E-03  1.466758E-03  1.466758E-03  1.466758E-03  1.466758E-03  1.466758E-03  6.897489E-05  6.897489E-05  6.897489E-05  6.897489E-05  6.897489E-05  6.897489E-05  6.897489E-05
   -11.2513  9.731339E-04  1.097786E-02  1.020470E-02  1.098584E-02  1.556225E-03  1.556225E-03  1.556225E-03  1.556225E-03  1.556225E-03  7.393451E-05  7.393451E-05  7.393451E-05  7.393451E-05  7.393451E-05  7.393451E-05  7.393451E-05  5.861269E-04  5.888157E-03  6.071161E-03  5.883630E-03  1.562019E-03  1.562019E-03  1.562019E-03  1.562019E-03  1.562019E-03  7.425154E-05  7.425154E-05  7.425154E-05  7.425154E-05  7.425154E-05  7.425154E-05  7.425154E-05
   -11.0101  1.085730E-03  9.101142E-03  9.160200E-03  9.287343E-03  1.654524E-03  1.654524E-03  1.654524E-03  1.654524E-03  1.654524E-03  7.951831E-05  7.951831E-05  7.951831E-05  7.951831E-05  7.951831E-05  7.951831E-05  7.951831E-05  6.230656E-04  5.421488E-03  5.562118E-03  5.419150E-03  1.660525E-03  1.660525E-03  1.660525E-03  1.660525E-03  1.660525E-03  7.985535E-05  7.985535E-05  7.985535E-05  7.985535E-05  7.985535E-05  7.985535E-05  7.985535E-05
   -10.7688  1.510114E-03  9.133414E-03  1.048862E-02  9.658769E-03  1.756062E-03  1.756062E-03  1.756062E-03  1.756062E-03  1.756062E-03  8.543796E-05  8.543796E-05  8.543796E-05  8.543796E-05  8.543796E-05  8.543796E-05  8.543796E-05  6.751581E-04  5.192393E-03  5.298462E-03  5.192209E-03  1.762264E-03  1.762264E-03  1.762264E-03  1.762264E-03  1.762264E-03  8.579530E-05  8.579530E-05  8.579530E-05  8.579530E-05  8.579530E-05  8.579530E-05  8.579530E-05
   -10.5276  3.675831E-03  1.470093E-02  2.217637E-02  1.671508E-02  1.860828E-03  1.860828E-03  1.860828E-03  1.860828E-03  1.860828E-03  9.170301E-05  9.170301E-05  9.170301E-05  9.170301E-05  9.170301E-05  9.170301E-05  9.170301E-05  7.479527E-04  5.217172E-03  5.292125E-03  5.219327E-03  1.867237E-03  1.867237E-03  1.867237E-03  1.867237E-03  1.867237E-03  9.208125E-05  9.208125E-05  9.208125E-05  9.208125E-05  9.208125E-05  9.208125E-05  9.208125E-05
   -10.2864  1.304367E-02  4.369142E-02  7.424881E-02  6.021222E-02  1.968813E-03  1.968813E-03  1.968813E-03  1.968813E-03  1.968813E-03  9.832288E-05  9.832288E-05  9.832288E-05  9.832288E-05  9.832288E-05  9.832288E-05  9.832288E-05  8.511745E-04  5.583564E-03  5.626312E-03  5.588706E-03  1.975429E-03  1.975429E-03  1.975429E-03  1.975429E-03  1.975429E-03  9.872262E-05  9.872262E-05  9.872262E-05  9.872262E-05  9.872262E-05  9.872262E-05  9.872262E-05
   -10.0452  3.352927E-03  1.583020E-02  2.757879E-02  1.936530E-02  2.080004E-03  2.080004E-03  2.080004E-03  2.080004E-03  2.080004E-03  1.053069E-04  1.053069E-04  1.053069E-04  1.053069E-04  1.053069E-04  1.053069E-04  1.053069E-04  1.003407E-03  6.532493E-03  6.534958E-03  6.541996E-03  2.086827E-03  2.086827E-03  2.086827E-03  2.086827E-03  2.086827E-03  1.057287E-04  1.057287E-04  1.057287E-04  1.057287E-04  1.057287E-04  1.057287E-04  1.057287E-04
    -9.8040  2.093437E-03  1.052749E-02  1.320888E-02  1.144727E-02  2.194388E-03  2.194388E-03  2.194388E-03  2.194388E-03  2.194388E-03  1.126642E-04  1.126642E-04  1.126642E-04  1.126642E-04  1.126642E-04  1.126642E-04  1.126642E-04  1.245196E-03  8.741177E-03  8.679018E-03  8.758624E-03  2.201419E-03  2.201419E-03  2.201419E-03  2.201419E-03  2.201419E-03  1.131088E-04  1.131088E-04  1.131088E-04  1.131088E-04  1.131088E-04  1.131088E-04  1.131088E-04
    -9.5628  2.149012E-03  1.197694E-02  1.307521E-02  1.233085E-02  2.311949E-03  2.311949E-03  2.311949E-03  2.311949E-03  2.311949E-03  1.204040E-04  1.204040E-04  1.204040E-04  1.204040E-04  1.204040E-04  1.204040E-04  1.204040E-04  1.684377E-03  1.453399E-02  1.433296E-02  1.456778E-02  2.319187E-03  2.319187E-03  2.319187E-03  2.319187E-03  2.319187E-03  1.208718E-04  1.208718E-04  1.208718E-04  1.208718E-04  1.208718E-04  1.208718E-04  1.208718E-04
    -9.3216  2.794756E-03  1.942917E-02  2.027023E-02  1.957484E-02  2.432671E-03  2.432671E-03  2.432671E-03  2.432671E-03  2.432671E-03  1.285351E-04  1.285351E-04  1.285351E-04  1.285351E-04  1.285351E-04  1.285351E-04  1.285351E-04  2.704886E-03  3.508484E-02  3.456043E-02  3.515710E-02  2.440116E-03  2.440116E-03  2.440116E-03  2.440116E-03  2.440116E-03  1.290268E-04  1.290268E-04  1.290268E-04  1.290268E-04  1.290268E-04  1.290268E-04  1.290268E-04
    -9.0804  4.717151E-03  4.756395E-02  5.016245E-02  4.760570E-02  2.556536E-03  2.556536E-03  2.556536E-03  2.556536E-03  2.556536E-03  1.370663E-04  1.370663E-04  1.370663E-04  1.370663E-04  1.370663E-04  1.370663E-04  1.370663E-04  5.533011E-03  1.027898E-01  1.031005E-01  1.029653E-01  2.564181E-03  2.564181E-03  2.564181E-03  2.564181E-03  2.564181E-03  1.375824E-04  1.375824E-04  1.375824E-04  1.375824E-04  1.375824E-04  1.375824E-04  1.375824E-04
    -8.8392  1.055522E-02  1.051120E-01  1.015488E-01  1.026915E-01  2.683524E-03  2.683524E-03  2.683524E-03  2.683524E-03  2.683524E-03  1.460064E-04  1.460064E-04  1.460064E-04  1.460064E-04  1.460064E-04  1.460064E-04  1.460064E-04  1.140099E-02  8.232014E-02  8.381724E-02  8.275379E-02  2.691374E-03  2.691374E-03  2.691374E-03  2.691374E-03  2.691374E-03  1.465475E-04  1.465475E-04  1.465475E-04  1.465475E-04  1.465475E-04  1.465475E-04  1.465475E-04
    -8.5980  2.248398E-02  7.725546E-02  7.061834E-02  7.637400E-02  2.813613E-03  2.813613E-03  2.813613E-03  2.813613E-03  2.813613E-03  1.553639E-04  1.553639E-04  1.553639E-04  1.553639E-04  1.553639E-04  1.553639E-04  1.553639E-04  1.918737E-02  5.325711E-02  4.964470E-02  5.366603E-02  2.821668E-03  2.821668E-03  2.821668E-03  2.821668E-03  2.821668E-03  1.559306E-04  1.559306E-04  1.559306E-04  1.559306E-04  1.559306E-04  1.559306E-04  1.559306E-04
    -8.3568  1.507379E-02  4.889078E-02  4.266064E-02  4.826656E-02  2.946781E-03  2.946781E-03  2.946781E-03  2.946781E-03  2.946781E-03  1.651471E-04  1.651471E-04  1.651471E-04  1.651471E-04  1.651471E-04  1.651471E-04  1.651471E-04  1.108468E-02  3.088218E-02  2.866814E-02  3.110530E-02  2.955041E-03  2.955041E-03  2.955041E-03  2.955041E-03  2.955041E-03  1.657399E-04  1.657399E-04  1.657399E-04  1.657399E-04  1.657399E-04  1.657399E-04  1.657399E-04
    -8.1156  8.869448E-03  3.161213E-02  2.839479E-02  3.129974E-02  3.083004E-03  3.083004E-03  3.083004E-03  3.083004E-03  3.083004E-03  1.753644E-04  1.753644E-04  1.753644E-04  1.753644E-04  1.753644E-04  1.753644E-04  1.753644E-04  6.186899E-03  1.964927E-02  1.850287E-02  1.976784E-02  3.091469E-03  3.091469E-03  3.091469E-03  3.091469E-03  3.091469E-03  1.759839E-04  1.759839E-04  1.759839E-04  1.759839E-04  1.759839E-04  1.759839E-04  1.759839E-04
    -7.8744  7.023456E-03  2.408536E-02  2.222250E-02  2.391966E-02  3.222257E-03  3.222257E-03  3.222257E-03  3.222257E-03  3.222257E-03  1.860238E-04  1.860238E-04  1.860238E-04  1.860238E-04  1.860238E-04  1.860238E-04  1.860238E-04  4.660897E-03  1.467130E-02  1.398959E-02  1.473955E-02  3.230925E-03  3.230925E-03  3.230925E-03  3.230925E-03  3.230925E-03  1.866705E-04  1.866705E-04  1.866705E-04  1.866705E-04  1.866705E-04  1.866705E-04  1.866705E-04
    -7.6332  6.378178E-03  2.103063E-02  1.978376E-02  2.093857E-02  3.364514E-03  3.364514E-03  3.364514E-03  3.364514E-03  3.364514E-03  1.971333E-04  1.971333E-04  1.971333E-04  1.971333E-04  1.971333E-04  1.971333E-04  1.971333E-04  4.103615E-03  1.237702E-02  1.191046E-02  1.241406E-02  3.373384E-03  3.373384E-03  3.373384E-03  3.373384E-03  3.373384E-03  1.978079E-04  1.978079E-04  1.978079E-04  1.978079E-04  1.978079E-04  1.978079E-04  1.978079E-04
    -7.3920  6.179338E-03  2.027110E-02  1.933458E-02  2.022027E-02  3.509746E-03  3.509746E-03  3.509746E-03  3.509746E-03  3.509746E-03  2.087008E-04  2.087008E-04  2.087008E-04  2.087008E-04  2.087008E-04  2.087008E-04  2.087008E-04  3.873311E-03  1.156257E-02  1.120265E-02  1.157635E-02  3.518818E-03  3.518818E-03  3.518818E-03  3.518818E-03  3.518818E-03  2.094037E-04  2.094037E-04  2.094037E-04  2.094037E-04  2.094037E-04  2.094037E-04  2.094037E-04
    -7.1508  6.251122E-03  2.127449E-02  2.044081E-02  2.125422E-02  3.657924E-03  3.657924E-03  3.657924E-03  3.657924E-03  3.657924E-03  2.207338E-04  2.207338E-04  2.207338E-04  2.207338E-04  2.207338E-04  2.207338E-04  2.207338E-04  3.791156E-03  1.203616E-02  1.174303E-02  1.204200E-02  3.667196E-03  3.667196E-03  3.667196E-03  3.667196E-03  3.667196E-03  2.214656E-04  2.214656E-04  2.214656E-04  2.214656E-04  2.214656E-04  2.214656E-04  2.214656E-04
    -6.9095  6.575513E-03  2.626209E-02  2.505168E-02  2.627710E-02  3.809018E-03  3.809018E-03  3.809018E-03  3.809018E-03  3.809018E-03  2.332400E-04  2.332400E-04  2.332400E-04  2.332400E-04  2.332400E-04  2.332400E-04  2.332400E-04  3.830827E-03  1.466596E-02  1.448564E-02  1.472550E-02  3.818489E-03  3.818489E-03  3.818489E-03  3.818489E-03  3.818489E-03  2.340012E-04  2.340012E-04  2.340012E-04  2.340012E-04  2.340012E-04  2.340012E-04  2.340012E-04
    -6.6683  7.181665E-03  3.324730E-02  3.165491E-02  3.327728E-02  3.962996E-03  3.962996E-03  3.962996E-03  3.962996E-03  3.962996E-03  2.462268E-04  2.462268E-04  2.462268E-04  2.462268E-04  2.462268E-04  2.462268E-04  2.462268E-04  4.168280E-03  2.346974E-02  2.364611E-02  2.375204E-02  3.972664E-03  3.972664E-03  3.972664E-03  3.972664E-03  3.972664E-03  2.470179E-04  2.470179E-04  2.470179E-04  2.470179E-04  2.470179E-04  2.470179E-04  2.470179E-04
    -6.4271  8.109142E-03  2.564539E-02  2.472131E-02  2.561953E-02  4.119825E-03  4.119825E-03  4.119825E-03  4.119825E-03  4.119825E-03  2.597012E-04  2.597012E-04  2.597012E-04  2.597012E-04  2.597012E-04  2.597012E-04  2.597012E-04  5.441382E-03  4.361994E-02  4.154223E-02  4.188437E-02  4.129689E-03  4.129689E-03  4.129689E-03  4.129689E-03  4.129689E-03  2.605227E-04  2.605227E-04  2.605227E-04  2.605227E-04  2.605227E-04  2.605227E-04  2.605227E-04
    -6.1859  9.381926E-03  1.791562E-02  1.738469E-02  1.787890E-02  4.279470E-03  4.279470E-03  4.279470E-03  4.279470E-03  4.279470E-03  2.736704E-04  2.736704E-04  2.736704E-04  2.736704E-04  2.736704E-04  2.736704E-04  2.736704E-04  8.918222E-03  3.939481E-02  3.840343E-02  4.411683E-02  4.289530E-03  4.289530E-03  4.289530E-03  4.289530E-03  4.289530E-03  2.745229E-04  2.745229E-04  2.745229E-04  2.745229E-04  2.745229E-04  2.745229E-04  2.745229E-04
    -5.9447  1.100189E-02  1.376052E-02  1.337429E-02  1.372572E-02  4.441899E-03  4.441899E-03  4.441899E-03  4.441899E-03  4.441899E-03  2.881413E-04  2.881413E-04  2.881413E-04  2.881413E-04  2.881413E-04  2.881413E-04  2.881413E-04  1.009119E-02  4.249160E-02  4.251663E-02  4.427889E-02  4.452151E-03  4.452151E-03  4.452151E-03  4.452151E-03  4.452151E-03  2.890253E-04  2.890253E-04  2.890253E-04  2.890253E-04  2.890253E-04  2.890253E-04  2.890253E-04
    -5.7035  1.303562E-02  1.114635E-02  1.085782E-02  1.111616E-02  4.607071E-03  4.607071E-03  4.607071E-03  4.607071E-03  4.607071E-03  3.031220E-04  3.031220E-04  3.031220E-04  3.031220E-04  3.031220E-04  3.031220E-04  3.031220E-04  1.767736E-02  6.562870E-02  5.955508E-02  5.959359E-02  4.617515E-03  4.617515E-03  4.617515E-03  4.617515E-03  4.617515E-03  3.040365E-04  3.040365E-04  3.040365E-04  3.040365E-04  3.040365E-04  3.040365E-04  3.040365E-04
    -5.4623  1.588080E-02  9.380573E-03  9.184561E-03  9.357303E-03  4.774950E-03  4.774950E-03  4.774950E-03  4.774950E-03  4.774950E-03  3.186164E-04  3.186164E-04  3.186164E-04  3.186164E-04  3.186164E-04  3.186164E-04  3.186164E-04  4.307567E-02  3.653082E-02  3.768512E-02  3.589144E-02  4.785584E-03  4.785584E-03  4.785584E-03  4.785584E-03  4.785584E-03  3.195633E-04  3.195633E-04  3.195633E-04  3.195633E-04  3.195633E-04  3.195633E-04  3.195633E-04
    -5.2211  2.087309E-02  8.317100E-03  8.210185E-03  8.302280E-03  4.945498E-03  4.945498E-03  4.945498E-03  4.945498E-03  4.945498E-03  3.346323E-04  3.346323E-04  3.346323E-04  3.346323E-04  3.346323E-04  3.346323E-04  3.346323E-04  2.530520E-02  1.840639E-02  1.869568E-02  1.868055E-02  4.956319E-03  4.956319E-03  4.956319E-03  4.956319E-03  4.956319E-03  3.356121E-04  3.356121E-04  3.356121E-04  3.356121E-04  3.356121E-04  3.356121E-04  3.356121E-04
    -4.9799  3.161936E-02  7.925701E-03  7.900982E-03  7.919591E-03  5.118675E-03  5.118675E-03  5.118675E-03  5.118675E-03  5.118675E-03  3.511759E-04  3.511759E-04  3.511759E-04  3.511759E-04  3.511759E-04  3.511759E-04  3.511759E-04  2.602078E-02  1.301642E-02  1.301097E-02  1.325880E-02  5.129681E-03  5.129681E-03  5.129681E-03  5.129681E-03  5.129681E-03  3.521890E-04  3.521890E-04  3.521890E-04  3.521890E-04  3.521890E-04  3.521890E-04  3.521890E-04
    -4.7387  5.610308E-02  8.220684E-03  8.275661E-03  8.221684E-03  5.294438E-03  5.294438E-03  5.294438E-03  5.294438E-03  5.294438E-03  3.682534E-04  3.682534E-04  3.682534E-04  3.682534E-04  3.682534E-04  3.682534E-04  3.682534E-04  2.871571E-02  1.092416E-02  1.084709E-02  1.112689E-02  5.305628E-03  5.305628E-03  5.305628E-03  5.305628E-03  5.305628E-03  3.693002E-04  3.693002E-04  3.693002E-04  3.693002E-04  3.693002E-04  3.693002E-04  3.693002E-04
    -4.4975  9.097365E-02  9.271692E-03  9.411883E-03  9.275359E-03  5.472747E-03  5.472747E-03  5.472747E-03  5.472747E-03  5.472747E-03  3.858706E-04  3.858706E-04  3.858706E-04  3.858706E-04  3.858706E-04  3.858706E-04  3.858706E-04  3.565567E-02  9.810894E-03  9.830311E-03  9.966490E-03  5.484118E-03  5.484118E-03  5.484118E-03  5.484118E-03  5.484118E-03  3.869517E-04  3.869517E-04  3.869517E-04  3.869517E-04  3.869517E-04  3.869517E-04  3.869517E-04
    -4.2563  8.057816E-02  1.114097E-02  1.141476E-02  1.114205E-02  5.653558E-03  5.653558E-03  5.653558E-03  5.653558E-03  5.653558E-03  4.040334E-04  4.040334E-04  4.040334E-04  4.040334E-04  4.040334E-04  4.040334E-04  4.040334E-04  5.674152E-02  9.373410E-03  9.490991E-03  9.474987E-03  5.665107E-03  5.665107E-03  5.665107E-03  5.665107E-03  5.665107E-03  4.051492E-04  4.051492E-04  4.051492E-04  4.051492E-04  4.051492E-04  4.051492E-04  4.051492E-04
    -4.0151  4.992439E-02  1.390323E-02  1.433171E-02  1.389623E-02  5.836827E-03  5.836827E-03  5.836827E-03  5.836827E-03  5.836827E-03  4.227474E-04  4.227474E-04  4.227474E-04  4.227474E-04  4.227474E-04  4.227474E-04  4.227474E-04  9.290022E-02  9.833109E-03  1.003654E-02  9.897799E-03  5.848552E-03  5.848552E-03  5.848552E-03  5.848552E-03  5.848552E-03  4.238984E-04  4.238984E-04  4.238984E-04  4.238984E-04  4.238984E-04  4.238984E-04  4.238984E-04
    -3.7739  3.599004E-02  1.856021E-02  1.925498E-02  1.857244E-02  6.022508E-03  6.022508E-03  6.022508E-03  6.022508E-03  6.022508E-03  4.420181E-04  4.420181E-04  4.420181E-04  4.420181E-04  4.420181E-04  4.420181E-04  4.420181E-04  8.687218E-02  1.130881E-02  1.167203E-02  1.135986E-02  6.034406E-03  6.034406E-03  6.034406E-03  6.034406E-03  6.034406E-03  4.432047E-04  4.432047E-04  4.432047E-04  4.432047E-04  4.432047E-04  4.432047E-04  4.432047E-04
    -3.5327  3.438059E-02  2.429205E-02  2.627296E-02  2.434497E-02  6.210555E-03  6.210555E-03  6.210555E-03  6.210555E-03  6.210555E-03  4.618508E-04  4.618508E-04  4.618508E-04  4.618508E-04  4.618508E-04  4.618508E-04  4.618508E-04  5.526283E-02  1.397373E-02  1.457044E-02  1.402227E-02  6.222623E-03  6.222623E-03  6.222623E-03  6.222623E-03  6.222623E-03  4.630734E-04  4.630734E-04  4.630734E-04  4.630734E-04  4.630734E-04  4.630734E-04  4.630734E-04
    -3.2915  3.896213E-02  2.333428E-02  2.556799E-02  2.336806E-02  6.400920E-03  6.400920E-03  6.400920E-03  6.400920E-03  6.400920E-03  4.822506E-04  4.822506E-04  4.822506E-04  4.822506E-04  4.822506E-04  4.822506E-04  4.822506E-04  3.996783E-02  1.891972E-02  1.995808E-02  1.897103E-02  6.413156E-03  6.413156E-03  6.413156E-03  6.413156E-03  6.413156E-03  4.835096E-04  4.835096E-04  4.835096E-04  4.835096E-04  4.835096E-04  4.835096E-04  4.835096E-04
    -3.0503  4.257908E-02  2.039676E-02  2.226907E-02  2.041240E-02  6.593555E-03  6.593555E-03  6.593555E-03  6.593555E-03  6.593555E-03  5.032225E-04  5.032225E-04  5.032225E-04  5.032225E-04  5.032225E-04  5.032225E-04  5.032225E-04  3.616774E-02  2.565793E-02  2.801747E-02  2.570760E-02  6.605956E-03  6.605956E-03  6.605956E-03  6.605956E-03  6.605956E-03  5.045184E-04  5.045184E-04  5.045184E-04  5.045184E-04  5.045184E-04  5.045184E-04  5.045184E-04
    -2.8090  3.755956E-02  2.133210E-02  2.326888E-02  2.133681E-02  6.788411E-03  6.788411E-03  6.788411E-03  6.788411E-03  6.788411E-03  5.247713E-04  5.247713E-04  5.247713E-04  5.247713E-04  5.247713E-04  5.247713E-04  5.247713E-04  3.693342E-02  2.503053E-02  2.754067E-02  2.506239E-02  6.800974E-03  6.800974E-03  6.800974E-03  6.800974E-03  6.800974E-03  5.261045E-04  5.261045E-04  5.261045E-04  5.261045E-04  5.261045E-04  5.261045E-04  5.261045E-04
    -2.5678  2.525590E-02  3.194886E-02  3.528903E-02  3.193866E-02  6.985438E-03  6.985438E-03  6.985438E-03  6.985438E-03  6.985438E-03  5.469017E-04  5.469017E-04  5.469017E-04  5.469017E-04  5.469017E-04  5.469017E-04  5.469017E-04  3.775534E-02  2.118760E-02  2.310158E-02  2.120917E-02  6.998159E-03  6.998159E-03  6.998159E-03  6.998159E-03  6.998159E-03  5.482726E-04  5.482726E-04  5.482726E-04  5.482726E-04  5.482726E-04  5.482726E-04  5.482726E-04
    -2.3266  1.481646E-02  6.302958E-02  6.864212E-02  6.293168E-02  7.184584E-03  7.184584E-03  7.184584E-03  7.184584E-03  7.184584E-03  5.696182E-04  5.696182E-04  5.696182E-04  5.696182E-04  5.696182E-04  5.696182E-04  5.696182E-04  3.389933E-02  2.121760E-02  2.300473E-02  2.123388E-02  7.197460E-03  7.197460E-03  7.197460E-03  7.197460E-03  7.197460E-03  5.710272E-04  5.710272E-04  5.710272E-04  5.710272E-04  5.710272E-04  5.710272E-04  5.710272E-04
    -2.0854  9.622387E-03  1.290131E-01  1.229858E-01  1.290227E-01  7.385797E-03  7.385797E-03  7.385797E-03  7.385797E-03  7.385797E-03  5.929250E-04  5.929250E-04  5.929250E-04  5.929250E-04  5.929250E-04  5.929250E-04  5.929250E-04  2.332227E-02  3.023630E-02  3.316746E-02  3.025541E-02  7.398824E-03  7.398824E-03  7.398824E-03  7.398824E-03  7.398824E-03  5.943725E-04  5.943725E-04  5.943725E-04  5.943725E-04  5.943725E-04  5.943725E-04  5.943725E-04
    -1.8442  7.271572E-03  1.058734E-01  9.651486E-02  1.059041E-01  7.589023E-03  7.589023E-03  7.589023E-03  7.589023E-03  7.589023E-03  6.168264E-04  6.168264E-04  6.168264E-04  6.168264E-04  6.168264E-04  6.168264E-04  6.168264E-04  1.375332E-02  5.971373E-02  6.566651E-02  5.975641E-02  7.602199E-03  7.602199E-03  7.602199E-03  7.602199E-03  7.602199E-03  6.183128E-04  6.183128E-04  6.183128E-04  6.183128E-04  6.183128E-04  6.183128E-04  6.183128E-04
    -1.6030  6.292744E-03  8.973483E-02  8.215747E-02  8.971741E-02  7.794210E-03  7.794210E-03  7.794210E-03  7.794210E-03  7.794210E-03  6.413264E-04  6.413264E-04  6.413264E-04  6.413264E-04  6.413264E-04  6.413264E-04  6.413264E-04  8.664333E-03  1.245481E-01  1.190197E-01  1.245910E-01  7.807530E-03  7.807530E-03  7.807530E-03  7.807530E-03  7.807530E-03  6.428520E-04  6.428520E-04  6.428520E-04  6.428520E-04  6.428520E-04  6.428520E-04  6.428520E-04
    -1.3618  6.136669E-03  4.947183E-02  4.729810E-02  4.935609E-02  8.001302E-03  8.001302E-03  8.001302E-03  8.001302E-03  8.001302E-03  6.664288E-04  6.664288E-04  6.664288E-04  6.664288E-04  6.664288E-04  6.664288E-04  6.664288E-04  6.148157E-03  1.121682E-01  1.012294E-01  1.121381E-01  8.014763E-03  8.014763E-03  8.014763E-03  8.014763E-03  8.014763E-03  6.679941E-04  6.679941E-04  6.679941E-04  6.679941E-04  6.679941E-04  6.679941E-04  6.679941E-04
    -1.1206  6.615732E-03  2.188939E-02  2.103345E-02  2.187716E-02  8.210241E-03  8.210241E-03  8.210241E-03  8.210241E-03  8.210241E-03  6.921373E-04  6.921373E-04  6.921373E-04  6.921373E-04  6.921373E-04  6.921373E-04  6.921373E-04  4.921792E-03  9.960796E-02  9.139123E-02  9.963251E-02  8.223841E-03  8.223841E-03  8.223841E-03  8.223841E-03  8.223841E-03  6.937426E-04  6.937426E-04  6.937426E-04  6.937426E-04  6.937426E-04  6.937426E-04  6.937426E-04
    -0.8794  7.706132E-03  1.442118E-02  1.399999E-02  1.442663E-02  8.420976E-03  8.420976E-03  8.420976E-03  8.420976E-03  8.420976E-03  7.184554E-04  7.184554E-04  7.184554E-04  7.184554E-04  7.184554E-04  7.184554E-04  7.184554E-04  4.437118E-03  4.884834E-02  4.717722E-02  4.888698E-02  8.434708E-03  8.434708E-03  8.434708E-03  8.434708E-03  8.434708E-03  7.201010E-04  7.201010E-04  7.201010E-04  7.201010E-04  7.201010E-04  7.201010E-04  7.201010E-04
    -0.6382  9.444422E-03  1.264085E-02  1.236510E-02  1.265999E-02  8.633446E-03  8.633446E-03  8.633446E-03  8.633446E-03  8.633446E-03  7.453865E-04  7.453865E-04  7.453865E-04  7.453865E-04  7.453865E-04  7.453865E-04  7.453865E-04  4.477981E-03  2.021867E-02  1.947605E-02  2.022219E-02  8.647307E-03  8.647307E-03  8.647307E-03  8.647307E-03  8.647307E-03  7.470728E-04  7.470728E-04  7.470728E-04  7.470728E-04  7.470728E-04  7.470728E-04  7.470728E-04
    -0.3970  1.187648E-02  1.380013E-02  1.353177E-02  1.385585E-02  8.847594E-03  8.847594E-03  8.847594E-03  8.847594E-03  8.847594E-03  7.729338E-04  7.729338E-04  7.729338E-04  7.729338E-04  7.729338E-04  7.729338E-04  7.729338E-04  5.014926E-03  1.261592E-02  1.232178E-02  1.261144E-02  8.861580E-03  8.861580E-03  8.861580E-03  8.861580E-03  8.861580E-03  7.746612E-04  7.746612E-04  7.746612E-04  7.746612E-04  7.746612E-04  7.746612E-04  7.746612E-04
    -0.1558  1.501319E-02  1.823243E-02  1.789295E-02  1.838181E-02  9.063361E-03  9.063361E-03  9.063361E-03  9.063361E-03  9.063361E-03  8.011003E-04  8.011003E-04  8.011003E-04  8.011003E-04  8.011003E-04  8.011003E-04  8.011003E-04  6.175857E-03  1.036803E-02  1.027819E-02  1.035524E-02  9.077467E-03  9.077467E-03  9.077467E-03  9.077467E-03  9.077467E-03  8.028691E-04  8.028691E-04  8.028691E-04  8.028691E-04  8.028691E-04  8.028691E-04  8.028691E-04
     0.0854  1.815326E-02  2.762861E-02  2.720457E-02  2.788692E-02  9.280687E-03  9.280687E-03  9.280687E-03  9.280687E-03  9.280687E-03  8.298889E-04  8.298889E-04  8.298889E-04  8.298889E-04  8.298889E-04  8.298889E-04  8.298889E-04  8.292897E-03  1.057334E-02  1.057812E-02  1.054332E-02  9.294907E-03  9.294907E-03  9.294907E-03  9.294907E-03  9.294907E-03  8.316994E-04  8.316994E-04  8.316994E-04  8.316994E-04  8.316994E-04  8.316994E-04  8.316994E-04
     0.3266  1.892283E-02  3.846525E-02  3.787229E-02  3.838113E-02  9.499513E-03  9.499513E-03  9.499513E-03  9.499513E-03  9.499513E-03  8.593024E-04  8.593024E-04  8.593024E-04  8.593024E-04  8.593024E-04  8.593024E-04  8.593024E-04  1.191874E-02  1.328509E-02  1.331195E-02  1.321204E-02  9.513844E-03  9.513844E-03  9.513844E-03  9.513844E-03  9.513844E-03  8.611548E-04  8.611548E-04  8.611548E-04  8.611548E-04  8.611548E-04  8.611548E-04  8.611548E-04
     0.5678  1.691434E-02  3.896780E-02  3.817290E-02  3.844628E-02  9.719776E-03  9.719776E-03  9.719776E-03  9.719776E-03  9.719776E-03  8.893432E-04  8.893432E-04  8.893432E-04  8.893432E-04  8.893432E-04  8.893432E-04  8.893432E-04  1.685817E-02  2.062217E-02  2.057394E-02  2.044683E-02  9.734214E-03  9.734214E-03  9.734214E-03  9.734214E-03  9.734214E-03  8.912380E-04  8.912380E-04  8.912380E-04  8.912380E-04  8.912380E-04  8.912380E-04  8.912380E-04
     0.8090  1.439470E-02  3.479732E-02  3.417049E-02  3.434449E-02  9.941417E-03  9.941417E-03  9.941417E-03  9.941417E-03  9.941417E-03  9.200139E-04  9.200139E-04  9.200139E-04  9.200139E-04  9.200139E-04  9.200139E-04  9.200139E-04  1.910014E-02  3.366469E-02  3.341963E-02  3.342604E-02  9.955957E-03  9.955957E-03  9.955957E-03  9.955957E-03  9.955957E-03  9.219513E-04  9.219513E-04  9.219513E-04  9.219513E-04  9.219513E-04  9.219513E-04  9.219513E-04
     1.0503  1.249494E-02  3.159550E-02  3.109243E-02  3.128261E-02  1.016439E-02  1.016439E-02  1.016439E-02  1.016439E-02  1.016439E-02  9.513165E-04  9.513165E-04  9.513165E-04  9.513165E-04  9.513165E-04  9.513165E-04  9.513165E-04  1.670280E-02  3.656756E-02  3.638286E-02  3.659090E-02  1.017901E-02  1.017901E-02  1.017901E-02  1.017901E-02  1.017901E-02  9.532969E-04  9.532969E-04  9.532969E-04  9.532969E-04  9.532969E-04  9.532969E-04  9.532969E-04
     1.2915  1.117405E-02  2.963057E-02  2.911231E-02  2.935990E-02  1.038860E-02  1.038860E-02  1.038860E-02  1.038860E-02  1.038860E-02  9.832533E-04  9.832533E-04  9.832533E-04  9.832533E-04  9.832533E-04  9.832533E-04  9.832533E-04  1.372160E-02  3.037152E-02  3.047702E-02  3.050227E-02  1.040333E-02  1.040333E-02  1.040333E-02  1.040333E-02  1.040333E-02  9.852769E-04  9.852769E-04  9.852769E-04  9.852769E-04  9.852769E-04  9.852769E-04  9.852769E-04
     1.5327  1.014449E-02  2.833949E-02  2.785814E-02  2.806496E-02  1.061400E-02  1.061400E-02  1.061400E-02  1.061400E-02  1.061400E-02  1.015826E-03  1.015826E-03  1.015826E-03  1.015826E-03  1.015826E-03  1.015826E-03  1.015826E-03  1.178922E-02  2.656292E-02  2.670745E-02  2.664685E-02  1.062881E-02  1.062881E-02  1.062881E-02  1.062881E-02  1.062881E-02  1.017893E-03  1.017893E-03  1.017893E-03  1.017893E-03  1.017893E-03  1.017893E-03  1.017893E-03
     1.7739  9.211871E-03  2.704153E-02  2.674653E-02  2.677419E-02  1.084052E-02  1.084052E-02  1.084052E-02  1.084052E-02  1.084052E-02  1.049037E-03  1.049037E-03  1.049037E-03  1.049037E-03  1.049037E-03  1.049037E-03  1.049037E-03  1.072145E-02  2.482971E-02  2.486193E-02  2.486084E-02  1.085542E-02  1.085542E-02  1.085542E-02  1.085542E-02  1.085542E-02  1.051148E-03  1.051148E-03  1.051148E-03  1.051148E-03  1.051148E-03  1.051148E-03  1.051148E-03
     2.0151  8.323325E-03  2.525811E-02  2.523931E-02  2.502498E-02  1.106810E-02  1.106810E-02  1.106810E-02  1.106810E-02  1.106810E-02  1.082887E-03  1.082887E-03  1.082887E-03  1.082887E-03  1.082887E-03  1.082887E-03  1.082887E-03  1.008684E-02  2.436063E-02  2.429811E-02  2.437895E-02  1.108307E-02  1.108307E-02  1.108307E-02  1.108307E-02  1.108307E-02  1.085042E-03  1.085042E-03  1.085042E-03  1.085042E-03  1.085042E-03  1.085042E-03  1.085042E-03
     2.2563  7.503220E-03  2.300288E-02  2.322196E-02  2.281999E-02  1.129667E-02  1.129667E-02  1.129667E-02  1.129667E-02  1.129667E-02  1.117378E-03  1.117378E-03  1.117378E-03  1.117378E-03  1.117378E-03  1.117378E-03  1.117378E-03  9.536519E-03  2.486886E-02  2.483302E-02  2.490548E-02  1.131172E-02  1.131172E-02  1.131172E-02  1.131172E-02  1.131172E-02  1.119578E-03  1.119578E-03  1.119578E-03  1.119578E-03  1.119578E-03  1.119578E-03  1.119578E-03
     2.4975  6.782226E-03  2.064848E-02  2.099666E-02  2.051371E-02  1.152618E-02  1.152618E-02  1.152618E-02  1.152618E-02  1.152618E-02  1.152512E-03  1.152512E-03  1.152512E-03  1.152512E-03  1.152512E-03  1.152512E-03  1.152512E-03  8.890966E-03  2.559456E-02  2.577170E-02  2.566572E-02  1.154129E-02  1.154129E-02  1.154129E-02  1.154129E-02  1.154129E-02  1.154756E-03  1.154756E-03  1.154756E-03  1.154756E-03  1.154756E-03  1.154756E-03  1.154756E-03
     2.7387  6.171529E-03  1.855873E-02  1.894080E-02  1.845896E-02  1.175656E-02  1.175656E-02  1.175656E-02  1.175656E-02  1.175656E-02  1.188289E-03  1.188289E-03  1.188289E-03  1.188289E-03  1.188289E-03  1.188289E-03  1.188289E-03  8.144235E-03  2.536285E-02  2.588926E-02  2.546602E-02  1.177173E-02  1.177173E-02  1.177173E-02  1.177173E-02  1.177173E-02  1.190577E-03  1.190577E-03  1.190577E-03  1.190577E-03  1.190577E-03  1.190577E-03  1.190577E-03
     2.9799  5.666968E-03  1.690833E-02  1.727225E-02  1.682857E-02  1.198773E-02  1.198773E-02  1.198773E-02  1.198773E-02  1.198773E-02  1.224710E-03  1.224710E-03  1.224710E-03  1.224710E-03  1.224710E-03  1.224710E-03  1.224710E-03  7.372442E-03  2.361854E-02  2.442334E-02  2.372991E-02  1.200295E-02  1.200295E-02  1.200295E-02  1.200295E-02  1.200295E-02  1.227044E-03  1.227044E-03  1.227044E-03  1.227044E-03  1.227044E-03  1.227044E-03  1.227044E-03
     3.2211  5.258914E-03  1.571311E-02  1.603963E-02  1.564106E-02  1.221963E-02  1.221963E-02  1.221963E-02  1.221963E-02  1.221963E-02  1.261776E-03  1.261776E-03  1.261776E-03  1.261776E-03  1.261776E-03  1.261776E-03  1.261776E-03  6.647166E-03  2.096999E-02  2.185410E-02  2.106536E-02  1.223490E-02  1.223490E-02  1.223490E-02  1.223490E-02  1.223490E-02  1.264155E-03  1.264155E-03  1.264155E-03  1.264155E-03  1.264155E-03  1.264155E-03  1.264155E-03
     3.4623  4.938723E-03  1.491487E-02  1.519814E-02  1.484080E-02  1.245219E-02  1.245219E-02  1.245219E-02  1.245219E-02  1.245219E-02  1.299489E-03  1.299489E-03  1.299489E-03  1.299489E-03  1.299489E-03  1.299489E-03  1.299489E-03  6.005880E-03  1.835648E-02  1.917949E-02  1.842776E-02  1.246752E-02  1.246752E-02  1.246752E-02  1.246752E-02  1.246752E-02  1.301913E-03  1.301913E-03  1.301913E-03  1.301913E-03  1.301913E-03  1.301913E-03  1.301913E-03
     3.7035  4.701482E-03  1.444117E-02  1.467364E-02  1.435639E-02  1.268536E-02  1.268536E-02  1.268536E-02  1.268536E-02  1.268536E-02  1.337848E-03  1.337848E-03  1.337848E-03  1.337848E-03  1.337848E-03  1.337848E-03  1.337848E-03  5.458169E-03  1.627541E-02  1.699377E-02  1.632566E-02  1.270072E-02  1.270072E-02  1.270072E-02  1.270072E-02  1.270072E-02  1.340318E-03  1.340318E-03  1.340318E-03  1.340318E-03  1.340318E-03  1.340318E-03  1.340318E-03
     3.9447  4.547310E-03  1.423563E-02  1.440065E-02  1.413116E-02  1.291905E-02  1.291905E-02  1.291905E-02  1.291905E-02  1.291905E-02  1.376854E-03  1.376854E-03  1.376854E-03  1.376854E-03  1.376854E-03  1.376854E-03  1.376854E-03  4.999784E-03  1.479245E-02  1.541262E-02  1.482750E-02  1.293444E-02  1.293444E-02  1.293444E-02  1.293444E-02  1.293444E-02  1.379370E-03  1.379370E-03  1.379370E-03  1.379370E-03  1.379370E-03  1.379370E-03  1.379370E-03
     4.1859  4.482015E-03  1.426667E-02  1.433958E-02  1.413281E-02  1.315320E-02  1.315320E-02  1.315320E-02  1.315320E-02  1.315320E-02  1.416508E-03  1.416508E-03  1.416508E-03  1.416508E-03  1.416508E-03  1.416508E-03  1.416508E-03  4.622287E-03  1.378439E-02  1.432581E-02  1.380903E-02  1.316862E-02  1.316862E-02  1.316862E-02  1.316862E-02  1.316862E-02  1.419070E-03  1.419070E-03  1.419070E-03  1.419070E-03  1.419070E-03  1.419070E-03  1.419070E-03
     4.4271  4.517637E-03  1.452345E-02  1.447915E-02  1.435025E-02  1.338775E-02  1.338775E-02  1.338775E-02  1.338775E-02  1.338775E-02  1.456808E-03  1.456808E-03  1.456808E-03  1.456808E-03  1.456808E-03  1.456808E-03  1.456808E-03  4.317733E-03  1.308848E-02  1.356847E-02  1.310600E-02  1.340319E-02  1.340319E-02  1.340319E-02  1.340319E-02  1.340319E-02  1.459417E-03  1.459417E-03  1.459417E-03  1.459417E-03  1.459417E-03  1.459417E-03  1.459417E-03
     4.6683  4.672231E-03  1.501570E-02  1.483834E-02  1.479380E-02  1.362262E-02  1.362262E-02  1.362262E-02  1.362262E-02  1.362262E-02  1.497756E-03  1.497756E-03  1.497756E-03  1.497756E-03  1.497756E-03  1.497756E-03  1.497756E-03  4.080251E-03  1.256601E-02  1.299614E-02  1.257857E-02  1.363808E-02  1.363808E-02  1.363808E-02  1.363808E-02  1.363808E-02  1.500411E-03  1.500411E-03  1.500411E-03  1.500411E-03  1.500411E-03  1.500411E-03  1.500411E-03
     4.9095  4.967292E-03  1.578467E-02  1.547934E-02  1.550817E-02  1.385777E-02  1.385777E-02  1.385777E-02  1.385777E-02  1.385777E-02  1.539352E-03  1.539352E-03  1.539352E-03  1.539352E-03  1.539352E-03  1.539352E-03  1.539352E-03  3.906541E-03  1.212749E-02  1.251438E-02  1.213662E-02  1.387324E-02  1.387324E-02  1.387324E-02  1.387324E-02  1.387324E-02  1.542053E-03  1.542053E-03  1.542053E-03  1.542053E-03  1.542053E-03  1.542053E-03  1.542053E-03
     5.1508  5.419091E-03  1.690569E-02  1.651721E-02  1.657783E-02  1.409309E-02  1.409309E-02  1.409309E-02  1.409309E-02  1.409309E-02  1.581594E-03  1.581594E-03  1.581594E-03  1.581594E-03  1.581594E-03  1.581594E-03  1.581594E-03  3.795993E-03  1.173497E-02  1.208220E-02  1.174176E-02  1.410856E-02  1.410856E-02  1.410856E-02  1.410856E-02  1.410856E-02  1.584342E-03  1.584342E-03  1.584342E-03  1.584342E-03  1.584342E-03  1.584342E-03  1.584342E-03
     5.3920  6.016823E-03  1.842883E-02  1.806753E-02  1.806870E-02  1.432854E-02  1.432854E-02  1.432854E-02  1.432854E-02  1.432854E-02  1.624482E-03  1.624482E-03  1.624482E-03  1.624482E-03  1.624482E-03  1.624482E-03  1.624482E-03  3.750690E-03  1.138683E-02  1.169660E-02  1.139204E-02  1.434400E-02  1.434400E-02  1.434400E-02  1.434400E-02  1.434400E-02  1.627277E-03  1.627277E-03  1.627277E-03  1.627277E-03  1.627277E-03  1.627277E-03  1.627277E-03
     5.6332  6.691244E-03  2.018984E-02  2.005488E-02  1.985075E-02  1.456403E-02  1.456403E-02  1.456403E-02  1.456403E-02  1.456403E-02  1.668016E-03  1.668016E-03  1.668016E-03  1.668016E-03  1.668016E-03  1.668016E-03  1.668016E-03  3.775492E-03  1.109963E-02  1.137387E-02  1.110386E-02  1.457949E-02  1.457949E-02  1.457949E-02  1.457949E-02  1.457949E-02  1.670858E-03  1.670858E-03  1.670858E-03  1.670858E-03  1.670858E-03  1.670858E-03  1.670858E-03
     5.8744  7.307791E-03  2.162229E-02  2.196250E-02  2.140879E-02  1.479952E-02  1.479952E-02  1.479952E-02  1.479952E-02  1.479952E-02  1.712195E-03  1.712195E-03  1.712195E-03  1.712195E-03  1.712195E-03  1.712195E-03  1.712195E-03  3.878304E-03  1.089991E-02  1.114067E-02  1.090373E-02  1.481496E-02  1.481496E-02  1.481496E-02  1.481496E-02  1.481496E-02  1.715085E-03  1.715085E-03  1.715085E-03  1.715085E-03  1.715085E-03  1.715085E-03  1.715085E-03
     6.1156  7.732376E-03  2.196352E-02  2.292319E-02  2.197547E-02  1.503492E-02  1.503492E-02  1.503492E-02  1.503492E-02  1.503492E-02  1.757018E-03  1.757018E-03  1.757018E-03  1.757018E-03  1.757018E-03  1.757018E-03  1.757018E-03  4.070317E-03  1.082758E-02  1.103740E-02  1.083163E-02  1.505034E-02  1.505034E-02  1.505034E-02  1.505034E-02  1.505034E-02  1.759955E-03  1.759955E-03  1.759955E-03  1.759955E-03  1.759955E-03  1.759955E-03  1.759955E-03
     6.3568  7.935979E-03  2.089187E-02  2.231882E-02  2.112559E-02  1.527016E-02  1.527016E-02  1.527016E-02  1.527016E-02  1.527016E-02  1.802485E-03  1.802485E-03  1.802485E-03  1.802485E-03  1.802485E-03  1.802485E-03  1.802485E-03  4.366414E-03  1.094349E-02  1.112591E-02  1.094883E-02  1.528555E-02  1.528555E-02  1.528555E-02  1.528555E-02  1.528555E-02  1.805469E-03  1.805469E-03  1.805469E-03  1.805469E-03  1.805469E-03  1.805469E-03  1.805469E-03
     6.5980  8.015903E-03  1.889330E-02  2.040508E-02  1.924907E-02  1.550519E-02  1.550519E-02  1.550519E-02  1.550519E-02  1.550519E-02  1.848593E-03  1.848593E-03  1.848593E-03  1.848593E-03  1.848593E-03  1.848593E-03  1.848593E-03  4.785590E-03  1.133699E-02  1.149661E-02  1.134516E-02  1.552055E-02  1.552055E-02  1.552055E-02  1.552055E-02  1.552055E-02  1.851625E-03  1.851625E-03  1.851625E-03  1.851625E-03  1.851625E-03  1.851625E-03  1.851625E-03
     6.8392  8.123719E-03  1.670942E-02  1.803658E-02  1.708670E-02  1.573993E-02  1.573993E-02  1.573993E-02  1.573993E-02  1.573993E-02  1.895342E-03  1.895342E-03  1.895342E-03  1.895342E-03  1.895342E-03  1.895342E-03  1.895342E-03  5.351591E-03  1.213542E-02  1.227840E-02  1.214899E-02  1.575524E-02  1.575524E-02  1.575524E-02  1.575524E-02  1.575524E-02  1.898421E-03  1.898421E-03  1.898421E-03  1.898421E-03  1.898421E-03  1.898421E-03  1.898421E-03
     7.0804  8.399907E-03  1.478052E-02  1.585543E-02  1.512810E-02  1.597431E-02  1.597431E-02  1.597431E-02  1.597431E-02  1.597431E-02  1.942730E-03  1.942730E-03  1.942730E-03  1.942730E-03  1.942730E-03  1.942730E-03  1.942730E-03  6.093357E-03  1.351897E-02  1.365340E-02  1.354197E-02  1.598958E-02  1.598958E-02  1.598958E-02  1.598958E-02  1.598958E-02  1.945857E-03  1.945857E-03  1.945857E-03  1.945857E-03  1.945857E-03  1.945857E-03  1.945857E-03
     7.3216  8.958914E-03  1.324882E-02  1.410388E-02  1.355274E-02  1.620827E-02  1.620827E-02  1.620827E-02  1.620827E-02  1.620827E-02  1.990755E-03  1.990755E-03  1.990755E-03  1.990755E-03  1.990755E-03  1.990755E-03  1.990755E-03  7.044339E-03  1.572256E-02  1.585806E-02  1.576034E-02  1.622348E-02  1.622348E-02  1.622348E-02  1.622348E-02  1.622348E-02  1.993930E-03  1.993930E-03  1.993930E-03  1.993930E-03  1.993930E-03  1.993930E-03  1.993930E-03
     7.5628  9.906825E-03  1.211458E-02  1.280478E-02  1.237585E-02  1.644174E-02  1.644174E-02  1.644174E-02  1.644174E-02  1.644174E-02  2.039416E-03  2.039416E-03  2.039416E-03  2.039416E-03  2.039416E-03  2.039416E-03  2.039416E-03  8.241728E-03  1.893408E-02  1.907883E-02  1.898895E-02  1.645689E-02  1.645689E-02  1.645689E-02  1.645689E-02  1.645689E-02  2.042640E-03  2.042640E-03  2.042640E-03  2.042640E-03  2.042640E-03  2.042640E-03  2.042640E-03
     7.8040  1.136252E-02  1.133712E-02  1.191082E-02  1.156059E-02  1.667464E-02  1.667464E-02  1.667464E-02  1.667464E-02  1.667464E-02  2.088712E-03  2.088712E-03  2.088712E-03  2.088712E-03  2.088712E-03  2.088712E-03  2.088712E-03  9.728832E-03  2.283377E-02  2.298843E-02  2.288924E-02  1.668973E-02  1.668973E-02  1.668973E-02  1.668973E-02  1.668973E-02  2.091983E-03  2.091983E-03  2.091983E-03  2.091983E-03  2.091983E-03  2.091983E-03  2.091983E-03
     8.0452  1.346362E-02  1.087671E-02  1.137073E-02  1.106809E-02  1.690693E-02  1.690693E-02  1.690693E-02  1.690693E-02  1.690693E-02  2.138639E-03  2.138639E-03  2.138639E-03  2.138639E-03  2.138639E-03  2.138639E-03  2.138639E-03  1.156099E-02  2.572582E-02  2.588675E-02  2.572838E-02  1.692195E-02  1.692195E-02  1.692195E-02  1.692195E-02  1.692195E-02  2.141958E-03  2.141958E-03  2.141958E-03  2.141958E-03  2.141958E-03  2.141958E-03  2.141958E-03
     8.2864  1.633527E-02  1.070393E-02  1.114567E-02  1.086924E-02  1.713852E-02  1.713852E-02  1.713852E-02  1.713852E-02  1.713852E-02  2.189196E-03  2.189196E-03  2.189196E-03  2.189196E-03  2.189196E-03  2.189196E-03  2.189196E-03  1.380692E-02  2.529811E-02  2.546333E-02  2.521198E-02  1.715346E-02  1.715346E-02  1.715346E-02  1.715346E-02  1.715346E-02  2.192564E-03  2.192564E-03  2.192564E-03  2.192564E-03  2.192564E-03  2.192564E-03  2.192564E-03
     8.5276  1.998597E-02  1.079736E-02  1.120723E-02  1.094231E-02  1.736936E-02  1.736936E-02  1.736936E-02  1.736936E-02  1.736936E-02  2.240373E-03  2.240373E-03  2.240373E-03  2.240373E-03  2.240373E-03  2.240373E-03  2.240373E-03  1.653246E-02  2.204436E-02  2.219575E-02  2.191405E-02  1.738421E-02  1.738421E-02  1.738421E-02  1.738421E-02  1.738421E-02  2.243797E-03  2.243797E-03  2.243797E-03  2.243797E-03  2.243797E-03  2.243797E-03  2.243797E-03
     8.7688  2.412883E-02  1.114309E-02  1.153526E-02  1.127166E-02  1.759937E-02  1.759937E-02  1.759937E-02  1.759937E-02  1.759937E-02  2.292183E-03  2.292183E-03  2.292183E-03  2.292183E-03  2.292183E-03  2.292183E-03  2.292183E-03  1.974118E-02  1.850058E-02  1.862015E-02  1.837459E-02  1.761413E-02  1.761413E-02  1.761413E-02  1.761413E-02  1.761413E-02  2.295655E-03  2.295655E-03  2.295655E-03  2.295655E-03  2.295655E-03  2.295655E-03  2.295655E-03
     9.0101  2.808047E-02  1.173877E-02  1.212174E-02  1.185255E-02  1.782849E-02  1.782849E-02  1.782849E-02  1.782849E-02  1.782849E-02  2.344616E-03  2.344616E-03  2.344616E-03  2.344616E-03  2.344616E-03  2.344616E-03  2.344616E-03  2.323978E-02  1.598622E-02  1.607180E-02  1.587737E-02  1.784316E-02  1.784316E-02  1.784316E-02  1.784316E-02  1.784316E-02  2.348136E-03  2.348136E-03  2.348136E-03  2.348136E-03  2.348136E-03  2.348136E-03  2.348136E-03
     9.2513  3.102854E-02  1.259877E-02  1.297663E-02  1.269778E-02  1.805666E-02  1.805666E-02  1.805666E-02  1.805666E-02  1.805666E-02  2.397669E-03  2.397669E-03  2.397669E-03  2.397669E-03  2.397669E-03  2.397669E-03  2.397669E-03  2.646512E-02  1.455884E-02  1.462128E-02  1.446514E-02  1.807122E-02  1.807122E-02  1.807122E-02  1.807122E-02  1.807122E-02  2.401238E-03  2.401238E-03  2.401238E-03  2.401238E-03  2.401238E-03  2.401238E-03  2.401238E-03
     9.4925  3.256184E-02  1.374887E-02  1.412585E-02  1.383395E-02  1.828382E-02  1.828382E-02  1.828382E-02  1.828382E-02  1.828382E-02  2.451331E-03  2.451331E-03  2.451331E-03  2.451331E-03  2.451331E-03  2.451331E-03  2.451331E-03  2.851954E-02  1.391869E-02  1.397205E-02  1.383736E-02  1.829827E-02  1.829827E-02  1.829827E-02  1.829827E-02  1.829827E-02  2.454956E-03  2.454956E-03  2.454956E-03  2.454956E-03  2.454956E-03  2.454956E-03  2.454956E-03
     9.7337  3.284531E-02  1.520416E-02  1.559133E-02  1.527969E-02  1.850989E-02  1.850989E-02  1.850989E-02  1.850989E-02  1.850989E-02  2.505615E-03  2.505615E-03  2.505615E-03  2.505615E-03  2.505615E-03  2.505615E-03  2.505615E-03  2.872118E-02  1.380545E-02  1.385425E-02  1.373605E-02  1.852423E-02  1.852423E-02  1.852423E-02  1.852423E-02  1.852423E-02  2.509289E-03  2.509289E-03  2.509289E-03  2.509289E-03  2.509289E-03  2.509289E-03  2.509289E-03
     9.9749  3.229907E-02  1.695351E-02  1.736912E-02  1.702960E-02  1.873482E-02  1.873482E-02  1.873482E-02  1.873482E-02  1.873482E-02  2.560512E-03  2.560512E-03  2.560512E-03  2.560512E-03  2.560512E-03  2.560512E-03  2.560512E-03  2.729393E-02  1.410130E-02  1.413471E-02  1.404506E-02  1.874903E-02  1.874903E-02  1.874903E-02  1.874903E-02  1.874903E-02  2.564234E-03  2.564234E-03  2.564234E-03  2.564234E-03  2.564234E-03  2.564234E-03  2.564234E-03
    10.2161  3.122590E-02  1.896179E-02  1.942378E-02  1.905595E-02  1.895855E-02  1.895855E-02  1.895855E-02  1.895855E-02  1.895855E-02  2.616016E-03  2.616016E-03  2.616016E-03  2.616016E-03  2.616016E-03  2.616016E-03  2.616016E-03  2.523734E-02  1.479285E-02  1.479787E-02  1.475236E-02  1.897263E-02  1.897263E-02  1.897263E-02  1.897263E-02  1.897263E-02  2.619778E-03  2.619778E-03  2.619778E-03  2.619778E-03  2.619778E-03  2.619778E-03  2.619778E-03
    10.4573  2.965700E-02  2.114031E-02  2.165317E-02  2.127138E-02  1.918100E-02  1.918100E-02  1.918100E-02  1.918100E-02  1.918100E-02  2.672125E-03  2.672125E-03  2.672125E-03  2.672125E-03  2.672125E-03  2.672125E-03  2.672125E-03  2.351191E-02  1.580652E-02  1.579374E-02  1.578484E-02  1.919496E-02  1.919496E-02  1.919496E-02  1.919496E-02  1.919496E-02  2.675936E-03  2.675936E-03  2.675936E-03  2.675936E-03  2.675936E-03  2.675936E-03  2.675936E-03
    10.6985  2.748924E-02  2.329026E-02  2.383124E-02  2.345979E-02  1.940213E-02  1.940213E-02  1.940213E-02  1.940213E-02  1.940213E-02  2.728837E-03  2.728837E-03  2.728837E-03  2.728837E-03  2.728837E-03  2.728837E-03  2.728837E-03  2.254949E-02  1.692352E-02  1.692165E-02  1.691995E-02  1.941595E-02  1.941595E-02  1.941595E-02  1.941595E-02  1.941595E-02  2.732695E-03  2.732695E-03  2.732695E-03  2.732695E-03  2.732695E-03  2.732695E-03  2.732695E-03
    10.9397  2.477854E-02  2.509561E-02  2.562011E-02  2.527578E-02  1.962188E-02  1.962188E-02  1.962188E-02  1.962188E-02  1.962188E-02  2.786146E-03  2.786146E-03  2.786146E-03  2.786146E-03  2.786146E-03  2.786146E-03  2.786146E-03  2.226256E-02  1.805282E-02  1.807040E-02  1.806147E-02  1.963554E-02  1.963554E-02  1.963554E-02  1.963554E-02  1.963554E-02  2.790053E-03  2.790053E-03  2.790053E-03  2.790053E-03  2.790053E-03  2.790053E-03  2.790053E-03
    11.1809  2.184701E-02  2.622349E-02  2.669612E-02  2.637149E-02  1.984017E-02  1.984017E-02  1.984017E-02  1.984017E-02  1.984017E-02  2.844050E-03  2.844050E-03  2.844050E-03  2.844050E-03  2.844050E-03  2.844050E-03  2.844050E-03  2.216786E-02  1.940817E-02  1.942823E-02  1.942233E-02  1.985369E-02  1.985369E-02  1.985369E-02  1.985369E-02  1.985369E-02  2.848005E-03  2.848005E-03  2.848005E-03  2.848005E-03  2.848005E-03  2.848005E-03  2.848005E-03
    11.4221  1.908423E-02  2.650373E-02  2.692565E-02  2.658899E-02  2.005696E-02  2.005696E-02  2.005696E-02  2.005696E-02  2.005696E-02  2.902545E-03  2.902545E-03  2.902545E-03  2.902545E-03  2.902545E-03  2.902545E-03  2.902545E-03  2.161168E-02  2.127834E-02  2.126612E-02  2.129151E-02  2.007032E-02  2.007032E-02  2.007032E-02  2.007032E-02  2.007032E-02  2.906548E-03  2.906548E-03  2.906548E-03  2.906548E-03  2.906548E-03  2.906548E-03  2.906548E-03
    11.6633  1.672660E-02  2.604915E-02  2.645114E-02  2.606682E-02  2.027218E-02  2.027218E-02  2.027218E-02  2.027218E-02  2.027218E-02  2.961626E-03  2.961626E-03  2.961626E-03  2.961626E-03  2.961626E-03  2.961626E-03  2.961626E-03  2.023493E-02  2.378912E-02  2.369762E-02  2.379310E-02  2.028538E-02  2.028538E-02  2.028538E-02  2.028538E-02  2.028538E-02  2.965667E-03  2.965667E-03  2.965667E-03  2.965667E-03  2.965667E-03  2.965667E-03  2.965667E-03
    11.9045  1.482339E-02  2.517738E-02  2.558898E-02  2.513907E-02  2.048579E-02  2.048579E-02  2.048579E-02  2.048579E-02  2.048579E-02  3.021291E-03  3.021291E-03  3.021291E-03  3.021291E-03  3.021291E-03  3.021291E-03  3.021291E-03  1.825921E-02  2.663626E-02  2.644883E-02  2.662239E-02  2.049881E-02  2.049881E-02  2.049881E-02  2.049881E-02  2.049881E-02  3.025379E-03  3.025379E-03  3.025379E-03  3.025379E-03  3.025379E-03  3.025379E-03  3.025379E-03
    12.1457  1.331789E-02  2.419129E-02  2.461672E-02  2.410789E-02  2.069771E-02  2.069771E-02  2.069771E-02  2.069771E-02  2.069771E-02  3.081535E-03  3.081535E-03  3.081535E-03  3.081535E-03  3.081535E-03  3.081535E-03  3.081535E-03  1.617165E-02  2.871284E-02  2.852071E-02  2.868077E-02  2.071057E-02  2.071057E-02  2.071057E-02  2.071057E-02  2.071057E-02  3.085671E-03  3.085671E-03  3.085671E-03  3.085671E-03  3.085671E-03  3.085671E-03  3.085671E-03
    12.3869  1.212582E-02  2.322877E-02  2.364396E-02  2.310405E-02  2.090791E-02  2.090791E-02  2.090791E-02  2.090791E-02  2.090791E-02  3.142353E-03  3.142353E-03  3.142353E-03  3.142353E-03  3.142353E-03  3.142353E-03  3.142353E-03  1.429922E-02  2.870741E-02  2.867416E-02  2.867296E-02  2.092059E-02  2.092059E-02  2.092059E-02  2.092059E-02  2.092059E-02  3.146537E-03  3.146537E-03  3.146537E-03  3.146537E-03  3.146537E-03  3.146537E-03  3.146537E-03
    12.6281  1.117392E-02  2.227764E-02  2.264230E-02  2.211386E-02  2.111632E-02  2.111632E-02  2.111632E-02  2.111632E-02  2.111632E-02  3.203742E-03  3.203742E-03  3.203742E-03  3.203742E-03  3.203742E-03  3.203742E-03  3.203742E-03  1.272584E-02  2.680762E-02  2.698275E-02  2.678369E-02  2.112881E-02  2.112881E-02  2.112881E-02  2.112881E-02  2.112881E-02  3.207973E-03  3.207973E-03  3.207973E-03  3.207973E-03  3.207973E-03  3.207973E-03  3.207973E-03
    12.8693  1.040948E-02  2.127240E-02  2.154694E-02  2.107720E-02  2.132289E-02  2.132289E-02  2.132289E-02  2.132289E-02  2.132289E-02  3.265697E-03  3.265697E-03  3.265697E-03  3.265697E-03  3.265697E-03  3.265697E-03  3.265697E-03  1.140646E-02  2.427265E-02  2.458691E-02  2.425761E-02  2.133519E-02  2.133519E-02  2.133519E-02  2.133519E-02  2.133519E-02  3.269975E-03  3.269975E-03  3.269975E-03  3.269975E-03  3.269975E-03  3.269975E-03  3.269975E-03
    13.1106  9.797973E-03  2.017721E-02  2.033653E-02  1.996405E-02  2.152757E-02  2.152757E-02  2.152757E-02  2.152757E-02  2.152757E-02  3.328214E-03  3.328214E-03  3.328214E-03  3.328214E-03  3.328214E-03  3.328214E-03  3.328214E-03  1.027057E-02  2.192862E-02  2.230785E-02  2.191717E-02  2.153968E-02  2.153968E-02  2.153968E-02  2.153968E-02  2.153968E-02  3.332538E-03  3.332538E-03  3.332538E-03  3.332538E-03  3.332538E-03  3.332538E-03  3.332538E-03
    13.3518  9.318074E-03  1.901700E-02  1.905644E-02  1.880011E-02  2.173031E-02  2.173031E-02  2.173031E-02  2.173031E-02  2.173031E-02  3.391287E-03  3.391287E-03  3.391287E-03  3.391287E-03  3.391287E-03  3.391287E-03  3.391287E-03  9.269816E-03  1.999439E-02  2.039653E-02  1.998406E-02  2.174222E-02  2.174222E-02  2.174222E-02  2.174222E-02  2.174222E-02  3.395659E-03  3.395659E-03  3.395659E-03  3.395659E-03  3.395659E-03  3.395659E-03  3.395659E-03
    13.5930  8.957211E-03  1.786038E-02  1.779289E-02  1.765037E-02  2.193105E-02  2.193105E-02  2.193105E-02  2.193105E-02  2.193105E-02  3.454912E-03  3.454912E-03  3.454912E-03  3.454912E-03  3.454912E-03  3.454912E-03  3.454912E-03  8.383659E-03  1.842093E-02  1.882686E-02  1.841196E-02  2.194276E-02  2.194276E-02  2.194276E-02  2.194276E-02  2.194276E-02  3.459331E-03  3.459331E-03  3.459331E-03  3.459331E-03  3.459331E-03  3.459331E-03  3.459331E-03
    13.8342  8.708312E-03  1.678202E-02  1.663026E-02  1.658508E-02  2.212975E-02  2.212975E-02  2.212975E-02  2.212975E-02  2.212975E-02  3.519085E-03  3.519085E-03  3.519085E-03  3.519085E-03  3.519085E-03  3.519085E-03  3.519085E-03  7.607506E-03  1.710584E-02  1.750669E-02  1.709955E-02  2.214125E-02  2.214125E-02  2.214125E-02  2.214125E-02  2.214125E-02  3.523550E-03  3.523550E-03  3.523550E-03  3.523550E-03  3.523550E-03  3.523550E-03  3.523550E-03
    14.0754  8.566893E-03  1.583361E-02  1.562210E-02  1.565291E-02  2.232637E-02  2.232637E-02  2.232637E-02  2.232637E-02  2.232637E-02  3.583800E-03  3.583800E-03  3.583800E-03  3.583800E-03  3.583800E-03  3.583800E-03  3.583800E-03  6.939929E-03  1.597064E-02  1.636059E-02  1.596814E-02  2.233765E-02  2.233765E-02  2.233765E-02  2.233765E-02  2.233765E-02  3.588312E-03  3.588312E-03  3.588312E-03  3.588312E-03  3.588312E-03  3.588312E-03  3.588312E-03
    14.3166  8.528595E-03  1.503660E-02  1.478701E-02  1.487393E-02  2.252085E-02  2.252085E-02  2.252085E-02  2.252085E-02  2.252085E-02  3.649052E-03  3.649052E-03  3.649052E-03  3.649052E-03  3.649052E-03  3.649052E-03  3.649052E-03  6.377346E-03  1.497213E-02  1.534595E-02  1.497368E-02  2.253192E-02  2.253192E-02  2.253192E-02  2.253192E-02  2.253192E-02  3.653610E-03  3.653610E-03  3.653610E-03  3.653610E-03  3.653610E-03  3.653610E-03  3.653610E-03
    14.5578  8.587485E-03  1.439001E-02  1.411907E-02  1.424661E-02  2.271315E-02  2.271315E-02  2.271315E-02  2.271315E-02  2.271315E-02  3.714837E-03  3.714837E-03  3.714837E-03  3.714837E-03  3.714837E-03  3.714837E-03  3.714837E-03  5.913421E-03  1.409089E-02  1.444401E-02  1.409594E-02  2.272399E-02  2.272399E-02  2.272399E-02  2.272399E-02  2.272399E-02  3.719440E-03  3.719440E-03  3.719440E-03  3.719440E-03  3.719440E-03  3.719440E-03  3.719440E-03
    14.7990  8.735287E-03  1.388116E-02  1.360068E-02  1.375832E-02  2.290322E-02  2.290322E-02  2.290322E-02  2.290322E-02  2.290322E-02  3.781148E-03  3.781148E-03  3.781148E-03  3.781148E-03  3.781148E-03  3.781148E-03  3.781148E-03  5.540039E-03  1.331612E-02  1.364543E-02  1.332358E-02  2.291384E-02  2.291384E-02  2.291384E-02  2.291384E-02  2.291384E-02  3.785797E-03  3.785797E-03  3.785797E-03  3.785797E-03  3.785797E-03  3.785797E-03  3.785797E-03
    15.0402  8.961162E-03  1.349392E-02  1.321141E-02  1.339323E-02  2.309102E-02  2.309102E-02  2.309102E-02  2.309102E-02  2.309102E-02  3.847981E-03  3.847981E-03  3.847981E-03  3.847981E-03  3.847981E-03  3.847981E-03  3.847981E-03  5.248171E-03  1.263676E-02  1.294098E-02  1.264543E-02  2.310141E-02  2.310141E-02  2.310141E-02  2.310141E-02  2.310141E-02  3.852676E-03  3.852676E-03  3.852676E-03  3.852676E-03  3.852676E-03  3.852676E-03  3.852676E-03
    15.2814  9.251396E-03  1.321287E-02  1.293249E-02  1.313639E-02  2.327651E-02  2.327651E-02  2.327651E-02  2.327651E-02  2.327651E-02  3.915330E-03  3.915330E-03  3.915330E-03  3.915330E-03  3.915330E-03  3.915330E-03  3.915330E-03  5.028356E-03  1.203907E-02  1.231857E-02  1.204782E-02  2.328666E-02  2.328666E-02  2.328666E-02  2.328666E-02  2.328666E-02  3.920070E-03  3.920070E-03  3.920070E-03  3.920070E-03  3.920070E-03  3.920070E-03  3.920070E-03
    15.5226  9.587881E-03  1.302544E-02  1.274868E-02  1.297557E-02  2.345965E-02  2.345965E-02  2.345965E-02  2.345965E-02  2.345965E-02  3.983189E-03  3.983189E-03  3.983189E-03  3.983189E-03  3.983189E-03  3.983189E-03  3.983189E-03  4.871438E-03  1.150885E-02  1.176522E-02  1.151673E-02  2.346956E-02  2.346956E-02  2.346956E-02  2.346956E-02  2.346956E-02  3.987974E-03  3.987974E-03  3.987974E-03  3.987974E-03  3.987974E-03  3.987974E-03  3.987974E-03
    15.7638  9.946574E-03  1.292312E-02  1.264917E-02  1.290207E-02  2.364040E-02  2.364040E-02  2.364040E-02  2.364040E-02  2.364040E-02  4.051553E-03  4.051553E-03  4.051553E-03  4.051553E-03  4.051553E-03  4.051553E-03  4.051553E-03  4.769685E-03  1.103429E-02  1.126981E-02  1.104063E-02  2.365007E-02  2.365007E-02  2.365007E-02  2.365007E-02  2.365007E-02  4.056383E-03  4.056383E-03  4.056383E-03  4.056383E-03  4.056383E-03  4.056383E-03  4.056383E-03
    16.0050  1.029795E-02  1.290051E-02  1.262717E-02  1.290973E-02  2.381871E-02  2.381871E-02  2.381871E-02  2.381871E-02  2.381871E-02  4.120416E-03  4.120416E-03  4.120416E-03  4.120416E-03  4.120416E-03  4.120416E-03  4.120416E-03  4.718064E-03  1.060816E-02  1.082542E-02  1.061258E-02  2.382814E-02  2.382814E-02  2.382814E-02  2.382814E-02  2.382814E-02  4.125291E-03  4.125291E-03  4.125291E-03  4.125291E-03  4.125291E-03  4.125291E-03  4.125291E-03
    16.2462  1.061085E-02  1.295235E-02  1.267747E-02  1.299166E-02  2.399456E-02  2.399456E-02  2.399456E-02  2.399456E-02  2.399456E-02  4.189773E-03  4.189773E-03  4.189773E-03  4.189773E-03  4.189773E-03  4.189773E-03  4.189773E-03  4.715069E-03  1.022827E-02  1.042986E-02  1.023073E-02  2.400375E-02  2.400375E-02  2.400375E-02  2.400375E-02  2.400375E-02  4.194692E-03  4.194692E-03  4.194692E-03  4.194692E-03  4.194692E-03  4.194692E-03  4.194692E-03
    16.4874  1.085931E-02  1.306802E-02  1.279172E-02  1.313509E-02  2.416791E-02  2.416791E-02  2.416791E-02  2.416791E-02  2.416791E-02  4.259617E-03  4.259617E-03  4.259617E-03  4.259617E-03  4.259617E-03  4.259617E-03  4.259617E-03  4.762682E-03  9.895592E-03  1.008378E-02  9.896197E-03  2.417684E-02  2.417684E-02  2.417684E-02  2.417684E-02  2.417684E-02  4.264580E-03  4.264580E-03  4.264580E-03  4.264580E-03  4.264580E-03  4.264580E-03  4.264580E-03
    16.7286  1.102956E-02  1.322730E-02  1.295331E-02  1.331755E-02  2.433872E-02  2.433872E-02  2.433872E-02  2.433872E-02  2.433872E-02  4.329942E-03  4.329942E-03  4.329942E-03  4.329942E-03  4.329942E-03  4.329942E-03  4.329942E-03  4.865539E-03  9.611154E-03  9.787672E-03  9.610167E-03  2.434740E-02  2.434740E-02  2.434740E-02  2.434740E-02  2.434740E-02  4.334950E-03  4.334950E-03  4.334950E-03  4.334950E-03  4.334950E-03  4.334950E-03  4.334950E-03
    16.9698  1.112441E-02  1.340192E-02  1.313660E-02  1.350965E-02  2.450696E-02  2.450696E-02  2.450696E-02  2.450696E-02  2.450696E-02  4.400743E-03  4.400743E-03  4.400743E-03  4.400743E-03  4.400743E-03  4.400743E-03  4.400743E-03  5.030029E-03  9.373342E-03  9.539076E-03  9.371029E-03  2.451538E-02  2.451538E-02  2.451538E-02  2.451538E-02  2.451538E-02  4.405794E-03  4.405794E-03  4.405794E-03  4.405794E-03  4.405794E-03  4.405794E-03  4.405794E-03
    17.2111  1.116328E-02  1.356326E-02  1.331256E-02  1.368332E-02  2.467260E-02  2.467260E-02  2.467260E-02  2.467260E-02  2.467260E-02  4.472013E-03  4.472013E-03  4.472013E-03  4.472013E-03  4.472013E-03  4.472013E-03  4.472013E-03  5.263114E-03  9.176925E-03  9.331670E-03  9.173567E-03  2.468075E-02  2.468075E-02  2.468075E-02  2.468075E-02  2.468075E-02  4.477106E-03  4.477106E-03  4.477106E-03  4.477106E-03  4.477106E-03  4.477106E-03  4.477106E-03
    17.4523  1.117969E-02  1.368786E-02  1.345573E-02  1.381771E-02  2.483560E-02  2.483560E-02  2.483560E-02  2.483560E-02  2.483560E-02  4.543745E-03  4.543745E-03  4.543745E-03  4.543745E-03  4.543745E-03  4.543745E-03  4.543745E-03  5.571756E-03  9.014593E-03  9.156888E-03  9.010513E-03  2.484349E-02  2.484349E-02  2.484349E-02  2.484349E-02  2.484349E-02  4.548882E-03  4.548882E-03  4.548882E-03  4.548882E-03  4.548882E-03  4.548882E-03  4.548882E-03
    17.6935  1.121822E-02  1.375556E-02  1.354535E-02  1.389647E-02  2.499594E-02  2.499594E-02  2.499594E-02  2.499594E-02  2.499594E-02  4.615935E-03  4.615935E-03  4.615935E-03  4.615935E-03  4.615935E-03  4.615935E-03  4.615935E-03  5.962319E-03  8.879158E-03  9.006485E-03  8.874754E-03  2.500357E-02  2.500357E-02  2.500357E-02  2.500357E-02  2.500357E-02  4.621112E-03  4.621112E-03  4.621112E-03  4.621112E-03  4.621112E-03  4.621112E-03  4.621112E-03
    17.9347  1.133390E-02  1.374575E-02  1.356200E-02  1.390196E-02  2.515359E-02  2.515359E-02  2.515359E-02  2.515359E-02  2.515359E-02  4.688574E-03  4.688574E-03  4.688574E-03  4.688574E-03  4.688574E-03  4.688574E-03  4.688574E-03  6.440204E-03  8.765755E-03  8.875070E-03  8.761483E-03  2.516095E-02  2.516095E-02  2.516095E-02  2.516095E-02  2.516095E-02  4.693793E-03  4.693793E-03  4.693793E-03  4.693793E-03  4.693793E-03  4.693793E-03  4.693793E-03
    18.1759  1.159785E-02  1.364113E-02  1.348802E-02  1.381681E-02  2.530852E-02  2.530852E-02  2.530852E-02  2.530852E-02  2.530852E-02  4.761656E-03  4.761656E-03  4.761656E-03  4.761656E-03  4.761656E-03  4.761656E-03  4.761656E-03  7.009740E-03  8.673112E-03  8.761614E-03  8.669423E-03  2.531561E-02  2.531561E-02  2.531561E-02  2.531561E-02  2.531561E-02  4.766918E-03  4.766918E-03  4.766918E-03  4.766918E-03  4.766918E-03  4.766918E-03  4.766918E-03
    18.4171  1.211443E-02  1.344121E-02  1.331769E-02  1.363559E-02  2.546070E-02  2.546070E-02  2.546070E-02  2.546070E-02  2.546070E-02  4.835176E-03  4.835176E-03  4.835176E-03  4.835176E-03  4.835176E-03  4.835176E-03  4.835176E-03  7.674631E-03  8.605508E-03  8.671211E-03  8.602824E-03  2.546752E-02  2.546752E-02  2.546752E-02  2.546752E-02  2.546752E-02  4.840478E-03  4.840478E-03  4.840478E-03  4.840478E-03  4.840478E-03  4.840478E-03  4.840478E-03
    18.6583  1.306295E-02  1.317807E-02  1.307345E-02  1.338133E-02  2.561012E-02  2.561012E-02  2.561012E-02  2.561012E-02  2.561012E-02  4.909126E-03  4.909126E-03  4.909126E-03  4.909126E-03  4.909126E-03  4.909126E-03  4.909126E-03  8.438889E-03  8.575878E-03  8.617664E-03  8.574546E-03  2.561667E-02  2.561667E-02  2.561667E-02  2.561667E-02  2.561667E-02  4.914469E-03  4.914469E-03  4.914469E-03  4.914469E-03  4.914469E-03  4.914469E-03  4.914469E-03
    18.8995  1.479692E-02  1.293280E-02  1.282561E-02  1.312433E-02  2.575675E-02  2.575675E-02  2.575675E-02  2.575675E-02  2.575675E-02  4.983499E-03  4.983499E-03  4.983499E-03  4.983499E-03  4.983499E-03  4.983499E-03  4.983499E-03  9.308242E-03  8.606878E-03  8.624082E-03  8.607341E-03  2.576303E-02  2.576303E-02  2.576303E-02  2.576303E-02  2.576303E-02  4.988883E-03  4.988883E-03  4.988883E-03  4.988883E-03  4.988883E-03  4.988883E-03  4.988883E-03
    19.1407  1.809858E-02  1.286147E-02  1.271778E-02  1.300941E-02  2.590057E-02  2.590057E-02  2.590057E-02  2.590057E-02  2.590057E-02  5.058289E-03  5.058289E-03  5.058289E-03  5.058289E-03  5.058289E-03  5.058289E-03  5.058289E-03  1.029110E-02  8.726666E-03  8.718291E-03  8.729541E-03  2.590657E-02  2.590657E-02  2.590657E-02  2.590657E-02  2.590657E-02  5.063713E-03  5.063713E-03  5.063713E-03  5.063713E-03  5.063713E-03  5.063713E-03  5.063713E-03
    19.3819  2.483984E-02  1.325620E-02  1.301637E-02  1.331174E-02  2.604156E-02  2.604156E-02  2.604156E-02  2.604156E-02  2.604156E-02  5.133489E-03  5.133489E-03  5.133489E-03  5.133489E-03  5.133489E-03  5.133489E-03  5.133489E-03  1.139628E-02  8.960080E-03  8.924007E-03  8.966255E-03  2.604728E-02  2.604728E-02  2.604728E-02  2.604728E-02  2.604728E-02  5.138952E-03  5.138952E-03  5.138952E-03  5.138952E-03  5.138952E-03  5.138952E-03  5.138952E-03
    19.6231  3.911704E-02  1.468703E-02  1.423281E-02  1.456229E-02  2.617970E-02  2.617970E-02  2.617970E-02  2.617970E-02  2.617970E-02  5.209091E-03  5.209091E-03  5.209091E-03  5.209091E-03  5.209091E-03  5.209091E-03  5.209091E-03  1.262530E-02  9.319054E-03  9.251238E-03  9.329473E-03  2.618515E-02  2.618515E-02  2.618515E-02  2.618515E-02  2.618515E-02  5.214594E-03  5.214594E-03  5.214594E-03  5.214594E-03  5.214594E-03  5.214594E-03  5.214594E-03
    19.8643  6.124544E-02  1.822882E-02  1.741076E-02  1.781117E-02  2.631497E-02  2.631497E-02  2.631497E-02  2.631497E-02  2.631497E-02  5.285089E-03  5.285089E-03  5.285089E-03  5.285089E-03  5.285089E-03  5.285089E-03  5.285089E-03  1.395414E-02  9.795318E-03  9.689620E-03  9.810682E-03  2.632013E-02  2.632013E-02  2.632013E-02  2.632013E-02  2.632013E-02  5.290631E-03  5.290631E-03  5.290631E-03  5.290631E-03  5.290631E-03  5.290631E-03  5.290631E-03
    20.1055  6.454182E-02  2.570864E-02  2.445886E-02  2.505253E-02  2.644736E-02  2.644736E-02  2.644736E-02  2.644736E-02  2.644736E-02  5.361476E-03  5.361476E-03  5.361476E-03  5.361476E-03  5.361476E-03  5.361476E-03  5.361476E-03  1.530525E-02  1.035747E-02  1.020598E-02  1.037761E-02  2.645224E-02  2.645224E-02  2.645224E-02  2.645224E-02  2.645224E-02  5.367056E-03  5.367056E-03  5.367056E-03  5.367056E-03  5.367056E-03  5.367056E-03  5.367056E-03
    20.3467  5.584912E-02  3.875796E-02  3.781252E-02  3.748878E-02  2.657685E-02  2.657685E-02  2.657685E-02  2.657685E-02  2.657685E-02  5.438245E-03  5.438245E-03  5.438245E-03  5.438245E-03  5.438245E-03  5.438245E-03  5.438245E-03  1.652442E-02  1.095375E-02  1.074856E-02  1.097714E-02  2.658145E-02  2.658145E-02  2.658145E-02  2.658145E-02  2.658145E-02  5.443862E-03  5.443862E-03  5.443862E-03  5.443862E-03  5.443862E-03  5.443862E-03  5.443862E-03
    20.5879  5.542462E-02  5.509823E-02  5.329592E-02  5.363844E-02  2.670343E-02  2.670343E-02  2.670343E-02  2.670343E-02  2.670343E-02  5.515387E-03  5.515387E-03  5.515387E-03  5.515387E-03  5.515387E-03  5.515387E-03  5.515387E-03  1.740601E-02  1.152268E-02  1.125848E-02  1.154603E-02  2.670775E-02  2.670775E-02  2.670775E-02  2.670775E-02  2.670775E-02  5.521042E-03  5.521042E-03  5.521042E-03  5.521042E-03  5.521042E-03  5.521042E-03  5.521042E-03
    20.8291  4.586101E-02  6.353318E-02  5.810596E-02  6.522322E-02  2.682709E-02  2.682709E-02  2.682709E-02  2.682709E-02  2.682709E-02  5.592896E-03  5.592896E-03  5.592896E-03  5.592896E-03  5.592896E-03  5.592896E-03  5.592896E-03  1.780364E-02  1.200890E-02  1.168572E-02  1.202760E-02  2.683112E-02  2.683112E-02  2.683112E-02  2.683112E-02  2.683112E-02  5.598588E-03  5.598588E-03  5.598588E-03  5.598588E-03  5.598588E-03  5.598588E-03  5.598588E-03
    21.0704  2.898051E-02  4.341316E-02  4.817518E-02  4.527896E-02  2.694781E-02  2.694781E-02  2.694781E-02  2.694781E-02  2.694781E-02  5.670765E-03  5.670765E-03  5.670765E-03  5.670765E-03  5.670765E-03  5.670765E-03  5.670765E-03  1.777633E-02  1.237835E-02  1.200319E-02  1.238746E-02  2.695156E-02  2.695156E-02  2.695156E-02  2.695156E-02  2.695156E-02  5.676493E-03  5.676493E-03  5.676493E-03  5.676493E-03  5.676493E-03  5.676493E-03  5.676493E-03
    21.3116  1.825876E-02  2.711119E-02  3.008622E-02  2.800108E-02  2.706559E-02  2.706559E-02  2.706559E-02  2.706559E-02  2.706559E-02  5.748986E-03  5.748986E-03  5.748986E-03  5.748986E-03  5.748986E-03  5.748986E-03  5.748986E-03  1.766297E-02  1.262836E-02  1.221524E-02  1.262414E-02  2.706906E-02  2.706906E-02  2.706906E-02  2.706906E-02  2.706906E-02  5.754750E-03  5.754750E-03  5.754750E-03  5.754750E-03  5.754750E-03  5.754750E-03  5.754750E-03
    21.5528  1.310613E-02  2.004279E-02  2.119254E-02  2.051260E-02  2.718042E-02  2.718042E-02  2.718042E-02  2.718042E-02  2.718042E-02  5.827557E-03  5.827557E-03  5.827557E-03  5.827557E-03  5.827557E-03  5.827557E-03  5.827557E-03  1.813011E-02  1.279431E-02  1.236191E-02  1.277612E-02  2.718360E-02  2.718360E-02  2.718360E-02  2.718360E-02  2.718360E-02  5.833351E-03  5.833351E-03  5.833351E-03  5.833351E-03  5.833351E-03  5.833351E-03  5.833351E-03
    21.7940  1.036367E-02  1.670508E-02  1.710473E-02  1.698714E-02  2.729228E-02  2.729228E-02  2.729228E-02  2.729228E-02  2.729228E-02  5.906460E-03  5.906460E-03  5.906460E-03  5.906460E-03  5.906460E-03  5.906460E-03  5.906460E-03  2.060957E-02  1.295783E-02  1.252205E-02  1.292908E-02  2.729519E-02  2.729519E-02  2.729519E-02  2.729519E-02  2.729519E-02  5.912288E-03  5.912288E-03  5.912288E-03  5.912288E-03  5.912288E-03  5.912288E-03  5.912288E-03
    22.0352  8.710332E-03  1.492023E-02  1.499147E-02  1.510207E-02  2.740119E-02  2.740119E-02  2.740119E-02  2.740119E-02  2.740119E-02  5.985692E-03  5.985692E-03  5.985692E-03  5.985692E-03  5.985692E-03  5.985692E-03  5.985692E-03  2.962858E-02  1.327529E-02  1.282272E-02  1.324160E-02  2.740381E-02  2.740381E-02  2.740381E-02  2.740381E-02  2.740381E-02  5.991554E-03  5.991554E-03  5.991554E-03  5.991554E-03  5.991554E-03  5.991554E-03  5.991554E-03
    22.2764  7.608213E-03  1.387520E-02  1.378968E-02  1.399472E-02  2.750713E-02  2.750713E-02  2.750713E-02  2.750713E-02  2.750713E-02  6.065245E-03  6.065245E-03  6.065245E-03  6.065245E-03  6.065245E-03  6.065245E-03  6.065245E-03  6.244066E-02  1.410412E-02  1.348549E-02  1.405970E-02  2.750947E-02  2.750947E-02  2.750947E-02  2.750947E-02  2.750947E-02  6.071141E-03  6.071141E-03  6.071141E-03  6.071141E-03  6.071141E-03  6.071141E-03  6.071141E-03
    22.5176  6.812625E-03  1.322612E-02  1.306480E-02  1.330167E-02  2.761010E-02  2.761010E-02  2.761010E-02  2.761010E-02  2.761010E-02  6.145113E-03  6.145113E-03  6.145113E-03  6.145113E-03  6.145113E-03  6.145113E-03  6.145113E-03  9.697204E-02  1.591508E-02  1.501586E-02  1.581689E-02  2.761216E-02  2.761216E-02  2.761216E-02  2.761216E-02  2.761216E-02  6.151042E-03  6.151042E-03  6.151042E-03  6.151042E-03  6.151042E-03  6.151042E-03  6.151042E-03
    22.7588  6.201542E-03  1.281241E-02  1.262013E-02  1.285370E-02  2.771009E-02  2.771009E-02  2.771009E-02  2.771009E-02  2.771009E-02  6.225286E-03  6.225286E-03  6.225286E-03  6.225286E-03  6.225286E-03  6.225286E-03  6.225286E-03  5.538890E-02  1.970851E-02  1.887291E-02  1.961512E-02  2.771187E-02  2.771187E-02  2.771187E-02  2.771187E-02  2.771187E-02  6.231248E-03  6.231248E-03  6.231248E-03  6.231248E-03  6.231248E-03  6.231248E-03  6.231248E-03
    23.0000  5.711178E-03  1.255571E-02  1.236132E-02  1.256856E-02  2.780711E-02  2.780711E-02  2.780711E-02  2.780711E-02  2.780711E-02  6.305759E-03  6.305759E-03  6.305759E-03  6.305759E-03  6.305759E-03  6.305759E-03  6.305759E-03  3.754077E-02  2.973550E-02  2.870308E-02  2.963510E-02  2.780861E-02  2.780861E-02  2.780861E-02  2.780861E-02  2.780861E-02  6.311758E-03  6.311758E-03  6.311758E-03  6.311758E-03  6.311758E-03  6.311758E-03  6.311758E-03
