   -25.0000  1.016676E-03  4.257926E-03  4.257926E-03  4.257926E-03  1.272883E-04  1.272883E-04  1.272883E-04  1.272883E-04  1.272883E-04  6.054471E-05  6.054471E-05  6.054471E-05  6.054471E-05  6.054471E-05  6.054471E-05  6.054471E-05  1.015765E-03  4.264740E-03  4.264740E-03  4.264740E-03  1.273762E-04  1.273762E-04  1.273762E-04  1.273762E-04  1.273762E-04  6.056926E-05  6.056926E-05  6.056926E-05  6.056926E-05  6.056926E-05  6.056926E-05  6.056926E-05
   -24.7588  9.617187E-04  4.608705E-03  4.608705E-03  4.608705E-03  1.288922E-04  1.288922E-04  1.288922E-04  1.288922E-04  1.288922E-04  6.094407E-05  6.094407E-05  6.094407E-05  6.094407E-05  6.094407E-05  6.094407E-05  6.094407E-05  9.609063E-04  4.616464E-03  4.616464E-03  4.616464E-03  1.289828E-04  1.289828E-04  1.289828E-04  1.289828E-04  1.289828E-04  6.096899E-05  6.096899E-05  6.096899E-05  6.096899E-05  6.096899E-05  6.096899E-05  6.096899E-05
   -24.5176  9.118239E-04  5.006115E-03  5.006115E-03  5.006115E-03  1.305430E-04  1.305430E-04  1.305430E-04  1.305430E-04  1.305430E-04  6.134966E-05  6.134966E-05  6.134966E-05  6.134966E-05  6.134966E-05  6.134966E-05  6.134966E-05  9.111020E-04  5.015000E-03  5.015000E-03  5.015000E-03  1.306364E-04  1.306364E-04  1.306364E-04  1.306364E-04  1.306364E-04  6.137504E-05  6.137504E-05  6.137504E-05  6.137504E-05  6.137504E-05  6.137504E-05  6.137504E-05
   -24.2764  8.664681E-04  5.458913E-03  5.458913E-03  5.458913E-03  1.322434E-04  1.322434E-04  1.322434E-04  1.322434E-04  1.322434E-04  6.176179E-05  6.176179E-05  6.176179E-05  6.176179E-05  6.176179E-05  6.176179E-05  6.176179E-05  8.658296E-04  5.469153E-03  5.469153E-03  5.469153E-03  1.323398E-04  1.323398E-04  1.323398E-04  1.323398E-04  1.323398E-04  6.178755E-05  6.178755E-05  6.178755E-05  6.178755E-05  6.178755E-05  6.178755E-05  6.178755E-05
   -24.0352  8.252062E-04  5.978030E-03  5.978030E-03  5.978030E-03  1.339963E-04  1.339963E-04  1.339963E-04  1.339963E-04  1.339963E-04  6.218057E-05  6.218057E-05  6.218057E-05  6.218057E-05  6.218057E-05  6.218057E-05  6.218057E-05  8.246456E-04  5.989912E-03  5.989912E-03  5.989912E-03  1.340959E-04  1.340959E-04  1.340959E-04  1.340959E-04  1.340959E-04  6.220602E-05  6.220602E-05  6.220602E-05  6.220602E-05  6.220602E-05  6.220602E-05  6.220602E-05
   -23.7940  7.876615E-04  6.577257E-03  6.577257E-03  6.577257E-03  1.358050E-04  1.358050E-04  1.358050E-04  1.358050E-04  1.358050E-04  6.260622E-05  6.260622E-05  6.260622E-05  6.260622E-05  6.260622E-05  6.260622E-05  6.260622E-05  7.871745E-04  6.591149E-03  6.591149E-03  6.591149E-03  1.359080E-04  1.359080E-04  1.359080E-04  1.359080E-04  1.359080E-04  6.263222E-05  6.263222E-05  6.263222E-05  6.263222E-05  6.263222E-05  6.263222E-05  6.263222E-05
   -23.5528  7.535173E-04  7.274192E-03  7.274192E-03  7.274192E-03  1.376731E-04  1.376731E-04  1.376731E-04  1.376731E-04  1.376731E-04  6.303911E-05  6.303911E-05  6.303911E-05  6.303911E-05  6.303911E-05  6.303911E-05  6.303911E-05  7.531012E-04  7.290570E-03  7.290570E-03  7.290570E-03  1.377796E-04  1.377796E-04  1.377796E-04  1.377796E-04  1.377796E-04  6.306561E-05  6.306561E-05  6.306561E-05  6.306561E-05  6.306561E-05  6.306561E-05  6.306561E-05
   -23.3116  7.225120E-04  8.091589E-03  8.091589E-03  8.091589E-03  1.396045E-04  1.396045E-04  1.396045E-04  1.396045E-04  1.396045E-04  6.347936E-05  6.347936E-05  6.347936E-05  6.347936E-05  6.347936E-05  6.347936E-05  6.347936E-05  7.221652E-04  8.111078E-03  8.111078E-03  8.111078E-03  1.397148E-04  1.397148E-04  1.397148E-04  1.397148E-04  1.397148E-04  6.350628E-05  6.350628E-05  6.350628E-05  6.350628E-05  6.350628E-05  6.350628E-05  6.350628E-05
   -23.0704  6.944350E-04  9.059289E-03  9.059289E-03  9.059289E-03  1.416037E-04  1.416037E-04  1.416037E-04  1.416037E-04  1.416037E-04  6.392746E-05  6.392746E-05  6.392746E-05  6.392746E-05  6.392746E-05  6.392746E-05  6.392746E-05  6.941576E-04  9.082721E-03  9.082721E-03  9.082721E-03  1.417182E-04  1.417182E-04  1.417182E-04  1.417182E-04  1.417182E-04  6.395485E-05  6.395485E-05  6.395485E-05  6.395485E-05  6.395485E-05  6.395485E-05  6.395485E-05
   -22.8291  6.691263E-04  1.021706E-02  1.021706E-02  1.021706E-02  1.436758E-04  1.436758E-04  1.436758E-04  1.436758E-04  1.436758E-04  6.438335E-05  6.438335E-05  6.438335E-05  6.438335E-05  6.438335E-05  6.438335E-05  6.438335E-05  6.689202E-04  1.024557E-02  1.024557E-02  1.024557E-02  1.437948E-04  1.437948E-04  1.437948E-04  1.437948E-04  1.437948E-04  6.441133E-05  6.441133E-05  6.441133E-05  6.441133E-05  6.441133E-05  6.441133E-05  6.441133E-05
   -22.5879  6.464788E-04  1.161888E-02  1.161888E-02  1.161888E-02  1.458266E-04  1.458266E-04  1.458266E-04  1.458266E-04  1.458266E-04  6.484774E-05  6.484774E-05  6.484774E-05  6.484774E-05  6.484774E-05  6.484774E-05  6.484774E-05  6.463479E-04  1.165404E-02  1.165404E-02  1.165404E-02  1.459504E-04  1.459504E-04  1.459504E-04  1.459504E-04  1.459504E-04  6.487689E-05  6.487689E-05  6.487689E-05  6.487689E-05  6.487689E-05  6.487689E-05  6.487689E-05
   -22.3467  6.264444E-04  1.333953E-02  1.333953E-02  1.333953E-02  1.480627E-04  1.480627E-04  1.480627E-04  1.480627E-04  1.480627E-04  6.532126E-05  6.532126E-05  6.532126E-05  6.532126E-05  6.532126E-05  6.532126E-05  6.532126E-05  6.263956E-04  1.338355E-02  1.338355E-02  1.338355E-02  1.481917E-04  1.481917E-04  1.481917E-04  1.481917E-04  1.481917E-04  6.535074E-05  6.535074E-05  6.535074E-05  6.535074E-05  6.535074E-05  6.535074E-05  6.535074E-05
   -22.1055  6.090470E-04  1.548514E-02  1.548514E-02  1.548514E-02  1.503917E-04  1.503917E-04  1.503917E-04  1.503917E-04  1.503917E-04  6.580418E-05  6.580418E-05  6.580418E-05  6.580418E-05  6.580418E-05  6.580418E-05  6.580418E-05  6.090914E-04  1.554116E-02  1.554116E-02  1.554116E-02  1.505264E-04  1.505264E-04  1.505264E-04  1.505264E-04  1.505264E-04  6.583459E-05  6.583459E-05  6.583459E-05  6.583459E-05  6.583459E-05  6.583459E-05  6.583459E-05
   -21.8643  5.944061E-04  1.821017E-02  1.821017E-02  1.821017E-02  1.528228E-04  1.528228E-04  1.528228E-04  1.528228E-04  1.528228E-04  6.629550E-05  6.629550E-05  6.629550E-05  6.629550E-05  6.629550E-05  6.629550E-05  6.629550E-05  5.945605E-04  1.828310E-02  1.828310E-02  1.828310E-02  1.529637E-04  1.529637E-04  1.529637E-04  1.529637E-04  1.529637E-04  6.632747E-05  6.632747E-05  6.632747E-05  6.632747E-05  6.632747E-05  6.632747E-05  6.632747E-05
   -21.6231  5.827781E-04  2.174743E-02  2.174743E-02  2.174743E-02  1.553665E-04  1.553665E-04  1.553665E-04  1.553665E-04  1.553665E-04  6.679513E-05  6.679513E-05  6.679513E-05  6.679513E-05  6.679513E-05  6.679513E-05  6.679513E-05  5.830689E-04  2.184475E-02  2.184475E-02  2.184475E-02  1.555144E-04  1.555144E-04  1.555144E-04  1.555144E-04  1.555144E-04  6.682702E-05  6.682702E-05  6.682702E-05  6.682702E-05  6.682702E-05  6.682702E-05  6.682702E-05
   -21.3819  5.746348E-04  2.646084E-02  2.646084E-02  2.646084E-02  1.580361E-04  1.580361E-04  1.580361E-04  1.580361E-04  1.580361E-04  6.732719E-05  6.732719E-05  6.732719E-05  6.732719E-05  6.732719E-05  6.732719E-05  6.732719E-05  5.751039E-04  2.659489E-02  2.659489E-02  2.659489E-02  1.581917E-04  1.581917E-04  1.581917E-04  1.581917E-04  1.581917E-04  6.734079E-05  6.734079E-05  6.734079E-05  6.734079E-05  6.734079E-05  6.734079E-05  6.734079E-05
   -21.1407  5.708154E-04  3.294647E-02  3.294647E-02  3.294647E-02  1.608478E-04  1.608478E-04  1.608478E-04  1.608478E-04  1.608478E-04  6.785166E-05  6.785166E-05  6.785166E-05  6.785166E-05  6.785166E-05  6.785166E-05  6.785166E-05  5.715334E-04  3.313787E-02  3.313787E-02  3.313787E-02  1.610123E-04  1.610123E-04  1.610123E-04  1.610123E-04  1.610123E-04  6.786854E-05  6.786854E-05  6.786854E-05  6.786854E-05  6.786854E-05  6.786854E-05  6.786854E-05
   -20.8995  5.728533E-04  4.223825E-02  4.223825E-02  4.223825E-02  1.638226E-04  1.638226E-04  1.638226E-04  1.638226E-04  1.638226E-04  6.852248E-05  6.852248E-05  6.852248E-05  6.852248E-05  6.852248E-05  6.852248E-05  6.852248E-05  5.739476E-04  4.252485E-02  4.252485E-02  4.252485E-02  1.639973E-04  1.639973E-04  1.639973E-04  1.639973E-04  1.639973E-04  6.833761E-05  6.833761E-05  6.833761E-05  6.833761E-05  6.833761E-05  6.833761E-05  6.833761E-05
   -20.6583  5.837614E-04  5.626576E-02  5.626576E-02  5.626576E-02  1.669885E-04  1.669885E-04  1.669885E-04  1.669885E-04  1.669885E-04  6.868461E-05  6.868461E-05  6.868461E-05  6.868461E-05  6.868461E-05  6.868461E-05  6.868461E-05  5.854894E-04  5.672285E-02  5.672285E-02  5.672285E-02  1.671753E-04  1.671753E-04  1.671753E-04  1.671753E-04  1.671753E-04  6.962488E-05  6.962488E-05  6.962488E-05  6.962488E-05  6.962488E-05  6.962488E-05  6.962488E-05
   -20.4171  6.102942E-04  7.899838E-02  7.899838E-02  7.899838E-02  1.703854E-04  1.703854E-04  1.703854E-04  1.703854E-04  1.703854E-04  7.164882E-05  7.164882E-05  7.164882E-05  7.164882E-05  7.164882E-05  7.164882E-05  7.164882E-05  6.132741E-04  7.979410E-02  7.979410E-02  7.979410E-02  1.705871E-04  1.705871E-04  1.705871E-04  1.705871E-04  1.705871E-04  6.977990E-05  6.977990E-05  6.977990E-05  6.977990E-05  6.977990E-05  6.977990E-05  6.977990E-05
   -20.1759  6.715699E-04  1.198058E-01  1.198058E-01  1.198058E-01  1.740762E-04  1.740762E-04  1.740762E-04  1.740762E-04  1.740762E-04  9.328884E-05  9.328884E-05  9.328884E-05  9.328884E-05  9.328884E-05  9.328884E-05  9.328884E-05  6.778093E-04  1.213867E-01  1.213867E-01  1.213867E-01  1.742972E-04  1.742972E-04  1.742972E-04  1.742972E-04  1.742972E-04  9.323511E-05  9.323511E-05  9.323511E-05  9.323511E-05  9.323511E-05  9.323511E-05  9.323511E-05
   -19.9347  8.548556E-04  2.061911E-01  2.061911E-01  2.061911E-01  1.781781E-04  1.781781E-04  1.781781E-04  1.781781E-04  1.781781E-04  5.580898E-05  5.580898E-05  5.580898E-05  5.580898E-05  5.580898E-05  5.580898E-05  5.580898E-05  8.766553E-04  2.101576E-01  2.101576E-01  2.101576E-01  1.784320E-04  1.784320E-04  1.784320E-04  1.784320E-04  1.784320E-04  5.132266E-05  5.132266E-05  5.132266E-05  5.132266E-05  5.132266E-05  5.132266E-05  5.132266E-05
   -19.6935  1.837828E-03  4.611665E-01  4.611665E-01  4.611665E-01  1.830437E-04  1.830437E-04  1.830437E-04  1.830437E-04  1.830437E-04  7.523354E-05  7.523354E-05  7.523354E-05  7.523354E-05  7.523354E-05  7.523354E-05  7.523354E-05  1.924146E-03  4.771408E-01  4.771408E-01  4.771408E-01  1.833451E-04  1.833451E-04  1.833451E-04  1.833451E-04  1.833451E-04  6.192399E-05  6.192399E-05  6.192399E-05  6.192399E-05  6.192399E-05  6.192399E-05  6.192399E-05
   -19.4523  3.061881E-03  1.624613E+00  1.624613E+00  1.624613E+00  1.900875E-04  1.900875E-04  1.900875E-04  1.900875E-04  1.900875E-04  9.228772E-05  9.228772E-05  9.228772E-05  9.228772E-05  9.228772E-05  9.228772E-05  9.228772E-05  3.119469E-03  1.703030E+00  1.703030E+00  1.703030E+00  1.905905E-04  1.905905E-04  1.905905E-04  1.905905E-04  1.905905E-04  9.342528E-05  9.342528E-05  9.342528E-05  9.342528E-05  9.342528E-05  9.342528E-05  9.342528E-05
   -19.2111  3.891141E-03  6.684064E+00  6.684064E+00  6.684064E+00  2.010141E-04  2.010141E-04  2.010141E-04  2.010141E-04  2.010141E-04  7.988080E-05  7.988080E-05  7.988080E-05  7.988080E-05  7.988080E-05  7.988080E-05  7.988080E-05  3.935085E-03  6.768120E+00  6.768120E+00  6.768120E+00  2.017794E-04  2.017794E-04  2.017794E-04  2.017794E-04  2.017794E-04  7.616149E-05  7.616149E-05  7.616149E-05  7.616149E-05  7.616149E-05  7.616149E-05  7.616149E-05
   -18.9698  4.526969E-03  3.898560E+00  3.898560E+00  3.898560E+00  2.171033E-04  2.171033E-04  2.171033E-04  2.171033E-04  2.171033E-04  7.337713E-05  7.337713E-05  7.337713E-05  7.337713E-05  7.337713E-05  7.337713E-05  7.337713E-05  4.563468E-03  3.783122E+00  3.783122E+00  3.783122E+00  2.181925E-04  2.181925E-04  2.181925E-04  2.181925E-04  2.181925E-04  7.375471E-05  7.375471E-05  7.375471E-05  7.375471E-05  7.375471E-05  7.375471E-05  7.375471E-05
   -18.7286  5.046626E-03  1.618826E+00  1.618826E+00  1.618826E+00  2.393210E-04  2.393210E-04  2.393210E-04  2.393210E-04  2.393210E-04  7.412332E-05  7.412332E-05  7.412332E-05  7.412332E-05  7.412332E-05  7.412332E-05  7.412332E-05  5.078315E-03  1.593214E+00  1.593214E+00  1.593214E+00  2.407838E-04  2.407838E-04  2.407838E-04  2.407838E-04  2.407838E-04  7.426342E-05  7.426342E-05  7.426342E-05  7.426342E-05  7.426342E-05  7.426342E-05  7.426342E-05
   -18.4874  5.486793E-03  9.225762E-01  9.225762E-01  9.225762E-01  2.684595E-04  2.684595E-04  2.684595E-04  2.684595E-04  2.684595E-04  7.509701E-05  7.509701E-05  7.509701E-05  7.509701E-05  7.509701E-05  7.509701E-05  7.509701E-05  5.515055E-03  9.148635E-01  9.148635E-01  9.148635E-01  2.703378E-04  2.703378E-04  2.703378E-04  2.703378E-04  2.703378E-04  7.515978E-05  7.515978E-05  7.515978E-05  7.515978E-05  7.515978E-05  7.515978E-05  7.515978E-05
   -18.2462  5.868286E-03  6.297451E-01  6.297451E-01  6.297451E-01  3.051918E-04  3.051918E-04  3.051918E-04  3.051918E-04  3.051918E-04  7.620765E-05  7.620765E-05  7.620765E-05  7.620765E-05  7.620765E-05  7.620765E-05  7.620765E-05  5.893954E-03  6.268270E-01  6.268270E-01  6.268270E-01  3.075221E-04  3.075221E-04  3.075221E-04  3.075221E-04  3.075221E-04  7.627693E-05  7.627693E-05  7.627693E-05  7.627693E-05  7.627693E-05  7.627693E-05  7.627693E-05
   -18.0050  6.204318E-03  4.762713E-01  4.762713E-01  4.762713E-01  3.501022E-04  3.501022E-04  3.501022E-04  3.501022E-04  3.501022E-04  7.750812E-05  7.750812E-05  7.750812E-05  7.750812E-05  7.750812E-05  7.750812E-05  7.750812E-05  6.227936E-03  4.750369E-01  4.750369E-01  4.750369E-01  3.529167E-04  3.529167E-04  3.529167E-04  3.529167E-04  3.529167E-04  7.759283E-05  7.759283E-05  7.759283E-05  7.759283E-05  7.759283E-05  7.759283E-05  7.759283E-05
   -17.7638  6.503925E-03  3.837888E-01  3.837888E-01  3.837888E-01  4.037055E-04  4.037055E-04  4.037055E-04  4.037055E-04  4.037055E-04  7.904817E-05  7.904817E-05  7.904817E-05  7.904817E-05  7.904817E-05  7.904817E-05  7.904817E-05  6.525876E-03  3.832576E-01  3.832576E-01  3.832576E-01  4.070330E-04  4.070330E-04  4.070330E-04  4.070330E-04  4.070330E-04  7.914745E-05  7.914745E-05  7.914745E-05  7.914745E-05  7.914745E-05  7.914745E-05  7.914745E-05
   -17.5226  6.773629E-03  3.225656E-01  3.225656E-01  3.225656E-01  4.664595E-04  4.664595E-04  4.664595E-04  4.664595E-04  4.664595E-04  8.086602E-05  8.086602E-05  8.086602E-05  8.086602E-05  8.086602E-05  8.086602E-05  8.086602E-05  6.794190E-03  3.223629E-01  3.223629E-01  3.223629E-01  4.703261E-04  4.703261E-04  4.703261E-04  4.703261E-04  4.703261E-04  8.098265E-05  8.098265E-05  8.098265E-05  8.098265E-05  8.098265E-05  8.098265E-05  8.098265E-05
   -17.2814  7.018331E-03  2.792310E-01  2.792310E-01  2.792310E-01  5.387747E-04  5.387747E-04  5.387747E-04  5.387747E-04  5.387747E-04  8.300584E-05  8.300584E-05  8.300584E-05  8.300584E-05  8.300584E-05  8.300584E-05  8.300584E-05  7.037713E-03  2.791932E-01  2.791932E-01  2.791932E-01  5.432041E-04  5.432041E-04  5.432041E-04  5.432041E-04  5.432041E-04  8.314222E-05  8.314222E-05  8.314222E-05  8.314222E-05  8.314222E-05  8.314222E-05  8.314222E-05
   -17.0402  7.241825E-03  2.469949E-01  2.469949E-01  2.469949E-01  6.210209E-04  6.210209E-04  6.210209E-04  6.210209E-04  6.210209E-04  8.551376E-05  8.551376E-05  8.551376E-05  8.551376E-05  8.551376E-05  8.551376E-05  8.551376E-05  7.260192E-03  2.470434E-01  2.470434E-01  2.470434E-01  6.260348E-04  6.260348E-04  6.260348E-04  6.260348E-04  6.260348E-04  8.567261E-05  8.567261E-05  8.567261E-05  8.567261E-05  8.567261E-05  8.567261E-05  8.567261E-05
   -16.7990  7.447124E-03  2.220816E-01  2.220816E-01  2.220816E-01  7.135329E-04  7.135329E-04  7.135329E-04  7.135329E-04  7.135329E-04  8.843706E-05  8.843706E-05  8.843706E-05  8.843706E-05  8.843706E-05  8.843706E-05  8.843706E-05  7.464607E-03  2.221761E-01  2.221761E-01  2.221761E-01  7.191512E-04  7.191512E-04  7.191512E-04  7.191512E-04  7.191512E-04  8.862117E-05  8.862117E-05  8.862117E-05  8.862117E-05  8.862117E-05  8.862117E-05  8.862117E-05
   -16.5578  7.636668E-03  2.022387E-01  2.022387E-01  2.022387E-01  8.166143E-04  8.166143E-04  8.166143E-04  8.166143E-04  8.166143E-04  9.182428E-05  9.182428E-05  9.182428E-05  9.182428E-05  9.182428E-05  9.182428E-05  9.182428E-05  7.653375E-03  2.023573E-01  2.023573E-01  2.023573E-01  8.228555E-04  8.228555E-04  8.228555E-04  8.228555E-04  8.228555E-04  9.203652E-05  9.203652E-05  9.203652E-05  9.203652E-05  9.203652E-05  9.203652E-05  9.203652E-05
   -16.3166  7.812464E-03  1.860464E-01  1.860464E-01  1.860464E-01  9.305416E-04  9.305416E-04  9.305416E-04  9.305416E-04  9.305416E-04  9.572505E-05  9.572505E-05  9.572505E-05  9.572505E-05  9.572505E-05  9.572505E-05  9.572505E-05  7.828482E-03  1.861767E-01  1.861767E-01  1.861767E-01  9.374227E-04  9.374227E-04  9.374227E-04  9.374227E-04  9.374227E-04  9.596834E-05  9.596834E-05  9.596834E-05  9.596834E-05  9.596834E-05  9.596834E-05  9.596834E-05
   -16.0754  7.976189E-03  1.725678E-01  1.725678E-01  1.725678E-01  1.055566E-03  1.055566E-03  1.055566E-03  1.055566E-03  1.055566E-03  1.001899E-04  1.001899E-04  1.001899E-04  1.001899E-04  1.001899E-04  1.001899E-04  1.001899E-04  7.991591E-03  1.727028E-01  1.727028E-01  1.727028E-01  1.063103E-03  1.063103E-03  1.063103E-03  1.063103E-03  1.063103E-03  1.004672E-04  1.004672E-04  1.004672E-04  1.004672E-04  1.004672E-04  1.004672E-04  1.004672E-04
   -15.8342  8.129253E-03  1.611609E-01  1.611609E-01  1.611609E-01  1.191918E-03  1.191918E-03  1.191918E-03  1.191918E-03  1.191918E-03  1.052703E-04  1.052703E-04  1.052703E-04  1.052703E-04  1.052703E-04  1.052703E-04  1.052703E-04  8.144103E-03  1.612964E-01  1.612964E-01  1.612964E-01  1.200125E-03  1.200125E-03  1.200125E-03  1.200125E-03  1.200125E-03  1.055846E-04  1.055846E-04  1.055846E-04  1.055846E-04  1.055846E-04  1.055846E-04  1.055846E-04
   -15.5930  8.272863E-03  1.513718E-01  1.513718E-01  1.513718E-01  1.339805E-03  1.339805E-03  1.339805E-03  1.339805E-03  1.339805E-03  1.110181E-04  1.110181E-04  1.110181E-04  1.110181E-04  1.110181E-04  1.110181E-04  1.110181E-04  8.287213E-03  1.515055E-01  1.515055E-01  1.515055E-01  1.348697E-03  1.348697E-03  1.348697E-03  1.348697E-03  1.348697E-03  1.113725E-04  1.113725E-04  1.113725E-04  1.113725E-04  1.113725E-04  1.113725E-04  1.113725E-04
   -15.3518  8.408053E-03  1.428710E-01  1.428710E-01  1.428710E-01  1.499419E-03  1.499419E-03  1.499419E-03  1.499419E-03  1.499419E-03  1.174861E-04  1.174861E-04  1.174861E-04  1.174861E-04  1.174861E-04  1.174861E-04  1.174861E-04  8.421949E-03  1.430015E-01  1.430015E-01  1.430015E-01  1.509008E-03  1.509008E-03  1.509008E-03  1.509008E-03  1.509008E-03  1.178836E-04  1.178836E-04  1.178836E-04  1.178836E-04  1.178836E-04  1.178836E-04  1.178836E-04
   -15.1106  8.535719E-03  1.354132E-01  1.354132E-01  1.354132E-01  1.670933E-03  1.670933E-03  1.670933E-03  1.670933E-03  1.670933E-03  1.247272E-04  1.247272E-04  1.247272E-04  1.247272E-04  1.247272E-04  1.247272E-04  1.247272E-04  8.549201E-03  1.355397E-01  1.355397E-01  1.355397E-01  1.681231E-03  1.681231E-03  1.681231E-03  1.681231E-03  1.681231E-03  1.251711E-04  1.251711E-04  1.251711E-04  1.251711E-04  1.251711E-04  1.251711E-04  1.251711E-04
   -14.8693  8.656642E-03  1.288126E-01  1.288126E-01  1.288126E-01  1.854506E-03  1.854506E-03  1.854506E-03  1.854506E-03  1.854506E-03  1.327950E-04  1.327950E-04  1.327950E-04  1.327950E-04  1.327950E-04  1.327950E-04  1.327950E-04  8.669745E-03  1.289348E-01  1.289348E-01  1.289348E-01  1.865523E-03  1.865523E-03  1.865523E-03  1.865523E-03  1.865523E-03  1.332884E-04  1.332884E-04  1.332884E-04  1.332884E-04  1.332884E-04  1.332884E-04  1.332884E-04
   -14.6281  8.771505E-03  1.229255E-01  1.229255E-01  1.229255E-01  2.050279E-03  2.050279E-03  2.050279E-03  2.050279E-03  2.050279E-03  1.417432E-04  1.417432E-04  1.417432E-04  1.417432E-04  1.417432E-04  1.417432E-04  1.417432E-04  8.784259E-03  1.230432E-01  1.230432E-01  1.230432E-01  2.062026E-03  2.062026E-03  2.062026E-03  2.062026E-03  2.062026E-03  1.422894E-04  1.422894E-04  1.422894E-04  1.422894E-04  1.422894E-04  1.422894E-04  1.422894E-04
   -14.3869  8.880910E-03  1.176392E-01  1.176392E-01  1.176392E-01  2.258383E-03  2.258383E-03  2.258383E-03  2.258383E-03  2.258383E-03  1.516260E-04  1.516260E-04  1.516260E-04  1.516260E-04  1.516260E-04  1.516260E-04  1.516260E-04  8.893341E-03  1.177524E-01  1.177524E-01  1.177524E-01  2.270871E-03  2.270871E-03  2.270871E-03  2.270871E-03  2.270871E-03  1.522280E-04  1.522280E-04  1.522280E-04  1.522280E-04  1.522280E-04  1.522280E-04  1.522280E-04
   -14.1457  8.985389E-03  1.128640E-01  1.128640E-01  1.128640E-01  2.478935E-03  2.478935E-03  2.478935E-03  2.478935E-03  2.478935E-03  1.624974E-04  1.624974E-04  1.624974E-04  1.624974E-04  1.624974E-04  1.624974E-04  1.624974E-04  8.997524E-03  1.129728E-01  1.129728E-01  1.129728E-01  2.492171E-03  2.492171E-03  2.492171E-03  2.492171E-03  2.492171E-03  1.631587E-04  1.631587E-04  1.631587E-04  1.631587E-04  1.631587E-04  1.631587E-04  1.631587E-04
   -13.9045  9.085417E-03  1.085276E-01  1.085276E-01  1.085276E-01  2.712039E-03  2.712039E-03  2.712039E-03  2.712039E-03  2.712039E-03  1.744119E-04  1.744119E-04  1.744119E-04  1.744119E-04  1.744119E-04  1.744119E-04  1.744119E-04  9.097276E-03  1.086323E-01  1.086323E-01  1.086323E-01  2.726033E-03  2.726033E-03  2.726033E-03  2.726033E-03  2.726033E-03  1.751355E-04  1.751355E-04  1.751355E-04  1.751355E-04  1.751355E-04  1.751355E-04  1.751355E-04
   -13.6633  9.181415E-03  1.045711E-01  1.045711E-01  1.045711E-01  2.957789E-03  2.957789E-03  2.957789E-03  2.957789E-03  2.957789E-03  1.874237E-04  1.874237E-04  1.874237E-04  1.874237E-04  1.874237E-04  1.874237E-04  1.874237E-04  9.193018E-03  1.046718E-01  1.046718E-01  1.046718E-01  2.972548E-03  2.972548E-03  2.972548E-03  2.972548E-03  2.972548E-03  1.882130E-04  1.882130E-04  1.882130E-04  1.882130E-04  1.882130E-04  1.882130E-04  1.882130E-04
   -13.4221  9.273759E-03  1.009461E-01  1.009461E-01  1.009461E-01  3.216268E-03  3.216268E-03  3.216268E-03  3.216268E-03  3.216268E-03  2.015873E-04  2.015873E-04  2.015873E-04  2.015873E-04  2.015873E-04  2.015873E-04  2.015873E-04  9.285123E-03  1.010430E-01  1.010430E-01  1.010430E-01  3.231800E-03  3.231800E-03  3.231800E-03  3.231800E-03  3.231800E-03  2.024455E-04  2.024455E-04  2.024455E-04  2.024455E-04  2.024455E-04  2.024455E-04  2.024455E-04
   -13.1809  9.362787E-03  9.761216E-02  9.761216E-02  9.761216E-02  3.487549E-03  3.487549E-03  3.487549E-03  3.487549E-03  3.487549E-03  2.169568E-04  2.169568E-04  2.169568E-04  2.169568E-04  2.169568E-04  2.169568E-04  2.169568E-04  9.373927E-03  9.770551E-02  9.770551E-02  9.770551E-02  3.503861E-03  3.503861E-03  3.503861E-03  3.503861E-03  3.503861E-03  2.178872E-04  2.178872E-04  2.178872E-04  2.178872E-04  2.178872E-04  2.178872E-04  2.178872E-04
   -12.9397  9.448804E-03  9.453552E-02  9.453552E-02  9.453552E-02  3.771696E-03  3.771696E-03  3.771696E-03  3.771696E-03  3.771696E-03  2.335864E-04  2.335864E-04  2.335864E-04  2.335864E-04  2.335864E-04  2.335864E-04  2.335864E-04  9.459734E-03  9.462550E-02  9.462550E-02  9.462550E-02  3.788794E-03  3.788794E-03  3.788794E-03  3.788794E-03  3.788794E-03  2.345923E-04  2.345923E-04  2.345923E-04  2.345923E-04  2.345923E-04  2.345923E-04  2.345923E-04
   -12.6985  9.532081E-03  9.168761E-02  9.168761E-02  9.168761E-02  4.068762E-03  4.068762E-03  4.068762E-03  4.068762E-03  4.068762E-03  2.515301E-04  2.515301E-04  2.515301E-04  2.515301E-04  2.515301E-04  2.515301E-04  2.515301E-04  9.542816E-03  9.177439E-02  9.177439E-02  9.177439E-02  4.086652E-03  4.086652E-03  4.086652E-03  4.086652E-03  4.086652E-03  2.526148E-04  2.526148E-04  2.526148E-04  2.526148E-04  2.526148E-04  2.526148E-04  2.526148E-04
   -12.4573  9.612865E-03  8.904410E-02  8.904410E-02  8.904410E-02  4.378794E-03  4.378794E-03  4.378794E-03  4.378794E-03  4.378794E-03  2.708417E-04  2.708417E-04  2.708417E-04  2.708417E-04  2.708417E-04  2.708417E-04  2.708417E-04  9.623417E-03  8.912788E-02  8.912788E-02  8.912788E-02  4.397481E-03  4.397481E-03  4.397481E-03  4.397481E-03  4.397481E-03  2.720085E-04  2.720085E-04  2.720085E-04  2.720085E-04  2.720085E-04  2.720085E-04  2.720085E-04
   -12.2161  9.691382E-03  8.658415E-02  8.658415E-02  8.658415E-02  4.701828E-03  4.701828E-03  4.701828E-03  4.701828E-03  4.701828E-03  2.915748E-04  2.915748E-04  2.915748E-04  2.915748E-04  2.915748E-04  2.915748E-04  2.915748E-04  9.701761E-03  8.666512E-02  8.666512E-02  8.666512E-02  4.721317E-03  4.721317E-03  4.721317E-03  4.721317E-03  4.721317E-03  2.928270E-04  2.928270E-04  2.928270E-04  2.928270E-04  2.928270E-04  2.928270E-04  2.928270E-04
   -11.9749  9.767833E-03  8.428980E-02  8.428980E-02  8.428980E-02  5.037895E-03  5.037895E-03  5.037895E-03  5.037895E-03  5.037895E-03  3.137827E-04  3.137827E-04  3.137827E-04  3.137827E-04  3.137827E-04  3.137827E-04  3.137827E-04  9.778049E-03  8.436811E-02  8.436811E-02  8.436811E-02  5.058190E-03  5.058190E-03  5.058190E-03  5.058190E-03  5.058190E-03  3.151234E-04  3.151234E-04  3.151234E-04  3.151234E-04  3.151234E-04  3.151234E-04  3.151234E-04
   -11.7337  9.842402E-03  8.214547E-02  8.214547E-02  8.214547E-02  5.387015E-03  5.387015E-03  5.387015E-03  5.387015E-03  5.387015E-03  3.375182E-04  3.375182E-04  3.375182E-04  3.375182E-04  3.375182E-04  3.375182E-04  3.375182E-04  9.852464E-03  8.222128E-02  8.222128E-02  8.222128E-02  5.408122E-03  5.408122E-03  5.408122E-03  5.408122E-03  5.408122E-03  3.389508E-04  3.389508E-04  3.389508E-04  3.389508E-04  3.389508E-04  3.389508E-04  3.389508E-04
   -11.4925  9.915258E-03  8.013757E-02  8.013757E-02  8.013757E-02  5.749204E-03  5.749204E-03  5.749204E-03  5.749204E-03  5.749204E-03  3.628340E-04  3.628340E-04  3.628340E-04  3.628340E-04  3.628340E-04  3.628340E-04  3.628340E-04  9.925175E-03  8.021102E-02  8.021102E-02  8.021102E-02  5.771126E-03  5.771126E-03  5.771126E-03  5.771126E-03  5.771126E-03  3.643618E-04  3.643618E-04  3.643618E-04  3.643618E-04  3.643618E-04  3.643618E-04  3.643618E-04
   -11.2513  9.986549E-03  7.825419E-02  7.825419E-02  7.825419E-02  6.124470E-03  6.124470E-03  6.124470E-03  6.124470E-03  6.124470E-03  3.897824E-04  3.897824E-04  3.897824E-04  3.897824E-04  3.897824E-04  3.897824E-04  3.897824E-04  9.996329E-03  7.832542E-02  7.832542E-02  7.832542E-02  6.147209E-03  6.147209E-03  6.147209E-03  6.147209E-03  6.147209E-03  3.914085E-04  3.914085E-04  3.914085E-04  3.914085E-04  3.914085E-04  3.914085E-04  3.914085E-04
   -11.0101  1.005642E-02  7.648486E-02  7.648486E-02  7.648486E-02  6.512812E-03  6.512812E-03  6.512812E-03  6.512812E-03  6.512812E-03  4.184150E-04  4.184150E-04  4.184150E-04  4.184150E-04  4.184150E-04  4.184150E-04  4.184150E-04  1.006607E-02  7.655400E-02  7.655400E-02  7.655400E-02  6.536372E-03  6.536372E-03  6.536372E-03  6.536372E-03  6.536372E-03  4.201428E-04  4.201428E-04  4.201428E-04  4.201428E-04  4.201428E-04  4.201428E-04  4.201428E-04
   -10.7688  1.012498E-02  7.482031E-02  7.482031E-02  7.482031E-02  6.914225E-03  6.914225E-03  6.914225E-03  6.914225E-03  6.914225E-03  4.487834E-04  4.487834E-04  4.487834E-04  4.487834E-04  4.487834E-04  4.487834E-04  4.487834E-04  1.013451E-02  7.488747E-02  7.488747E-02  7.488747E-02  6.938608E-03  6.938608E-03  6.938608E-03  6.938608E-03  6.938608E-03  4.506160E-04  4.506160E-04  4.506160E-04  4.506160E-04  4.506160E-04  4.506160E-04  4.506160E-04
   -10.5276  1.019237E-02  7.325230E-02  7.325230E-02  7.325230E-02  7.328697E-03  7.328697E-03  7.328697E-03  7.328697E-03  7.328697E-03  4.809385E-04  4.809385E-04  4.809385E-04  4.809385E-04  4.809385E-04  4.809385E-04  4.809385E-04  1.020178E-02  7.331760E-02  7.331760E-02  7.331760E-02  7.353905E-03  7.353905E-03  7.353905E-03  7.353905E-03  7.353905E-03  4.828791E-04  4.828791E-04  4.828791E-04  4.828791E-04  4.828791E-04  4.828791E-04  4.828791E-04
   -10.2864  1.025868E-02  7.177350E-02  7.177350E-02  7.177350E-02  7.756209E-03  7.756209E-03  7.756209E-03  7.756209E-03  7.756209E-03  5.149306E-04  5.149306E-04  5.149306E-04  5.149306E-04  5.149306E-04  5.149306E-04  5.149306E-04  1.026797E-02  7.183704E-02  7.183704E-02  7.183704E-02  7.782245E-03  7.782245E-03  7.782245E-03  7.782245E-03  7.782245E-03  5.169825E-04  5.169825E-04  5.169825E-04  5.169825E-04  5.169825E-04  5.169825E-04  5.169825E-04
   -10.0452  1.032400E-02  7.037736E-02  7.037736E-02  7.037736E-02  8.196736E-03  8.196736E-03  8.196736E-03  8.196736E-03  8.196736E-03  5.508098E-04  5.508098E-04  5.508098E-04  5.508098E-04  5.508098E-04  5.508098E-04  5.508098E-04  1.033319E-02  7.043923E-02  7.043923E-02  7.043923E-02  8.223601E-03  8.223601E-03  8.223601E-03  8.223601E-03  8.223601E-03  5.529761E-04  5.529761E-04  5.529761E-04  5.529761E-04  5.529761E-04  5.529761E-04  5.529761E-04
    -9.8040  1.038844E-02  6.905797E-02  6.905797E-02  6.905797E-02  8.650250E-03  8.650250E-03  8.650250E-03  8.650250E-03  8.650250E-03  5.886254E-04  5.886254E-04  5.886254E-04  5.886254E-04  5.886254E-04  5.886254E-04  5.886254E-04  1.039752E-02  6.911827E-02  6.911827E-02  6.911827E-02  8.677944E-03  8.677944E-03  8.677944E-03  8.677944E-03  8.677944E-03  5.909093E-04  5.909093E-04  5.909093E-04  5.909093E-04  5.909093E-04  5.909093E-04  5.909093E-04
    -9.5628  1.045206E-02  6.781004E-02  6.781004E-02  6.781004E-02  9.116713E-03  9.116713E-03  9.116713E-03  9.116713E-03  9.116713E-03  6.284262E-04  6.284262E-04  6.284262E-04  6.284262E-04  6.284262E-04  6.284262E-04  6.284262E-04  1.046104E-02  6.786884E-02  6.786884E-02  6.786884E-02  9.145238E-03  9.145238E-03  9.145238E-03  9.145238E-03  9.145238E-03  6.308309E-04  6.308309E-04  6.308309E-04  6.308309E-04  6.308309E-04  6.308309E-04  6.308309E-04
    -9.3216  1.051494E-02  6.662876E-02  6.662876E-02  6.662876E-02  9.596084E-03  9.596084E-03  9.596084E-03  9.596084E-03  9.596084E-03  6.702606E-04  6.702606E-04  6.702606E-04  6.702606E-04  6.702606E-04  6.702606E-04  6.702606E-04  1.052383E-02  6.668615E-02  6.668615E-02  6.668615E-02  9.625440E-03  9.625440E-03  9.625440E-03  9.625440E-03  9.625440E-03  6.727892E-04  6.727892E-04  6.727892E-04  6.727892E-04  6.727892E-04  6.727892E-04  6.727892E-04
    -9.0804  1.057714E-02  6.550980E-02  6.550980E-02  6.550980E-02  1.008832E-02  1.008832E-02  1.008832E-02  1.008832E-02  1.008832E-02  7.141763E-04  7.141763E-04  7.141763E-04  7.141763E-04  7.141763E-04  7.141763E-04  7.141763E-04  1.058595E-02  6.556585E-02  6.556585E-02  6.556585E-02  1.011850E-02  1.011850E-02  1.011850E-02  1.011850E-02  1.011850E-02  7.168318E-04  7.168318E-04  7.168318E-04  7.168318E-04  7.168318E-04  7.168318E-04  7.168318E-04
    -8.8392  1.063874E-02  6.444920E-02  6.444920E-02  6.444920E-02  1.059336E-02  1.059336E-02  1.059336E-02  1.059336E-02  1.059336E-02  7.602204E-04  7.602204E-04  7.602204E-04  7.602204E-04  7.602204E-04  7.602204E-04  7.602204E-04  1.064746E-02  6.450397E-02  6.450397E-02  6.450397E-02  1.062436E-02  1.062436E-02  1.062436E-02  1.062436E-02  1.062436E-02  7.630060E-04  7.630060E-04  7.630060E-04  7.630060E-04  7.630060E-04  7.630060E-04  7.630060E-04
    -8.5980  1.069978E-02  6.344336E-02  6.344336E-02  6.344336E-02  1.111115E-02  1.111115E-02  1.111115E-02  1.111115E-02  1.111115E-02  8.084393E-04  8.084393E-04  8.084393E-04  8.084393E-04  8.084393E-04  8.084393E-04  8.084393E-04  1.070842E-02  6.349692E-02  6.349692E-02  6.349692E-02  1.114299E-02  1.114299E-02  1.114299E-02  1.114299E-02  1.114299E-02  8.113580E-04  8.113580E-04  8.113580E-04  8.113580E-04  8.113580E-04  8.113580E-04  8.113580E-04
    -8.3568  1.076032E-02  6.248900E-02  6.248900E-02  6.248900E-02  1.164163E-02  1.164163E-02  1.164163E-02  1.164163E-02  1.164163E-02  8.588789E-04  8.588789E-04  8.588789E-04  8.588789E-04  8.588789E-04  8.588789E-04  8.588789E-04  1.076888E-02  6.254141E-02  6.254141E-02  6.254141E-02  1.167430E-02  1.167430E-02  1.167430E-02  1.167430E-02  1.167430E-02  8.619339E-04  8.619339E-04  8.619339E-04  8.619339E-04  8.619339E-04  8.619339E-04  8.619339E-04
    -8.1156  1.082040E-02  6.158310E-02  6.158310E-02  6.158310E-02  1.218474E-02  1.218474E-02  1.218474E-02  1.218474E-02  1.218474E-02  9.115845E-04  9.115845E-04  9.115845E-04  9.115845E-04  9.115845E-04  9.115845E-04  9.115845E-04  1.082889E-02  6.163442E-02  6.163442E-02  6.163442E-02  1.221823E-02  1.221823E-02  1.221823E-02  1.221823E-02  1.221823E-02  9.147787E-04  9.147787E-04  9.147787E-04  9.147787E-04  9.147787E-04  9.147787E-04  9.147787E-04
    -7.8744  1.088007E-02  6.072291E-02  6.072291E-02  6.072291E-02  1.274038E-02  1.274038E-02  1.274038E-02  1.274038E-02  1.274038E-02  9.666004E-04  9.666004E-04  9.666004E-04  9.666004E-04  9.666004E-04  9.666004E-04  9.666004E-04  1.088849E-02  6.077319E-02  6.077319E-02  6.077319E-02  1.277471E-02  1.277471E-02  1.277471E-02  1.277471E-02  1.277471E-02  9.699369E-04  9.699369E-04  9.699369E-04  9.699369E-04  9.699369E-04  9.699369E-04  9.699369E-04
    -7.6332  1.093937E-02  5.990588E-02  5.990588E-02  5.990588E-02  1.330851E-02  1.330851E-02  1.330851E-02  1.330851E-02  1.330851E-02  1.023971E-03  1.023971E-03  1.023971E-03  1.023971E-03  1.023971E-03  1.023971E-03  1.023971E-03  1.094772E-02  5.995517E-02  5.995517E-02  5.995517E-02  1.334366E-02  1.334366E-02  1.334366E-02  1.334366E-02  1.334366E-02  1.027453E-03  1.027453E-03  1.027453E-03  1.027453E-03  1.027453E-03  1.027453E-03  1.027453E-03
    -7.3920  1.099833E-02  5.912967E-02  5.912967E-02  5.912967E-02  1.388902E-02  1.388902E-02  1.388902E-02  1.388902E-02  1.388902E-02  1.083739E-03  1.083739E-03  1.083739E-03  1.083739E-03  1.083739E-03  1.083739E-03  1.083739E-03  1.100661E-02  5.917801E-02  5.917801E-02  5.917801E-02  1.392499E-02  1.392499E-02  1.392499E-02  1.392499E-02  1.392499E-02  1.087369E-03  1.087369E-03  1.087369E-03  1.087369E-03  1.087369E-03  1.087369E-03  1.087369E-03
    -7.1508  1.105699E-02  5.839211E-02  5.839211E-02  5.839211E-02  1.448185E-02  1.448185E-02  1.448185E-02  1.448185E-02  1.448185E-02  1.145947E-03  1.145947E-03  1.145947E-03  1.145947E-03  1.145947E-03  1.145947E-03  1.145947E-03  1.106520E-02  5.843955E-02  5.843955E-02  5.843955E-02  1.451863E-02  1.451863E-02  1.451863E-02  1.451863E-02  1.451863E-02  1.149728E-03  1.149728E-03  1.149728E-03  1.149728E-03  1.149728E-03  1.149728E-03  1.149728E-03
    -6.9095  1.111537E-02  5.769119E-02  5.769119E-02  5.769119E-02  1.508688E-02  1.508688E-02  1.508688E-02  1.508688E-02  1.508688E-02  1.210637E-03  1.210637E-03  1.210637E-03  1.210637E-03  1.210637E-03  1.210637E-03  1.210637E-03  1.112352E-02  5.773777E-02  5.773777E-02  5.773777E-02  1.512448E-02  1.512448E-02  1.512448E-02  1.512448E-02  1.512448E-02  1.214572E-03  1.214572E-03  1.214572E-03  1.214572E-03  1.214572E-03  1.214572E-03  1.214572E-03
    -6.6683  1.117350E-02  5.702507E-02  5.702507E-02  5.702507E-02  1.570403E-02  1.570403E-02  1.570403E-02  1.570403E-02  1.570403E-02  1.277850E-03  1.277850E-03  1.277850E-03  1.277850E-03  1.277850E-03  1.277850E-03  1.277850E-03  1.118159E-02  5.707083E-02  5.707083E-02  5.707083E-02  1.574245E-02  1.574245E-02  1.574245E-02  1.574245E-02  1.574245E-02  1.281941E-03  1.281941E-03  1.281941E-03  1.281941E-03  1.281941E-03  1.281941E-03  1.281941E-03
    -6.4271  1.123141E-02  5.639201E-02  5.639201E-02  5.639201E-02  1.633321E-02  1.633321E-02  1.633321E-02  1.633321E-02  1.633321E-02  1.347626E-03  1.347626E-03  1.347626E-03  1.347626E-03  1.347626E-03  1.347626E-03  1.347626E-03  1.123944E-02  5.643699E-02  5.643699E-02  5.643699E-02  1.637242E-02  1.637242E-02  1.637242E-02  1.637242E-02  1.637242E-02  1.351877E-03  1.351877E-03  1.351877E-03  1.351877E-03  1.351877E-03  1.351877E-03  1.351877E-03
    -6.1859  1.128911E-02  5.579041E-02  5.579041E-02  5.579041E-02  1.697429E-02  1.697429E-02  1.697429E-02  1.697429E-02  1.697429E-02  1.420006E-03  1.420006E-03  1.420006E-03  1.420006E-03  1.420006E-03  1.420006E-03  1.420006E-03  1.129709E-02  5.583463E-02  5.583463E-02  5.583463E-02  1.701431E-02  1.701431E-02  1.701431E-02  1.701431E-02  1.701431E-02  1.424419E-03  1.424419E-03  1.424419E-03  1.424419E-03  1.424419E-03  1.424419E-03  1.424419E-03
    -5.9447  1.134664E-02  5.521876E-02  5.521876E-02  5.521876E-02  1.762719E-02  1.762719E-02  1.762719E-02  1.762719E-02  1.762719E-02  1.495027E-03  1.495027E-03  1.495027E-03  1.495027E-03  1.495027E-03  1.495027E-03  1.495027E-03  1.135456E-02  5.526226E-02  5.526226E-02  5.526226E-02  1.766800E-02  1.766800E-02  1.766800E-02  1.766800E-02  1.766800E-02  1.499606E-03  1.499606E-03  1.499606E-03  1.499606E-03  1.499606E-03  1.499606E-03  1.499606E-03
    -5.7035  1.140401E-02  5.467567E-02  5.467567E-02  5.467567E-02  1.829177E-02  1.829177E-02  1.829177E-02  1.829177E-02  1.829177E-02  1.572729E-03  1.572729E-03  1.572729E-03  1.572729E-03  1.572729E-03  1.572729E-03  1.572729E-03  1.141187E-02  5.471848E-02  5.471848E-02  5.471848E-02  1.833338E-02  1.833338E-02  1.833338E-02  1.833338E-02  1.833338E-02  1.577476E-03  1.577476E-03  1.577476E-03  1.577476E-03  1.577476E-03  1.577476E-03  1.577476E-03
    -5.4623  1.146122E-02  5.415983E-02  5.415983E-02  5.415983E-02  1.896793E-02  1.896793E-02  1.896793E-02  1.896793E-02  1.896793E-02  1.653149E-03  1.653149E-03  1.653149E-03  1.653149E-03  1.653149E-03  1.653149E-03  1.653149E-03  1.146903E-02  5.420198E-02  5.420198E-02  5.420198E-02  1.901032E-02  1.901032E-02  1.901032E-02  1.901032E-02  1.901032E-02  1.658066E-03  1.658066E-03  1.658066E-03  1.658066E-03  1.658066E-03  1.658066E-03  1.658066E-03
    -5.2211  1.151831E-02  5.367001E-02  5.367001E-02  5.367001E-02  1.965555E-02  1.965555E-02  1.965555E-02  1.965555E-02  1.965555E-02  1.736323E-03  1.736323E-03  1.736323E-03  1.736323E-03  1.736323E-03  1.736323E-03  1.736323E-03  1.152607E-02  5.371153E-02  5.371153E-02  5.371153E-02  1.969872E-02  1.969872E-02  1.969872E-02  1.969872E-02  1.969872E-02  1.741413E-03  1.741413E-03  1.741413E-03  1.741413E-03  1.741413E-03  1.741413E-03  1.741413E-03
    -4.9799  1.157528E-02  5.320507E-02  5.320507E-02  5.320507E-02  2.035449E-02  2.035449E-02  2.035449E-02  2.035449E-02  2.035449E-02  1.822287E-03  1.822287E-03  1.822287E-03  1.822287E-03  1.822287E-03  1.822287E-03  1.822287E-03  1.158298E-02  5.324598E-02  5.324598E-02  5.324598E-02  2.039843E-02  2.039843E-02  2.039843E-02  2.039843E-02  2.039843E-02  1.827554E-03  1.827554E-03  1.827554E-03  1.827554E-03  1.827554E-03  1.827554E-03  1.827554E-03
    -4.7387  1.163214E-02  5.276391E-02  5.276391E-02  5.276391E-02  2.106464E-02  2.106464E-02  2.106464E-02  2.106464E-02  2.106464E-02  1.911077E-03  1.911077E-03  1.911077E-03  1.911077E-03  1.911077E-03  1.911077E-03  1.911077E-03  1.163979E-02  5.280425E-02  5.280425E-02  5.280425E-02  2.110935E-02  2.110935E-02  2.110935E-02  2.110935E-02  2.110935E-02  1.916522E-03  1.916522E-03  1.916522E-03  1.916522E-03  1.916522E-03  1.916522E-03  1.916522E-03
    -4.4975  1.168890E-02  5.234553E-02  5.234553E-02  5.234553E-02  2.178585E-02  2.178585E-02  2.178585E-02  2.178585E-02  2.178585E-02  2.002727E-03  2.002727E-03  2.002727E-03  2.002727E-03  2.002727E-03  2.002727E-03  2.002727E-03  1.169651E-02  5.238531E-02  5.238531E-02  5.238531E-02  2.183132E-02  2.183132E-02  2.183132E-02  2.183132E-02  2.183132E-02  2.008354E-03  2.008354E-03  2.008354E-03  2.008354E-03  2.008354E-03  2.008354E-03  2.008354E-03
    -4.2563  1.174558E-02  5.194897E-02  5.194897E-02  5.194897E-02  2.251799E-02  2.251799E-02  2.251799E-02  2.251799E-02  2.251799E-02  2.097271E-03  2.097271E-03  2.097271E-03  2.097271E-03  2.097271E-03  2.097271E-03  2.097271E-03  1.175314E-02  5.198821E-02  5.198821E-02  5.198821E-02  2.256421E-02  2.256421E-02  2.256421E-02  2.256421E-02  2.256421E-02  2.103081E-03  2.103081E-03  2.103081E-03  2.103081E-03  2.103081E-03  2.103081E-03  2.103081E-03
    -4.0151  1.180217E-02  5.157333E-02  5.157333E-02  5.157333E-02  2.326092E-02  2.326092E-02  2.326092E-02  2.326092E-02  2.326092E-02  2.194741E-03  2.194741E-03  2.194741E-03  2.194741E-03  2.194741E-03  2.194741E-03  2.194741E-03  1.180969E-02  5.161206E-02  5.161206E-02  5.161206E-02  2.330789E-02  2.330789E-02  2.330789E-02  2.330789E-02  2.330789E-02  2.200738E-03  2.200738E-03  2.200738E-03  2.200738E-03  2.200738E-03  2.200738E-03  2.200738E-03
    -3.7739  1.185870E-02  5.121775E-02  5.121775E-02  5.121775E-02  2.401450E-02  2.401450E-02  2.401450E-02  2.401450E-02  2.401450E-02  2.295171E-03  2.295171E-03  2.295171E-03  2.295171E-03  2.295171E-03  2.295171E-03  2.295171E-03  1.186617E-02  5.125598E-02  5.125598E-02  5.125598E-02  2.406220E-02  2.406220E-02  2.406220E-02  2.406220E-02  2.406220E-02  2.301356E-03  2.301356E-03  2.301356E-03  2.301356E-03  2.301356E-03  2.301356E-03  2.301356E-03
    -3.5327  1.191515E-02  5.088142E-02  5.088142E-02  5.088142E-02  2.477857E-02  2.477857E-02  2.477857E-02  2.477857E-02  2.477857E-02  2.398590E-03  2.398590E-03  2.398590E-03  2.398590E-03  2.398590E-03  2.398590E-03  2.398590E-03  1.192258E-02  5.091918E-02  5.091918E-02  5.091918E-02  2.482699E-02  2.482699E-02  2.482699E-02  2.482699E-02  2.482699E-02  2.404967E-03  2.404967E-03  2.404967E-03  2.404967E-03  2.404967E-03  2.404967E-03  2.404967E-03
    -3.2915  1.197154E-02  5.056359E-02  5.056359E-02  5.056359E-02  2.555299E-02  2.555299E-02  2.555299E-02  2.555299E-02  2.555299E-02  2.505030E-03  2.505030E-03  2.505030E-03  2.505030E-03  2.505030E-03  2.505030E-03  2.505030E-03  1.197893E-02  5.060089E-02  5.060089E-02  5.060089E-02  2.560213E-02  2.560213E-02  2.560213E-02  2.560213E-02  2.560213E-02  2.511600E-03  2.511600E-03  2.511600E-03  2.511600E-03  2.511600E-03  2.511600E-03  2.511600E-03
    -3.0503  1.202788E-02  5.026353E-02  5.026353E-02  5.026353E-02  2.633759E-02  2.633759E-02  2.633759E-02  2.633759E-02  2.633759E-02  2.614521E-03  2.614521E-03  2.614521E-03  2.614521E-03  2.614521E-03  2.614521E-03  2.614521E-03  1.203522E-02  5.030038E-02  5.030038E-02  5.030038E-02  2.638743E-02  2.638743E-02  2.638743E-02  2.638743E-02  2.638743E-02  2.621287E-03  2.621287E-03  2.621287E-03  2.621287E-03  2.621287E-03  2.621287E-03  2.621287E-03
    -2.8090  1.208416E-02  4.998056E-02  4.998056E-02  4.998056E-02  2.713222E-02  2.713222E-02  2.713222E-02  2.713222E-02  2.713222E-02  2.727091E-03  2.727091E-03  2.727091E-03  2.727091E-03  2.727091E-03  2.727091E-03  2.727091E-03  1.209145E-02  5.001698E-02  5.001698E-02  5.001698E-02  2.718276E-02  2.718276E-02  2.718276E-02  2.718276E-02  2.718276E-02  2.734056E-03  2.734056E-03  2.734056E-03  2.734056E-03  2.734056E-03  2.734056E-03  2.734056E-03
    -2.5678  1.214038E-02  4.971404E-02  4.971404E-02  4.971404E-02  2.793671E-02  2.793671E-02  2.793671E-02  2.793671E-02  2.793671E-02  2.842769E-03  2.842769E-03  2.842769E-03  2.842769E-03  2.842769E-03  2.842769E-03  2.842769E-03  1.214764E-02  4.975006E-02  4.975006E-02  4.975006E-02  2.798794E-02  2.798794E-02  2.798794E-02  2.798794E-02  2.798794E-02  2.849935E-03  2.849935E-03  2.849935E-03  2.849935E-03  2.849935E-03  2.849935E-03  2.849935E-03
    -2.3266  1.219656E-02  4.946331E-02  4.946331E-02  4.946331E-02  2.875091E-02  2.875091E-02  2.875091E-02  2.875091E-02  2.875091E-02  2.961583E-03  2.961583E-03  2.961583E-03  2.961583E-03  2.961583E-03  2.961583E-03  2.961583E-03  1.220377E-02  4.949893E-02  4.949893E-02  4.949893E-02  2.880280E-02  2.880280E-02  2.880280E-02  2.880280E-02  2.880280E-02  2.968952E-03  2.968952E-03  2.968952E-03  2.968952E-03  2.968952E-03  2.968952E-03  2.968952E-03
    -2.0854  1.225268E-02  4.922780E-02  4.922780E-02  4.922780E-02  2.957462E-02  2.957462E-02  2.957462E-02  2.957462E-02  2.957462E-02  3.083558E-03  3.083558E-03  3.083558E-03  3.083558E-03  3.083558E-03  3.083558E-03  3.083558E-03  1.225986E-02  4.926304E-02  4.926304E-02  4.926304E-02  2.962719E-02  2.962719E-02  2.962719E-02  2.962719E-02  2.962719E-02  3.091133E-03  3.091133E-03  3.091133E-03  3.091133E-03  3.091133E-03  3.091133E-03  3.091133E-03
    -1.8442  1.230876E-02  4.900695E-02  4.900695E-02  4.900695E-02  3.040769E-02  3.040769E-02  3.040769E-02  3.040769E-02  3.040769E-02  3.208722E-03  3.208722E-03  3.208722E-03  3.208722E-03  3.208722E-03  3.208722E-03  3.208722E-03  1.231589E-02  4.904182E-02  4.904182E-02  4.904182E-02  3.046091E-02  3.046091E-02  3.046091E-02  3.046091E-02  3.046091E-02  3.216505E-03  3.216505E-03  3.216505E-03  3.216505E-03  3.216505E-03  3.216505E-03  3.216505E-03
    -1.6030  1.236478E-02  4.880023E-02  4.880023E-02  4.880023E-02  3.124994E-02  3.124994E-02  3.124994E-02  3.124994E-02  3.124994E-02  3.337099E-03  3.337099E-03  3.337099E-03  3.337099E-03  3.337099E-03  3.337099E-03  3.337099E-03  1.237188E-02  4.883474E-02  4.883474E-02  4.883474E-02  3.130379E-02  3.130379E-02  3.130379E-02  3.130379E-02  3.130379E-02  3.345091E-03  3.345091E-03  3.345091E-03  3.345091E-03  3.345091E-03  3.345091E-03  3.345091E-03
    -1.3618  1.242075E-02  4.860712E-02  4.860712E-02  4.860712E-02  3.210118E-02  3.210118E-02  3.210118E-02  3.210118E-02  3.210118E-02  3.468713E-03  3.468713E-03  3.468713E-03  3.468713E-03  3.468713E-03  3.468713E-03  3.468713E-03  1.242781E-02  4.864129E-02  4.864129E-02  4.864129E-02  3.215566E-02  3.215566E-02  3.215566E-02  3.215566E-02  3.215566E-02  3.476918E-03  3.476918E-03  3.476918E-03  3.476918E-03  3.476918E-03  3.476918E-03  3.476918E-03
    -1.1206  1.247668E-02  4.842714E-02  4.842714E-02  4.842714E-02  3.296123E-02  3.296123E-02  3.296123E-02  3.296123E-02  3.296123E-02  3.603588E-03  3.603588E-03  3.603588E-03  3.603588E-03  3.603588E-03  3.603588E-03  3.603588E-03  1.248369E-02  4.846097E-02  4.846097E-02  4.846097E-02  3.301632E-02  3.301632E-02  3.301632E-02  3.301632E-02  3.301632E-02  3.612007E-03  3.612007E-03  3.612007E-03  3.612007E-03  3.612007E-03  3.612007E-03  3.612007E-03
    -0.8794  1.253254E-02  4.825982E-02  4.825982E-02  4.825982E-02  3.382991E-02  3.382991E-02  3.382991E-02  3.382991E-02  3.382991E-02  3.741747E-03  3.741747E-03  3.741747E-03  3.741747E-03  3.741747E-03  3.741747E-03  3.741747E-03  1.253952E-02  4.829332E-02  4.829332E-02  4.829332E-02  3.388560E-02  3.388560E-02  3.388560E-02  3.388560E-02  3.388560E-02  3.750383E-03  3.750383E-03  3.750383E-03  3.750383E-03  3.750383E-03  3.750383E-03  3.750383E-03
    -0.6382  1.258836E-02  4.810470E-02  4.810470E-02  4.810470E-02  3.470702E-02  3.470702E-02  3.470702E-02  3.470702E-02  3.470702E-02  3.883212E-03  3.883212E-03  3.883212E-03  3.883212E-03  3.883212E-03  3.883212E-03  3.883212E-03  1.259529E-02  4.813790E-02  4.813790E-02  4.813790E-02  3.476329E-02  3.476329E-02  3.476329E-02  3.476329E-02  3.476329E-02  3.892066E-03  3.892066E-03  3.892066E-03  3.892066E-03  3.892066E-03  3.892066E-03  3.892066E-03
    -0.3970  1.264411E-02  4.796138E-02  4.796138E-02  4.796138E-02  3.559237E-02  3.559237E-02  3.559237E-02  3.559237E-02  3.559237E-02  4.028004E-03  4.028004E-03  4.028004E-03  4.028004E-03  4.028004E-03  4.028004E-03  4.028004E-03  1.265101E-02  4.799426E-02  4.799426E-02  4.799426E-02  3.564921E-02  3.564921E-02  3.564921E-02  3.564921E-02  3.564921E-02  4.037079E-03  4.037079E-03  4.037079E-03  4.037079E-03  4.037079E-03  4.037079E-03  4.037079E-03
    -0.1558  1.269980E-02  4.782942E-02  4.782942E-02  4.782942E-02  3.648576E-02  3.648576E-02  3.648576E-02  3.648576E-02  3.648576E-02  4.176144E-03  4.176144E-03  4.176144E-03  4.176144E-03  4.176144E-03  4.176144E-03  4.176144E-03  1.270667E-02  4.786202E-02  4.786202E-02  4.786202E-02  3.654316E-02  3.654316E-02  3.654316E-02  3.654316E-02  3.654316E-02  4.185441E-03  4.185441E-03  4.185441E-03  4.185441E-03  4.185441E-03  4.185441E-03  4.185441E-03
     0.0854  1.275544E-02  4.770845E-02  4.770845E-02  4.770845E-02  3.738700E-02  3.738700E-02  3.738700E-02  3.738700E-02  3.738700E-02  4.327650E-03  4.327650E-03  4.327650E-03  4.327650E-03  4.327650E-03  4.327650E-03  4.327650E-03  1.276226E-02  4.774076E-02  4.774076E-02  4.774076E-02  3.744494E-02  3.744494E-02  3.744494E-02  3.744494E-02  3.744494E-02  4.337172E-03  4.337172E-03  4.337172E-03  4.337172E-03  4.337172E-03  4.337172E-03  4.337172E-03
     0.3266  1.281100E-02  4.759808E-02  4.759808E-02  4.759808E-02  3.829587E-02  3.829587E-02  3.829587E-02  3.829587E-02  3.829587E-02  4.482543E-03  4.482543E-03  4.482543E-03  4.482543E-03  4.482543E-03  4.482543E-03  4.482543E-03  1.281779E-02  4.763011E-02  4.763011E-02  4.763011E-02  3.835434E-02  3.835434E-02  3.835434E-02  3.835434E-02  3.835434E-02  4.492291E-03  4.492291E-03  4.492291E-03  4.492291E-03  4.492291E-03  4.492291E-03  4.492291E-03
     0.5678  1.286649E-02  4.749795E-02  4.749795E-02  4.749795E-02  3.921218E-02  3.921218E-02  3.921218E-02  3.921218E-02  3.921218E-02  4.640840E-03  4.640840E-03  4.640840E-03  4.640840E-03  4.640840E-03  4.640840E-03  4.640840E-03  1.287324E-02  4.752971E-02  4.752971E-02  4.752971E-02  3.927116E-02  3.927116E-02  3.927116E-02  3.927116E-02  3.927116E-02  4.650817E-03  4.650817E-03  4.650817E-03  4.650817E-03  4.650817E-03  4.650817E-03  4.650817E-03
     0.8090  1.292191E-02  4.740771E-02  4.740771E-02  4.740771E-02  4.013572E-02  4.013572E-02  4.013572E-02  4.013572E-02  4.013572E-02  4.802559E-03  4.802559E-03  4.802559E-03  4.802559E-03  4.802559E-03  4.802559E-03  4.802559E-03  1.292863E-02  4.743920E-02  4.743920E-02  4.743920E-02  4.019519E-02  4.019519E-02  4.019519E-02  4.019519E-02  4.019519E-02  4.812766E-03  4.812766E-03  4.812766E-03  4.812766E-03  4.812766E-03  4.812766E-03  4.812766E-03
     1.0503  1.297726E-02  4.732702E-02  4.732702E-02  4.732702E-02  4.106628E-02  4.106628E-02  4.106628E-02  4.106628E-02  4.106628E-02  4.967716E-03  4.967716E-03  4.967716E-03  4.967716E-03  4.967716E-03  4.967716E-03  4.967716E-03  1.298393E-02  4.735826E-02  4.735826E-02  4.735826E-02  4.112622E-02  4.112622E-02  4.112622E-02  4.112622E-02  4.112622E-02  4.978155E-03  4.978155E-03  4.978155E-03  4.978155E-03  4.978155E-03  4.978155E-03  4.978155E-03
     1.2915  1.303252E-02  4.725557E-02  4.725557E-02  4.725557E-02  4.200363E-02  4.200363E-02  4.200363E-02  4.200363E-02  4.200363E-02  5.136327E-03  5.136327E-03  5.136327E-03  5.136327E-03  5.136327E-03  5.136327E-03  5.136327E-03  1.303915E-02  4.728656E-02  4.728656E-02  4.728656E-02  4.206403E-02  4.206403E-02  4.206403E-02  4.206403E-02  4.206403E-02  5.146999E-03  5.146999E-03  5.146999E-03  5.146999E-03  5.146999E-03  5.146999E-03  5.146999E-03
     1.5327  1.308768E-02  4.719303E-02  4.719303E-02  4.719303E-02  4.294757E-02  4.294757E-02  4.294757E-02  4.294757E-02  4.294757E-02  5.308407E-03  5.308407E-03  5.308407E-03  5.308407E-03  5.308407E-03  5.308407E-03  5.308407E-03  1.309429E-02  4.722378E-02  4.722378E-02  4.722378E-02  4.300841E-02  4.300841E-02  4.300841E-02  4.300841E-02  4.300841E-02  5.319315E-03  5.319315E-03  5.319315E-03  5.319315E-03  5.319315E-03  5.319315E-03  5.319315E-03
     1.7739  1.314276E-02  4.713912E-02  4.713912E-02  4.713912E-02  4.389787E-02  4.389787E-02  4.389787E-02  4.389787E-02  4.389787E-02  5.483970E-03  5.483970E-03  5.483970E-03  5.483970E-03  5.483970E-03  5.483970E-03  5.483970E-03  1.314933E-02  4.716963E-02  4.716963E-02  4.716963E-02  4.395913E-02  4.395913E-02  4.395913E-02  4.395913E-02  4.395913E-02  5.495115E-03  5.495115E-03  5.495115E-03  5.495115E-03  5.495115E-03  5.495115E-03  5.495115E-03
     2.0151  1.319774E-02  4.709353E-02  4.709353E-02  4.709353E-02  4.485432E-02  4.485432E-02  4.485432E-02  4.485432E-02  4.485432E-02  5.663030E-03  5.663030E-03  5.663030E-03  5.663030E-03  5.663030E-03  5.663030E-03  5.663030E-03  1.320428E-02  4.712381E-02  4.712381E-02  4.712381E-02  4.491599E-02  4.491599E-02  4.491599E-02  4.491599E-02  4.491599E-02  5.674414E-03  5.674414E-03  5.674414E-03  5.674414E-03  5.674414E-03  5.674414E-03  5.674414E-03
     2.2563  1.325262E-02  4.705599E-02  4.705599E-02  4.705599E-02  4.581669E-02  4.581669E-02  4.581669E-02  4.581669E-02  4.581669E-02  5.845600E-03  5.845600E-03  5.845600E-03  5.845600E-03  5.845600E-03  5.845600E-03  5.845600E-03  1.325912E-02  4.708605E-02  4.708605E-02  4.708605E-02  4.587874E-02  4.587874E-02  4.587874E-02  4.587874E-02  4.587874E-02  5.857225E-03  5.857225E-03  5.857225E-03  5.857225E-03  5.857225E-03  5.857225E-03  5.857225E-03
     2.4975  1.330740E-02  4.702624E-02  4.702624E-02  4.702624E-02  4.678475E-02  4.678475E-02  4.678475E-02  4.678475E-02  4.678475E-02  6.031691E-03  6.031691E-03  6.031691E-03  6.031691E-03  6.031691E-03  6.031691E-03  6.031691E-03  1.331386E-02  4.705607E-02  4.705607E-02  4.705607E-02  4.684717E-02  4.684717E-02  4.684717E-02  4.684717E-02  4.684717E-02  6.043558E-03  6.043558E-03  6.043558E-03  6.043558E-03  6.043558E-03  6.043558E-03  6.043558E-03
     2.7387  1.336206E-02  4.700400E-02  4.700400E-02  4.700400E-02  4.775828E-02  4.775828E-02  4.775828E-02  4.775828E-02  4.775828E-02  6.221315E-03  6.221315E-03  6.221315E-03  6.221315E-03  6.221315E-03  6.221315E-03  6.221315E-03  1.336849E-02  4.703362E-02  4.703362E-02  4.703362E-02  4.782104E-02  4.782104E-02  4.782104E-02  4.782104E-02  4.782104E-02  6.233426E-03  6.233426E-03  6.233426E-03  6.233426E-03  6.233426E-03  6.233426E-03  6.233426E-03
     2.9799  1.341661E-02  4.698903E-02  4.698903E-02  4.698903E-02  4.873704E-02  4.873704E-02  4.873704E-02  4.873704E-02  4.873704E-02  6.414483E-03  6.414483E-03  6.414483E-03  6.414483E-03  6.414483E-03  6.414483E-03  6.414483E-03  1.342300E-02  4.701843E-02  4.701843E-02  4.701843E-02  4.880012E-02  4.880012E-02  4.880012E-02  4.880012E-02  4.880012E-02  6.426839E-03  6.426839E-03  6.426839E-03  6.426839E-03  6.426839E-03  6.426839E-03  6.426839E-03
     3.2211  1.347104E-02  4.698109E-02  4.698109E-02  4.698109E-02  4.972080E-02  4.972080E-02  4.972080E-02  4.972080E-02  4.972080E-02  6.611204E-03  6.611204E-03  6.611204E-03  6.611204E-03  6.611204E-03  6.611204E-03  6.611204E-03  1.347739E-02  4.701028E-02  4.701028E-02  4.701028E-02  4.978419E-02  4.978419E-02  4.978419E-02  4.978419E-02  4.978419E-02  6.623807E-03  6.623807E-03  6.623807E-03  6.623807E-03  6.623807E-03  6.623807E-03  6.623807E-03
     3.4623  1.352534E-02  4.697993E-02  4.697993E-02  4.697993E-02  5.070932E-02  5.070932E-02  5.070932E-02  5.070932E-02  5.070932E-02  6.811487E-03  6.811487E-03  6.811487E-03  6.811487E-03  6.811487E-03  6.811487E-03  6.811487E-03  1.353165E-02  4.700892E-02  4.700892E-02  4.700892E-02  5.077299E-02  5.077299E-02  5.077299E-02  5.077299E-02  5.077299E-02  6.824338E-03  6.824338E-03  6.824338E-03  6.824338E-03  6.824338E-03  6.824338E-03  6.824338E-03
     3.7035  1.357950E-02  4.698532E-02  4.698532E-02  4.698532E-02  5.170237E-02  5.170237E-02  5.170237E-02  5.170237E-02  5.170237E-02  7.015341E-03  7.015341E-03  7.015341E-03  7.015341E-03  7.015341E-03  7.015341E-03  7.015341E-03  1.358577E-02  4.701411E-02  4.701411E-02  4.701411E-02  5.176631E-02  5.176631E-02  5.176631E-02  5.176631E-02  5.176631E-02  7.028442E-03  7.028442E-03  7.028442E-03  7.028442E-03  7.028442E-03  7.028442E-03  7.028442E-03
     3.9447  1.363353E-02  4.699706E-02  4.699706E-02  4.699706E-02  5.269971E-02  5.269971E-02  5.269971E-02  5.269971E-02  5.269971E-02  7.222772E-03  7.222772E-03  7.222772E-03  7.222772E-03  7.222772E-03  7.222772E-03  7.222772E-03  1.363976E-02  4.702565E-02  4.702565E-02  4.702565E-02  5.276389E-02  5.276389E-02  5.276389E-02  5.276389E-02  5.276389E-02  7.236124E-03  7.236124E-03  7.236124E-03  7.236124E-03  7.236124E-03  7.236124E-03  7.236124E-03
     4.1859  1.368741E-02  4.701491E-02  4.701491E-02  4.701491E-02  5.370109E-02  5.370109E-02  5.370109E-02  5.370109E-02  5.370109E-02  7.433788E-03  7.433788E-03  7.433788E-03  7.433788E-03  7.433788E-03  7.433788E-03  7.433788E-03  1.369360E-02  4.704331E-02  4.704331E-02  4.704331E-02  5.376550E-02  5.376550E-02  5.376550E-02  5.376550E-02  5.376550E-02  7.447393E-03  7.447393E-03  7.447393E-03  7.447393E-03  7.447393E-03  7.447393E-03  7.447393E-03
     4.4271  1.374114E-02  4.703868E-02  4.703868E-02  4.703868E-02  5.470628E-02  5.470628E-02  5.470628E-02  5.470628E-02  5.470628E-02  7.648395E-03  7.648395E-03  7.648395E-03  7.648395E-03  7.648395E-03  7.648395E-03  7.648395E-03  1.374730E-02  4.706688E-02  4.706688E-02  4.706688E-02  5.477089E-02  5.477089E-02  5.477089E-02  5.477089E-02  5.477089E-02  7.662254E-03  7.662254E-03  7.662254E-03  7.662254E-03  7.662254E-03  7.662254E-03  7.662254E-03
     4.6683  1.379471E-02  4.706816E-02  4.706816E-02  4.706816E-02  5.571503E-02  5.571503E-02  5.571503E-02  5.571503E-02  5.571503E-02  7.866599E-03  7.866599E-03  7.866599E-03  7.866599E-03  7.866599E-03  7.866599E-03  7.866599E-03  1.380083E-02  4.709617E-02  4.709617E-02  4.709617E-02  5.577981E-02  5.577981E-02  5.577981E-02  5.577981E-02  5.577981E-02  7.880712E-03  7.880712E-03  7.880712E-03  7.880712E-03  7.880712E-03  7.880712E-03  7.880712E-03
     4.9095  1.384813E-02  4.710315E-02  4.710315E-02  4.710315E-02  5.672710E-02  5.672710E-02  5.672710E-02  5.672710E-02  5.672710E-02  8.088403E-03  8.088403E-03  8.088403E-03  8.088403E-03  8.088403E-03  8.088403E-03  8.088403E-03  1.385420E-02  4.713098E-02  4.713098E-02  4.713098E-02  5.679203E-02  5.679203E-02  5.679203E-02  5.679203E-02  5.679203E-02  8.102772E-03  8.102772E-03  8.102772E-03  8.102772E-03  8.102772E-03  8.102772E-03  8.102772E-03
     5.1508  1.390137E-02  4.714346E-02  4.714346E-02  4.714346E-02  5.774223E-02  5.774223E-02  5.774223E-02  5.774223E-02  5.774223E-02  8.313812E-03  8.313812E-03  8.313812E-03  8.313812E-03  8.313812E-03  8.313812E-03  8.313812E-03  1.390741E-02  4.717111E-02  4.717111E-02  4.717111E-02  5.780730E-02  5.780730E-02  5.780730E-02  5.780730E-02  5.780730E-02  8.328438E-03  8.328438E-03  8.328438E-03  8.328438E-03  8.328438E-03  8.328438E-03  8.328438E-03
     5.3920  1.395444E-02  4.718891E-02  4.718891E-02  4.718891E-02  5.876018E-02  5.876018E-02  5.876018E-02  5.876018E-02  5.876018E-02  8.542829E-03  8.542829E-03  8.542829E-03  8.542829E-03  8.542829E-03  8.542829E-03  8.542829E-03  1.396044E-02  4.721638E-02  4.721638E-02  4.721638E-02  5.882536E-02  5.882536E-02  5.882536E-02  5.882536E-02  5.882536E-02  8.557713E-03  8.557713E-03  8.557713E-03  8.557713E-03  8.557713E-03  8.557713E-03  8.557713E-03
     5.6332  1.400733E-02  4.723932E-02  4.723932E-02  4.723932E-02  5.978070E-02  5.978070E-02  5.978070E-02  5.978070E-02  5.978070E-02  8.775456E-03  8.775456E-03  8.775456E-03  8.775456E-03  8.775456E-03  8.775456E-03  8.775456E-03  1.401329E-02  4.726661E-02  4.726661E-02  4.726661E-02  5.984596E-02  5.984596E-02  5.984596E-02  5.984596E-02  5.984596E-02  8.790600E-03  8.790600E-03  8.790600E-03  8.790600E-03  8.790600E-03  8.790600E-03  8.790600E-03
     5.8744  1.406004E-02  4.729451E-02  4.729451E-02  4.729451E-02  6.080354E-02  6.080354E-02  6.080354E-02  6.080354E-02  6.080354E-02  9.011695E-03  9.011695E-03  9.011695E-03  9.011695E-03  9.011695E-03  9.011695E-03  9.011695E-03  1.406596E-02  4.732162E-02  4.732162E-02  4.732162E-02  6.086886E-02  6.086886E-02  6.086886E-02  6.086886E-02  6.086886E-02  9.027100E-03  9.027100E-03  9.027100E-03  9.027100E-03  9.027100E-03  9.027100E-03  9.027100E-03
     6.1156  1.411256E-02  4.735432E-02  4.735432E-02  4.735432E-02  6.182844E-02  6.182844E-02  6.182844E-02  6.182844E-02  6.182844E-02  9.251547E-03  9.251547E-03  9.251547E-03  9.251547E-03  9.251547E-03  9.251547E-03  9.251547E-03  1.411843E-02  4.738125E-02  4.738125E-02  4.738125E-02  6.189380E-02  6.189380E-02  6.189380E-02  6.189380E-02  6.189380E-02  9.267214E-03  9.267214E-03  9.267214E-03  9.267214E-03  9.267214E-03  9.267214E-03  9.267214E-03
     6.3568  1.416487E-02  4.741857E-02  4.741857E-02  4.741857E-02  6.285516E-02  6.285516E-02  6.285516E-02  6.285516E-02  6.285516E-02  9.495013E-03  9.495013E-03  9.495013E-03  9.495013E-03  9.495013E-03  9.495013E-03  9.495013E-03  1.417071E-02  4.744533E-02  4.744533E-02  4.744533E-02  6.292054E-02  6.292054E-02  6.292054E-02  6.292054E-02  6.292054E-02  9.510942E-03  9.510942E-03  9.510942E-03  9.510942E-03  9.510942E-03  9.510942E-03  9.510942E-03
     6.5980  1.421699E-02  4.748711E-02  4.748711E-02  4.748711E-02  6.388343E-02  6.388343E-02  6.388343E-02  6.388343E-02  6.388343E-02  9.742092E-03  9.742092E-03  9.742092E-03  9.742092E-03  9.742092E-03  9.742092E-03  9.742092E-03  1.422278E-02  4.751369E-02  4.751369E-02  4.751369E-02  6.394880E-02  6.394880E-02  6.394880E-02  6.394880E-02  6.394880E-02  9.758284E-03  9.758284E-03  9.758284E-03  9.758284E-03  9.758284E-03  9.758284E-03  9.758284E-03
     6.8392  1.426890E-02  4.755978E-02  4.755978E-02  4.755978E-02  6.491301E-02  6.491301E-02  6.491301E-02  6.491301E-02  6.491301E-02  9.992783E-03  9.992783E-03  9.992783E-03  9.992783E-03  9.992783E-03  9.992783E-03  9.992783E-03  1.427465E-02  4.758619E-02  4.758619E-02  4.758619E-02  6.497835E-02  6.497835E-02  6.497835E-02  6.497835E-02  6.497835E-02  1.000924E-02  1.000924E-02  1.000924E-02  1.000924E-02  1.000924E-02  1.000924E-02  1.000924E-02
     7.0804  1.432059E-02  4.763642E-02  4.763642E-02  4.763642E-02  6.594364E-02  6.594364E-02  6.594364E-02  6.594364E-02  6.594364E-02  1.024708E-02  1.024708E-02  1.024708E-02  1.024708E-02  1.024708E-02  1.024708E-02  1.024708E-02  1.432630E-02  4.766266E-02  4.766266E-02  4.766266E-02  6.600892E-02  6.600892E-02  6.600892E-02  6.600892E-02  6.600892E-02  1.026381E-02  1.026381E-02  1.026381E-02  1.026381E-02  1.026381E-02  1.026381E-02  1.026381E-02
     7.3216  1.437206E-02  4.771689E-02  4.771689E-02  4.771689E-02  6.697506E-02  6.697506E-02  6.697506E-02  6.697506E-02  6.697506E-02  1.050499E-02  1.050499E-02  1.050499E-02  1.050499E-02  1.050499E-02  1.050499E-02  1.050499E-02  1.437772E-02  4.774295E-02  4.774295E-02  4.774295E-02  6.704026E-02  6.704026E-02  6.704026E-02  6.704026E-02  6.704026E-02  1.052198E-02  1.052198E-02  1.052198E-02  1.052198E-02  1.052198E-02  1.052198E-02  1.052198E-02
     7.5628  1.442331E-02  4.780103E-02  4.780103E-02  4.780103E-02  6.800702E-02  6.800702E-02  6.800702E-02  6.800702E-02  6.800702E-02  1.076651E-02  1.076651E-02  1.076651E-02  1.076651E-02  1.076651E-02  1.076651E-02  1.076651E-02  1.442892E-02  4.782693E-02  4.782693E-02  4.782693E-02  6.807211E-02  6.807211E-02  6.807211E-02  6.807211E-02  6.807211E-02  1.078376E-02  1.078376E-02  1.078376E-02  1.078376E-02  1.078376E-02  1.078376E-02  1.078376E-02
     7.8040  1.447432E-02  4.788872E-02  4.788872E-02  4.788872E-02  6.903926E-02  6.903926E-02  6.903926E-02  6.903926E-02  6.903926E-02  1.103162E-02  1.103162E-02  1.103162E-02  1.103162E-02  1.103162E-02  1.103162E-02  1.103162E-02  1.447989E-02  4.791445E-02  4.791445E-02  4.791445E-02  6.910422E-02  6.910422E-02  6.910422E-02  6.910422E-02  6.910422E-02  1.104915E-02  1.104915E-02  1.104915E-02  1.104915E-02  1.104915E-02  1.104915E-02  1.104915E-02
     8.0452  1.452510E-02  4.797981E-02  4.797981E-02  4.797981E-02  7.007153E-02  7.007153E-02  7.007153E-02  7.007153E-02  7.007153E-02  1.130034E-02  1.130034E-02  1.130034E-02  1.130034E-02  1.130034E-02  1.130034E-02  1.130034E-02  1.453063E-02  4.800537E-02  4.800537E-02  4.800537E-02  7.013633E-02  7.013633E-02  7.013633E-02  7.013633E-02  7.013633E-02  1.131813E-02  1.131813E-02  1.131813E-02  1.131813E-02  1.131813E-02  1.131813E-02  1.131813E-02
     8.2864  1.457563E-02  4.807417E-02  4.807417E-02  4.807417E-02  7.110356E-02  7.110356E-02  7.110356E-02  7.110356E-02  7.110356E-02  1.157264E-02  1.157264E-02  1.157264E-02  1.157264E-02  1.157264E-02  1.157264E-02  1.157264E-02  1.458112E-02  4.809956E-02  4.809956E-02  4.809956E-02  7.116818E-02  7.116818E-02  7.116818E-02  7.116818E-02  7.116818E-02  1.159070E-02  1.159070E-02  1.159070E-02  1.159070E-02  1.159070E-02  1.159070E-02  1.159070E-02
     8.5276  1.462592E-02  4.817166E-02  4.817166E-02  4.817166E-02  7.213511E-02  7.213511E-02  7.213511E-02  7.213511E-02  7.213511E-02  1.184853E-02  1.184853E-02  1.184853E-02  1.184853E-02  1.184853E-02  1.184853E-02  1.184853E-02  1.463136E-02  4.819688E-02  4.819688E-02  4.819688E-02  7.219952E-02  7.219952E-02  7.219952E-02  7.219952E-02  7.219952E-02  1.186686E-02  1.186686E-02  1.186686E-02  1.186686E-02  1.186686E-02  1.186686E-02  1.186686E-02
     8.7688  1.467595E-02  4.827217E-02  4.827217E-02  4.827217E-02  7.316591E-02  7.316591E-02  7.316591E-02  7.316591E-02  7.316591E-02  1.212800E-02  1.212800E-02  1.212800E-02  1.212800E-02  1.212800E-02  1.212800E-02  1.212800E-02  1.468135E-02  4.829722E-02  4.829722E-02  4.829722E-02  7.323008E-02  7.323008E-02  7.323008E-02  7.323008E-02  7.323008E-02  1.214659E-02  1.214659E-02  1.214659E-02  1.214659E-02  1.214659E-02  1.214659E-02  1.214659E-02
     9.0101  1.472572E-02  4.837555E-02  4.837555E-02  4.837555E-02  7.419570E-02  7.419570E-02  7.419570E-02  7.419570E-02  7.419570E-02  1.241104E-02  1.241104E-02  1.241104E-02  1.241104E-02  1.241104E-02  1.241104E-02  1.241104E-02  1.473108E-02  4.840043E-02  4.840043E-02  4.840043E-02  7.425962E-02  7.425962E-02  7.425962E-02  7.425962E-02  7.425962E-02  1.242991E-02  1.242991E-02  1.242991E-02  1.242991E-02  1.242991E-02  1.242991E-02  1.242991E-02
     9.2513  1.477523E-02  4.848169E-02  4.848169E-02  4.848169E-02  7.522424E-02  7.522424E-02  7.522424E-02  7.522424E-02  7.522424E-02  1.269764E-02  1.269764E-02  1.269764E-02  1.269764E-02  1.269764E-02  1.269764E-02  1.269764E-02  1.478054E-02  4.850640E-02  4.850640E-02  4.850640E-02  7.528788E-02  7.528788E-02  7.528788E-02  7.528788E-02  7.528788E-02  1.271678E-02  1.271678E-02  1.271678E-02  1.271678E-02  1.271678E-02  1.271678E-02  1.271678E-02
     9.4925  1.482447E-02  4.859047E-02  4.859047E-02  4.859047E-02  7.625127E-02  7.625127E-02  7.625127E-02  7.625127E-02  7.625127E-02  1.298780E-02  1.298780E-02  1.298780E-02  1.298780E-02  1.298780E-02  1.298780E-02  1.298780E-02  1.482973E-02  4.861502E-02  4.861502E-02  4.861502E-02  7.631460E-02  7.631460E-02  7.631460E-02  7.631460E-02  7.631460E-02  1.300720E-02  1.300720E-02  1.300720E-02  1.300720E-02  1.300720E-02  1.300720E-02  1.300720E-02
     9.7337  1.487344E-02  4.870178E-02  4.870178E-02  4.870178E-02  7.727653E-02  7.727653E-02  7.727653E-02  7.727653E-02  7.727653E-02  1.328151E-02  1.328151E-02  1.328151E-02  1.328151E-02  1.328151E-02  1.328151E-02  1.328151E-02  1.487865E-02  4.872616E-02  4.872616E-02  4.872616E-02  7.733953E-02  7.733953E-02  7.733953E-02  7.733953E-02  7.733953E-02  1.330118E-02  1.330118E-02  1.330118E-02  1.330118E-02  1.330118E-02  1.330118E-02  1.330118E-02
     9.9749  1.492212E-02  4.881550E-02  4.881550E-02  4.881550E-02  7.829977E-02  7.829977E-02  7.829977E-02  7.829977E-02  7.829977E-02  1.357876E-02  1.357876E-02  1.357876E-02  1.357876E-02  1.357876E-02  1.357876E-02  1.357876E-02  1.492729E-02  4.883971E-02  4.883971E-02  4.883971E-02  7.836241E-02  7.836241E-02  7.836241E-02  7.836241E-02  7.836241E-02  1.359869E-02  1.359869E-02  1.359869E-02  1.359869E-02  1.359869E-02  1.359869E-02  1.359869E-02
    10.2161  1.497051E-02  4.893152E-02  4.893152E-02  4.893152E-02  7.932073E-02  7.932073E-02  7.932073E-02  7.932073E-02  7.932073E-02  1.387953E-02  1.387953E-02  1.387953E-02  1.387953E-02  1.387953E-02  1.387953E-02  1.387953E-02  1.497564E-02  4.895556E-02  4.895556E-02  4.895556E-02  7.938299E-02  7.938299E-02  7.938299E-02  7.938299E-02  7.938299E-02  1.389974E-02  1.389974E-02  1.389974E-02  1.389974E-02  1.389974E-02  1.389974E-02  1.389974E-02
    10.4573  1.501862E-02  4.904973E-02  4.904973E-02  4.904973E-02  8.033917E-02  8.033917E-02  8.033917E-02  8.033917E-02  8.033917E-02  1.418382E-02  1.418382E-02  1.418382E-02  1.418382E-02  1.418382E-02  1.418382E-02  1.418382E-02  1.502370E-02  4.907359E-02  4.907359E-02  4.907359E-02  8.040102E-02  8.040102E-02  8.040102E-02  8.040102E-02  8.040102E-02  1.420430E-02  1.420430E-02  1.420430E-02  1.420430E-02  1.420430E-02  1.420430E-02  1.420430E-02
    10.6985  1.506643E-02  4.917002E-02  4.917002E-02  4.917002E-02  8.135482E-02  8.135482E-02  8.135482E-02  8.135482E-02  8.135482E-02  1.449159E-02  1.449159E-02  1.449159E-02  1.449159E-02  1.449159E-02  1.449159E-02  1.449159E-02  1.507146E-02  4.919372E-02  4.919372E-02  4.919372E-02  8.141625E-02  8.141625E-02  8.141625E-02  8.141625E-02  8.141625E-02  1.451236E-02  1.451236E-02  1.451236E-02  1.451236E-02  1.451236E-02  1.451236E-02  1.451236E-02
    10.9397  1.511394E-02  4.929230E-02  4.929230E-02  4.929230E-02  8.236745E-02  8.236745E-02  8.236745E-02  8.236745E-02  8.236745E-02  1.480288E-02  1.480288E-02  1.480288E-02  1.480288E-02  1.480288E-02  1.480288E-02  1.480288E-02  1.511892E-02  4.931582E-02  4.931582E-02  4.931582E-02  8.242842E-02  8.242842E-02  8.242842E-02  8.242842E-02  8.242842E-02  1.482392E-02  1.482392E-02  1.482392E-02  1.482392E-02  1.482392E-02  1.482392E-02  1.482392E-02
    11.1809  1.516114E-02  4.941645E-02  4.941645E-02  4.941645E-02  8.337681E-02  8.337681E-02  8.337681E-02  8.337681E-02  8.337681E-02  1.511764E-02  1.511764E-02  1.511764E-02  1.511764E-02  1.511764E-02  1.511764E-02  1.511764E-02  1.516607E-02  4.943980E-02  4.943980E-02  4.943980E-02  8.343730E-02  8.343730E-02  8.343730E-02  8.343730E-02  8.343730E-02  1.513896E-02  1.513896E-02  1.513896E-02  1.513896E-02  1.513896E-02  1.513896E-02  1.513896E-02
    11.4221  1.520804E-02  4.954238E-02  4.954238E-02  4.954238E-02  8.438264E-02  8.438264E-02  8.438264E-02  8.438264E-02  8.438264E-02  1.543587E-02  1.543587E-02  1.543587E-02  1.543587E-02  1.543587E-02  1.543587E-02  1.543587E-02  1.521292E-02  4.956556E-02  4.956556E-02  4.956556E-02  8.444262E-02  8.444262E-02  8.444262E-02  8.444262E-02  8.444262E-02  1.545746E-02  1.545746E-02  1.545746E-02  1.545746E-02  1.545746E-02  1.545746E-02  1.545746E-02
    11.6633  1.525462E-02  4.967000E-02  4.967000E-02  4.967000E-02  8.538469E-02  8.538469E-02  8.538469E-02  8.538469E-02  8.538469E-02  1.575756E-02  1.575756E-02  1.575756E-02  1.575756E-02  1.575756E-02  1.575756E-02  1.575756E-02  1.525945E-02  4.969300E-02  4.969300E-02  4.969300E-02  8.544415E-02  8.544415E-02  8.544415E-02  8.544415E-02  8.544415E-02  1.577942E-02  1.577942E-02  1.577942E-02  1.577942E-02  1.577942E-02  1.577942E-02  1.577942E-02
    11.9045  1.530087E-02  4.979921E-02  4.979921E-02  4.979921E-02  8.638274E-02  8.638274E-02  8.638274E-02  8.638274E-02  8.638274E-02  1.608268E-02  1.608268E-02  1.608268E-02  1.608268E-02  1.608268E-02  1.608268E-02  1.608268E-02  1.530566E-02  4.982203E-02  4.982203E-02  4.982203E-02  8.644164E-02  8.644164E-02  8.644164E-02  8.644164E-02  8.644164E-02  1.610481E-02  1.610481E-02  1.610481E-02  1.610481E-02  1.610481E-02  1.610481E-02  1.610481E-02
    12.1457  1.534681E-02  4.992991E-02  4.992991E-02  4.992991E-02  8.737653E-02  8.737653E-02  8.737653E-02  8.737653E-02  8.737653E-02  1.641122E-02  1.641122E-02  1.641122E-02  1.641122E-02  1.641122E-02  1.641122E-02  1.641122E-02  1.535155E-02  4.995256E-02  4.995256E-02  4.995256E-02  8.743485E-02  8.743485E-02  8.743485E-02  8.743485E-02  8.743485E-02  1.643363E-02  1.643363E-02  1.643363E-02  1.643363E-02  1.643363E-02  1.643363E-02  1.643363E-02
    12.3869  1.539241E-02  5.006201E-02  5.006201E-02  5.006201E-02  8.836582E-02  8.836582E-02  8.836582E-02  8.836582E-02  8.836582E-02  1.674317E-02  1.674317E-02  1.674317E-02  1.674317E-02  1.674317E-02  1.674317E-02  1.674317E-02  1.539711E-02  5.008449E-02  5.008449E-02  5.008449E-02  8.842354E-02  8.842354E-02  8.842354E-02  8.842354E-02  8.842354E-02  1.676585E-02  1.676585E-02  1.676585E-02  1.676585E-02  1.676585E-02  1.676585E-02  1.676585E-02
    12.6281  1.543768E-02  5.019543E-02  5.019543E-02  5.019543E-02  8.935038E-02  8.935038E-02  8.935038E-02  8.935038E-02  8.935038E-02  1.707851E-02  1.707851E-02  1.707851E-02  1.707851E-02  1.707851E-02  1.707851E-02  1.707851E-02  1.544233E-02  5.021773E-02  5.021773E-02  5.021773E-02  8.940748E-02  8.940748E-02  8.940748E-02  8.940748E-02  8.940748E-02  1.710146E-02  1.710146E-02  1.710146E-02  1.710146E-02  1.710146E-02  1.710146E-02  1.710146E-02
    12.8693  1.548261E-02  5.033009E-02  5.033009E-02  5.033009E-02  9.032997E-02  9.032997E-02  9.032997E-02  9.032997E-02  9.032997E-02  1.741723E-02  1.741723E-02  1.741723E-02  1.741723E-02  1.741723E-02  1.741723E-02  1.741723E-02  1.548721E-02  5.035220E-02  5.035220E-02  5.035220E-02  9.038641E-02  9.038641E-02  9.038641E-02  9.038641E-02  9.038641E-02  1.744044E-02  1.744044E-02  1.744044E-02  1.744044E-02  1.744044E-02  1.744044E-02  1.744044E-02
    13.1106  1.552720E-02  5.046588E-02  5.046588E-02  5.046588E-02  9.130435E-02  9.130435E-02  9.130435E-02  9.130435E-02  9.130435E-02  1.775929E-02  1.775929E-02  1.775929E-02  1.775929E-02  1.775929E-02  1.775929E-02  1.775929E-02  1.553175E-02  5.048782E-02  5.048782E-02  5.048782E-02  9.136012E-02  9.136012E-02  9.136012E-02  9.136012E-02  9.136012E-02  1.778279E-02  1.778279E-02  1.778279E-02  1.778279E-02  1.778279E-02  1.778279E-02  1.778279E-02
    13.3518  1.557145E-02  5.060274E-02  5.060274E-02  5.060274E-02  9.227329E-02  9.227329E-02  9.227329E-02  9.227329E-02  9.227329E-02  1.810470E-02  1.810470E-02  1.810470E-02  1.810470E-02  1.810470E-02  1.810470E-02  1.810470E-02  1.557595E-02  5.062449E-02  5.062449E-02  5.062449E-02  9.232837E-02  9.232837E-02  9.232837E-02  9.232837E-02  9.232837E-02  1.812846E-02  1.812846E-02  1.812846E-02  1.812846E-02  1.812846E-02  1.812846E-02  1.812846E-02
    13.5930  1.561534E-02  5.074058E-02  5.074058E-02  5.074058E-02  9.323656E-02  9.323656E-02  9.323656E-02  9.323656E-02  9.323656E-02  1.845343E-02  1.845343E-02  1.845343E-02  1.845343E-02  1.845343E-02  1.845343E-02  1.845343E-02  1.561979E-02  5.076215E-02  5.076215E-02  5.076215E-02  9.329093E-02  9.329093E-02  9.329093E-02  9.329093E-02  9.329093E-02  1.847746E-02  1.847746E-02  1.847746E-02  1.847746E-02  1.847746E-02  1.847746E-02  1.847746E-02
    13.8342  1.565888E-02  5.087932E-02  5.087932E-02  5.087932E-02  9.419395E-02  9.419395E-02  9.419395E-02  9.419395E-02  9.419395E-02  1.880545E-02  1.880545E-02  1.880545E-02  1.880545E-02  1.880545E-02  1.880545E-02  1.880545E-02  1.566328E-02  5.090070E-02  5.090070E-02  5.090070E-02  9.424758E-02  9.424758E-02  9.424758E-02  9.424758E-02  9.424758E-02  1.882976E-02  1.882976E-02  1.882976E-02  1.882976E-02  1.882976E-02  1.882976E-02  1.882976E-02
    14.0754  1.570206E-02  5.101888E-02  5.101888E-02  5.101888E-02  9.514521E-02  9.514521E-02  9.514521E-02  9.514521E-02  9.514521E-02  1.916076E-02  1.916076E-02  1.916076E-02  1.916076E-02  1.916076E-02  1.916076E-02  1.916076E-02  1.570641E-02  5.104008E-02  5.104008E-02  5.104008E-02  9.519808E-02  9.519808E-02  9.519808E-02  9.519808E-02  9.519808E-02  1.918533E-02  1.918533E-02  1.918533E-02  1.918533E-02  1.918533E-02  1.918533E-02  1.918533E-02
    14.3166  1.574488E-02  5.115919E-02  5.115919E-02  5.115919E-02  9.609013E-02  9.609013E-02  9.609013E-02  9.609013E-02  9.609013E-02  1.951933E-02  1.951933E-02  1.951933E-02  1.951933E-02  1.951933E-02  1.951933E-02  1.951933E-02  1.574917E-02  5.118020E-02  5.118020E-02  5.118020E-02  9.614223E-02  9.614223E-02  9.614223E-02  9.614223E-02  9.614223E-02  1.954417E-02  1.954417E-02  1.954417E-02  1.954417E-02  1.954417E-02  1.954417E-02  1.954417E-02
    14.5578  1.578733E-02  5.130017E-02  5.130017E-02  5.130017E-02  9.702850E-02  9.702850E-02  9.702850E-02  9.702850E-02  9.702850E-02  1.988113E-02  1.988113E-02  1.988113E-02  1.988113E-02  1.988113E-02  1.988113E-02  1.988113E-02  1.579157E-02  5.132099E-02  5.132099E-02  5.132099E-02  9.707979E-02  9.707979E-02  9.707979E-02  9.707979E-02  9.707979E-02  1.990624E-02  1.990624E-02  1.990624E-02  1.990624E-02  1.990624E-02  1.990624E-02  1.990624E-02
    14.7990  1.582941E-02  5.144175E-02  5.144175E-02  5.144175E-02  9.796010E-02  9.796010E-02  9.796010E-02  9.796010E-02  9.796010E-02  2.024616E-02  2.024616E-02  2.024616E-02  2.024616E-02  2.024616E-02  2.024616E-02  2.024616E-02  1.583360E-02  5.146238E-02  5.146238E-02  5.146238E-02  9.801057E-02  9.801057E-02  9.801057E-02  9.801057E-02  9.801057E-02  2.027153E-02  2.027153E-02  2.027153E-02  2.027153E-02  2.027153E-02  2.027153E-02  2.027153E-02
    15.0402  1.587112E-02  5.158385E-02  5.158385E-02  5.158385E-02  9.888470E-02  9.888470E-02  9.888470E-02  9.888470E-02  9.888470E-02  2.061438E-02  2.061438E-02  2.061438E-02  2.061438E-02  2.061438E-02  2.061438E-02  2.061438E-02  1.587525E-02  5.160429E-02  5.160429E-02  5.160429E-02  9.893433E-02  9.893433E-02  9.893433E-02  9.893433E-02  9.893433E-02  2.064002E-02  2.064002E-02  2.064002E-02  2.064002E-02  2.064002E-02  2.064002E-02  2.064002E-02
    15.2814  1.591245E-02  5.172641E-02  5.172641E-02  5.172641E-02  9.980212E-02  9.980212E-02  9.980212E-02  9.980212E-02  9.980212E-02  2.098577E-02  2.098577E-02  2.098577E-02  2.098577E-02  2.098577E-02  2.098577E-02  2.098577E-02  1.591653E-02  5.174666E-02  5.174666E-02  5.174666E-02  9.985088E-02  9.985088E-02  9.985088E-02  9.985088E-02  9.985088E-02  2.101168E-02  2.101168E-02  2.101168E-02  2.101168E-02  2.101168E-02  2.101168E-02  2.101168E-02
    15.5226  1.595339E-02  5.186937E-02  5.186937E-02  5.186937E-02  1.007121E-01  1.007121E-01  1.007121E-01  1.007121E-01  1.007121E-01  2.136031E-02  2.136031E-02  2.136031E-02  2.136031E-02  2.136031E-02  2.136031E-02  2.136031E-02  1.595743E-02  5.188942E-02  5.188942E-02  5.188942E-02  1.007600E-01  1.007600E-01  1.007600E-01  1.007600E-01  1.007600E-01  2.138648E-02  2.138648E-02  2.138648E-02  2.138648E-02  2.138648E-02  2.138648E-02  2.138648E-02
    15.7638  1.599396E-02  5.201264E-02  5.201264E-02  5.201264E-02  1.016145E-01  1.016145E-01  1.016145E-01  1.016145E-01  1.016145E-01  2.173798E-02  2.173798E-02  2.173798E-02  2.173798E-02  2.173798E-02  2.173798E-02  2.173798E-02  1.599794E-02  5.203250E-02  5.203250E-02  5.203250E-02  1.016615E-01  1.016615E-01  1.016615E-01  1.016615E-01  1.016615E-01  2.176442E-02  2.176442E-02  2.176442E-02  2.176442E-02  2.176442E-02  2.176442E-02  2.176442E-02
    16.0050  1.603413E-02  5.215617E-02  5.215617E-02  5.215617E-02  1.025091E-01  1.025091E-01  1.025091E-01  1.025091E-01  1.025091E-01  2.211876E-02  2.211876E-02  2.211876E-02  2.211876E-02  2.211876E-02  2.211876E-02  2.211876E-02  1.603806E-02  5.217583E-02  5.217583E-02  5.217583E-02  1.025552E-01  1.025552E-01  1.025552E-01  1.025552E-01  1.025552E-01  2.214545E-02  2.214545E-02  2.214545E-02  2.214545E-02  2.214545E-02  2.214545E-02  2.214545E-02
    16.2462  1.607392E-02  5.229990E-02  5.229990E-02  5.229990E-02  1.033957E-01  1.033957E-01  1.033957E-01  1.033957E-01  1.033957E-01  2.250261E-02  2.250261E-02  2.250261E-02  2.250261E-02  2.250261E-02  2.250261E-02  2.250261E-02  1.607779E-02  5.231936E-02  5.231936E-02  5.231936E-02  1.034409E-01  1.034409E-01  1.034409E-01  1.034409E-01  1.034409E-01  2.252956E-02  2.252956E-02  2.252956E-02  2.252956E-02  2.252956E-02  2.252956E-02  2.252956E-02
    16.4874  1.611331E-02  5.244376E-02  5.244376E-02  5.244376E-02  1.042742E-01  1.042742E-01  1.042742E-01  1.042742E-01  1.042742E-01  2.288951E-02  2.288951E-02  2.288951E-02  2.288951E-02  2.288951E-02  2.288951E-02  2.288951E-02  1.611713E-02  5.246302E-02  5.246302E-02  5.246302E-02  1.043183E-01  1.043183E-01  1.043183E-01  1.043183E-01  1.043183E-01  2.291673E-02  2.291673E-02  2.291673E-02  2.291673E-02  2.291673E-02  2.291673E-02  2.291673E-02
    16.7286  1.615230E-02  5.258768E-02  5.258768E-02  5.258768E-02  1.051442E-01  1.051442E-01  1.051442E-01  1.051442E-01  1.051442E-01  2.327945E-02  2.327945E-02  2.327945E-02  2.327945E-02  2.327945E-02  2.327945E-02  2.327945E-02  1.615607E-02  5.260674E-02  5.260674E-02  5.260674E-02  1.051874E-01  1.051874E-01  1.051874E-01  1.051874E-01  1.051874E-01  2.330692E-02  2.330692E-02  2.330692E-02  2.330692E-02  2.330692E-02  2.330692E-02  2.330692E-02
    16.9698  1.619090E-02  5.273162E-02  5.273162E-02  5.273162E-02  1.060057E-01  1.060057E-01  1.060057E-01  1.060057E-01  1.060057E-01  2.367238E-02  2.367238E-02  2.367238E-02  2.367238E-02  2.367238E-02  2.367238E-02  2.367238E-02  1.619461E-02  5.275047E-02  5.275047E-02  5.275047E-02  1.060479E-01  1.060479E-01  1.060479E-01  1.060479E-01  1.060479E-01  2.370012E-02  2.370012E-02  2.370012E-02  2.370012E-02  2.370012E-02  2.370012E-02  2.370012E-02
    17.2111  1.622909E-02  5.287550E-02  5.287550E-02  5.287550E-02  1.068584E-01  1.068584E-01  1.068584E-01  1.068584E-01  1.068584E-01  2.406830E-02  2.406830E-02  2.406830E-02  2.406830E-02  2.406830E-02  2.406830E-02  2.406830E-02  1.623275E-02  5.289415E-02  5.289415E-02  5.289415E-02  1.068996E-01  1.068996E-01  1.068996E-01  1.068996E-01  1.068996E-01  2.409629E-02  2.409629E-02  2.409629E-02  2.409629E-02  2.409629E-02  2.409629E-02  2.409629E-02
    17.4523  1.626687E-02  5.301928E-02  5.301928E-02  5.301928E-02  1.077022E-01  1.077022E-01  1.077022E-01  1.077022E-01  1.077022E-01  2.446716E-02  2.446716E-02  2.446716E-02  2.446716E-02  2.446716E-02  2.446716E-02  2.446716E-02  1.627048E-02  5.303773E-02  5.303773E-02  5.303773E-02  1.077424E-01  1.077424E-01  1.077424E-01  1.077424E-01  1.077424E-01  2.449540E-02  2.449540E-02  2.449540E-02  2.449540E-02  2.449540E-02  2.449540E-02  2.449540E-02
    17.6935  1.630425E-02  5.316290E-02  5.316290E-02  5.316290E-02  1.085369E-01  1.085369E-01  1.085369E-01  1.085369E-01  1.085369E-01  2.486894E-02  2.486894E-02  2.486894E-02  2.486894E-02  2.486894E-02  2.486894E-02  2.486894E-02  1.630780E-02  5.318113E-02  5.318113E-02  5.318113E-02  1.085760E-01  1.085760E-01  1.085760E-01  1.085760E-01  1.085760E-01  2.489744E-02  2.489744E-02  2.489744E-02  2.489744E-02  2.489744E-02  2.489744E-02  2.489744E-02
    17.9347  1.634122E-02  5.330630E-02  5.330630E-02  5.330630E-02  1.093623E-01  1.093623E-01  1.093623E-01  1.093623E-01  1.093623E-01  2.527361E-02  2.527361E-02  2.527361E-02  2.527361E-02  2.527361E-02  2.527361E-02  2.527361E-02  1.634471E-02  5.332432E-02  5.332432E-02  5.332432E-02  1.094004E-01  1.094004E-01  1.094004E-01  1.094004E-01  1.094004E-01  2.530237E-02  2.530237E-02  2.530237E-02  2.530237E-02  2.530237E-02  2.530237E-02  2.530237E-02
    18.1759  1.637777E-02  5.344943E-02  5.344943E-02  5.344943E-02  1.101783E-01  1.101783E-01  1.101783E-01  1.101783E-01  1.101783E-01  2.568116E-02  2.568116E-02  2.568116E-02  2.568116E-02  2.568116E-02  2.568116E-02  2.568116E-02  1.638120E-02  5.346724E-02  5.346724E-02  5.346724E-02  1.102154E-01  1.102154E-01  1.102154E-01  1.102154E-01  1.102154E-01  2.571016E-02  2.571016E-02  2.571016E-02  2.571016E-02  2.571016E-02  2.571016E-02  2.571016E-02
    18.4171  1.641390E-02  5.359223E-02  5.359223E-02  5.359223E-02  1.109847E-01  1.109847E-01  1.109847E-01  1.109847E-01  1.109847E-01  2.609153E-02  2.609153E-02  2.609153E-02  2.609153E-02  2.609153E-02  2.609153E-02  2.609153E-02  1.641728E-02  5.360983E-02  5.360983E-02  5.360983E-02  1.110207E-01  1.110207E-01  1.110207E-01  1.110207E-01  1.110207E-01  2.612079E-02  2.612079E-02  2.612079E-02  2.612079E-02  2.612079E-02  2.612079E-02  2.612079E-02
    18.6583  1.644962E-02  5.373466E-02  5.373466E-02  5.373466E-02  1.117814E-01  1.117814E-01  1.117814E-01  1.117814E-01  1.117814E-01  2.650472E-02  2.650472E-02  2.650472E-02  2.650472E-02  2.650472E-02  2.650472E-02  2.650472E-02  1.645294E-02  5.375205E-02  5.375205E-02  5.375205E-02  1.118163E-01  1.118163E-01  1.118163E-01  1.118163E-01  1.118163E-01  2.653422E-02  2.653422E-02  2.653422E-02  2.653422E-02  2.653422E-02  2.653422E-02  2.653422E-02
    18.8995  1.648491E-02  5.387668E-02  5.387668E-02  5.387668E-02  1.125682E-01  1.125682E-01  1.125682E-01  1.125682E-01  1.125682E-01  2.692068E-02  2.692068E-02  2.692068E-02  2.692068E-02  2.692068E-02  2.692068E-02  2.692068E-02  1.648818E-02  5.389385E-02  5.389385E-02  5.389385E-02  1.126020E-01  1.126020E-01  1.126020E-01  1.126020E-01  1.126020E-01  2.695043E-02  2.695043E-02  2.695043E-02  2.695043E-02  2.695043E-02  2.695043E-02  2.695043E-02
    19.1407  1.651978E-02  5.401821E-02  5.401821E-02  5.401821E-02  1.133449E-01  1.133449E-01  1.133449E-01  1.133449E-01  1.133449E-01  2.733940E-02  2.733940E-02  2.733940E-02  2.733940E-02  2.733940E-02  2.733940E-02  2.733940E-02  1.652298E-02  5.403516E-02  5.403516E-02  5.403516E-02  1.133776E-01  1.133776E-01  1.133776E-01  1.133776E-01  1.133776E-01  2.736939E-02  2.736939E-02  2.736939E-02  2.736939E-02  2.736939E-02  2.736939E-02  2.736939E-02
    19.3819  1.655423E-02  5.415922E-02  5.415922E-02  5.415922E-02  1.141114E-01  1.141114E-01  1.141114E-01  1.141114E-01  1.141114E-01  2.776083E-02  2.776083E-02  2.776083E-02  2.776083E-02  2.776083E-02  2.776083E-02  2.776083E-02  1.655737E-02  5.417595E-02  5.417595E-02  5.417595E-02  1.141430E-01  1.141430E-01  1.141430E-01  1.141430E-01  1.141430E-01  2.779106E-02  2.779106E-02  2.779106E-02  2.779106E-02  2.779106E-02  2.779106E-02  2.779106E-02
    19.6231  1.658825E-02  5.429966E-02  5.429966E-02  5.429966E-02  1.148676E-01  1.148676E-01  1.148676E-01  1.148676E-01  1.148676E-01  2.818494E-02  2.818494E-02  2.818494E-02  2.818494E-02  2.818494E-02  2.818494E-02  2.818494E-02  1.659133E-02  5.431618E-02  5.431618E-02  5.431618E-02  1.148981E-01  1.148981E-01  1.148981E-01  1.148981E-01  1.148981E-01  2.821542E-02  2.821542E-02  2.821542E-02  2.821542E-02  2.821542E-02  2.821542E-02  2.821542E-02
    19.8643  1.662183E-02  5.443949E-02  5.443949E-02  5.443949E-02  1.156134E-01  1.156134E-01  1.156134E-01  1.156134E-01  1.156134E-01  2.861171E-02  2.861171E-02  2.861171E-02  2.861171E-02  2.861171E-02  2.861171E-02  2.861171E-02  1.662486E-02  5.445578E-02  5.445578E-02  5.445578E-02  1.156427E-01  1.156427E-01  1.156427E-01  1.156427E-01  1.156427E-01  2.864243E-02  2.864243E-02  2.864243E-02  2.864243E-02  2.864243E-02  2.864243E-02  2.864243E-02
    20.1055  1.665499E-02  5.457867E-02  5.457867E-02  5.457867E-02  1.163485E-01  1.163485E-01  1.163485E-01  1.163485E-01  1.163485E-01  2.904111E-02  2.904111E-02  2.904111E-02  2.904111E-02  2.904111E-02  2.904111E-02  2.904111E-02  1.665796E-02  5.459473E-02  5.459473E-02  5.459473E-02  1.163767E-01  1.163767E-01  1.163767E-01  1.163767E-01  1.163767E-01  2.907206E-02  2.907206E-02  2.907206E-02  2.907206E-02  2.907206E-02  2.907206E-02  2.907206E-02
    20.3467  1.668771E-02  5.471714E-02  5.471714E-02  5.471714E-02  1.170729E-01  1.170729E-01  1.170729E-01  1.170729E-01  1.170729E-01  2.947309E-02  2.947309E-02  2.947309E-02  2.947309E-02  2.947309E-02  2.947309E-02  2.947309E-02  1.669063E-02  5.473298E-02  5.473298E-02  5.473298E-02  1.170999E-01  1.170999E-01  1.170999E-01  1.170999E-01  1.170999E-01  2.950428E-02  2.950428E-02  2.950428E-02  2.950428E-02  2.950428E-02  2.950428E-02  2.950428E-02
    20.5879  1.672000E-02  5.485486E-02  5.485486E-02  5.485486E-02  1.177865E-01  1.177865E-01  1.177865E-01  1.177865E-01  1.177865E-01  2.990764E-02  2.990764E-02  2.990764E-02  2.990764E-02  2.990764E-02  2.990764E-02  2.990764E-02  1.672286E-02  5.487048E-02  5.487048E-02  5.487048E-02  1.178123E-01  1.178123E-01  1.178123E-01  1.178123E-01  1.178123E-01  2.993906E-02  2.993906E-02  2.993906E-02  2.993906E-02  2.993906E-02  2.993906E-02  2.993906E-02
    20.8291  1.675184E-02  5.499181E-02  5.499181E-02  5.499181E-02  1.184891E-01  1.184891E-01  1.184891E-01  1.184891E-01  1.184891E-01  3.034471E-02  3.034471E-02  3.034471E-02  3.034471E-02  3.034471E-02  3.034471E-02  3.034471E-02  1.675464E-02  5.500719E-02  5.500719E-02  5.500719E-02  1.185138E-01  1.185138E-01  1.185138E-01  1.185138E-01  1.185138E-01  3.037636E-02  3.037636E-02  3.037636E-02  3.037636E-02  3.037636E-02  3.037636E-02  3.037636E-02
    21.0704  1.678325E-02  5.512792E-02  5.512792E-02  5.512792E-02  1.191807E-01  1.191807E-01  1.191807E-01  1.191807E-01  1.191807E-01  3.078427E-02  3.078427E-02  3.078427E-02  3.078427E-02  3.078427E-02  3.078427E-02  3.078427E-02  1.678600E-02  5.514308E-02  5.514308E-02  5.514308E-02  1.192042E-01  1.192042E-01  1.192042E-01  1.192042E-01  1.192042E-01  3.081615E-02  3.081615E-02  3.081615E-02  3.081615E-02  3.081615E-02  3.081615E-02  3.081615E-02
    21.3116  1.681422E-02  5.526317E-02  5.526317E-02  5.526317E-02  1.198611E-01  1.198611E-01  1.198611E-01  1.198611E-01  1.198611E-01  3.122630E-02  3.122630E-02  3.122630E-02  3.122630E-02  3.122630E-02  3.122630E-02  3.122630E-02  1.681691E-02  5.527810E-02  5.527810E-02  5.527810E-02  1.198834E-01  1.198834E-01  1.198834E-01  1.198834E-01  1.198834E-01  3.125840E-02  3.125840E-02  3.125840E-02  3.125840E-02  3.125840E-02  3.125840E-02  3.125840E-02
    21.5528  1.684475E-02  5.539752E-02  5.539752E-02  5.539752E-02  1.205302E-01  1.205302E-01  1.205302E-01  1.205302E-01  1.205302E-01  3.167074E-02  3.167074E-02  3.167074E-02  3.167074E-02  3.167074E-02  3.167074E-02  3.167074E-02  1.684738E-02  5.541222E-02  5.541222E-02  5.541222E-02  1.205513E-01  1.205513E-01  1.205513E-01  1.205513E-01  1.205513E-01  3.170307E-02  3.170307E-02  3.170307E-02  3.170307E-02  3.170307E-02  3.170307E-02  3.170307E-02
    21.7940  1.687483E-02  5.553093E-02  5.553093E-02  5.553093E-02  1.211880E-01  1.211880E-01  1.211880E-01  1.211880E-01  1.211880E-01  3.211758E-02  3.211758E-02  3.211758E-02  3.211758E-02  3.211758E-02  3.211758E-02  3.211758E-02  1.687741E-02  5.554540E-02  5.554540E-02  5.554540E-02  1.212079E-01  1.212079E-01  1.212079E-01  1.212079E-01  1.212079E-01  3.215013E-02  3.215013E-02  3.215013E-02  3.215013E-02  3.215013E-02  3.215013E-02  3.215013E-02
    22.0352  1.690447E-02  5.566336E-02  5.566336E-02  5.566336E-02  1.218342E-01  1.218342E-01  1.218342E-01  1.218342E-01  1.218342E-01  3.256678E-02  3.256678E-02  3.256678E-02  3.256678E-02  3.256678E-02  3.256678E-02  3.256678E-02  1.690699E-02  5.567759E-02  5.567759E-02  5.567759E-02  1.218530E-01  1.218530E-01  1.218530E-01  1.218530E-01  1.218530E-01  3.259955E-02  3.259955E-02  3.259955E-02  3.259955E-02  3.259955E-02  3.259955E-02  3.259955E-02
    22.2764  1.693367E-02  5.579478E-02  5.579478E-02  5.579478E-02  1.224690E-01  1.224690E-01  1.224690E-01  1.224690E-01  1.224690E-01  3.301829E-02  3.301829E-02  3.301829E-02  3.301829E-02  3.301829E-02  3.301829E-02  3.301829E-02  1.693612E-02  5.580878E-02  5.580878E-02  5.580878E-02  1.224865E-01  1.224865E-01  1.224865E-01  1.224865E-01  1.224865E-01  3.305128E-02  3.305128E-02  3.305128E-02  3.305128E-02  3.305128E-02  3.305128E-02  3.305128E-02
    22.5176  1.696242E-02  5.592515E-02  5.592515E-02  5.592515E-02  1.230920E-01  1.230920E-01  1.230920E-01  1.230920E-01  1.230920E-01  3.347209E-02  3.347209E-02  3.347209E-02  3.347209E-02  3.347209E-02  3.347209E-02  3.347209E-02  1.696481E-02  5.593891E-02  5.593891E-02  5.593891E-02  1.231084E-01  1.231084E-01  1.231084E-01  1.231084E-01  1.231084E-01  3.350529E-02  3.350529E-02  3.350529E-02  3.350529E-02  3.350529E-02  3.350529E-02  3.350529E-02
    22.7588  1.699071E-02  5.605444E-02  5.605444E-02  5.605444E-02  1.237034E-01  1.237034E-01  1.237034E-01  1.237034E-01  1.237034E-01  3.392814E-02  3.392814E-02  3.392814E-02  3.392814E-02  3.392814E-02  3.392814E-02  3.392814E-02  1.699305E-02  5.606797E-02  5.606797E-02  5.606797E-02  1.237185E-01  1.237185E-01  1.237185E-01  1.237185E-01  1.237185E-01  3.396155E-02  3.396155E-02  3.396155E-02  3.396155E-02  3.396155E-02  3.396155E-02  3.396155E-02
    23.0000  1.701856E-02  5.618263E-02  5.618263E-02  5.618263E-02  1.243030E-01  1.243030E-01  1.243030E-01  1.243030E-01  1.243030E-01  3.438640E-02  3.438640E-02  3.438640E-02  3.438640E-02  3.438640E-02  3.438640E-02  3.438640E-02  1.702085E-02  5.619591E-02  5.619591E-02  5.619591E-02  1.243169E-01  1.243169E-01  1.243169E-01  1.243169E-01  1.243169E-01  3.442002E-02  3.442002E-02  3.442002E-02  3.442002E-02  3.442002E-02  3.442002E-02  3.442002E-02
