   -25.0000  3.163313E-04  2.014626E-02  2.014626E-02  2.014626E-02  1.145208E-03  1.145208E-03  1.145208E-03  1.145208E-03  1.145208E-03  2.534268E-03  3.514302E-03  3.580314E-03  3.599177E-03  3.878993E-03  3.920430E-03  3.951870E-03  3.321869E-04  4.006254E-02  4.006254E-02  4.006254E-02  1.095215E-03  1.095215E-03  1.095215E-03  1.095215E-03  1.095215E-03  1.523375E-03  1.524430E-03  1.526065E-03  1.535271E-03  1.536579E-03  1.541824E-03  1.592331E-03
   -24.7588  3.191122E-04  1.733242E-02  1.733242E-02  1.733242E-02  1.177744E-03  1.177744E-03  1.177744E-03  1.177744E-03  1.177744E-03  2.615030E-03  3.651010E-03  3.721170E-03  3.741228E-03  4.039187E-03  4.083379E-03  4.116922E-03  3.339518E-04  3.240515E-02  3.240515E-02  3.240515E-02  1.125549E-03  1.125549E-03  1.125549E-03  1.125549E-03  1.125549E-03  1.558585E-03  1.559679E-03  1.561376E-03  1.570930E-03  1.572287E-03  1.577730E-03  1.630172E-03
   -24.5176  3.225509E-04  1.507983E-02  1.507983E-02  1.507983E-02  1.211997E-03  1.211997E-03  1.211997E-03  1.211997E-03  1.211997E-03  2.699980E-03  3.796349E-03  3.871019E-03  3.892376E-03  4.210115E-03  4.257318E-03  4.293159E-03  3.363868E-04  2.676663E-02  2.676663E-02  2.676663E-02  1.157464E-03  1.157464E-03  1.157464E-03  1.157464E-03  1.157464E-03  1.595129E-03  1.596265E-03  1.598028E-03  1.607947E-03  1.609356E-03  1.615009E-03  1.669487E-03
   -24.2764  3.267136E-04  1.324931E-02  1.324931E-02  1.324931E-02  1.248105E-03  1.248105E-03  1.248105E-03  1.248105E-03  1.248105E-03  2.789417E-03  3.951075E-03  4.030659E-03  4.053432E-03  4.392781E-03  4.443281E-03  4.481639E-03  3.395527E-04  2.249628E-02  2.249628E-02  2.249628E-02  1.191085E-03  1.191085E-03  1.191085E-03  1.191085E-03  1.191085E-03  1.633079E-03  1.634259E-03  1.636090E-03  1.646394E-03  1.647858E-03  1.653731E-03  1.710357E-03
   -24.0352  3.316812E-04  1.174235E-02  1.174235E-02  1.174235E-02  1.286219E-03  1.286219E-03  1.286219E-03  1.286219E-03  1.286219E-03  2.883670E-03  4.116033E-03  4.200982E-03  4.225301E-03  4.588311E-03  4.642429E-03  4.683553E-03  3.435246E-04  1.918590E-02  1.918590E-02  1.918590E-02  1.226551E-03  1.226551E-03  1.226551E-03  1.226551E-03  1.226551E-03  1.672510E-03  1.673736E-03  1.675639E-03  1.686349E-03  1.687871E-03  1.693976E-03  1.752867E-03
   -23.7940  3.375528E-04  1.048768E-02  1.048768E-02  1.048768E-02  1.326510E-03  1.326510E-03  1.326510E-03  1.326510E-03  1.326510E-03  2.983100E-03  4.292166E-03  4.382983E-03  4.408995E-03  4.797973E-03  4.856073E-03  4.900242E-03  3.483951E-04  1.656903E-02  1.656903E-02  1.656903E-02  1.264017E-03  1.264017E-03  1.264017E-03  1.264017E-03  1.264017E-03  1.713502E-03  1.714777E-03  1.716755E-03  1.727893E-03  1.729476E-03  1.735826E-03  1.797108E-03
   -23.5528  3.444507E-04  9.432710E-03  9.432710E-03  9.432710E-03  1.369167E-03  1.369167E-03  1.369167E-03  1.369167E-03  1.369167E-03  3.088099E-03  4.480531E-03  4.577782E-03  4.605652E-03  5.023204E-03  5.085699E-03  5.133231E-03  3.542793E-04  1.446571E-02  1.446571E-02  1.446571E-02  1.303658E-03  1.303658E-03  1.303658E-03  1.303658E-03  1.303658E-03  1.756140E-03  1.757467E-03  1.759526E-03  1.771116E-03  1.772763E-03  1.779372E-03  1.843178E-03
   -23.3116  3.525279E-04  8.537990E-03  8.537990E-03  8.537990E-03  1.414405E-03  1.414405E-03  1.414405E-03  1.414405E-03  1.414405E-03  3.199103E-03  4.682315E-03  4.786639E-03  4.816553E-03  5.265637E-03  5.333000E-03  5.384260E-03  3.613215E-04  1.275095E-02  1.275095E-02  1.275095E-02  1.345668E-03  1.345668E-03  1.345668E-03  1.345668E-03  1.345668E-03  1.800518E-03  1.801899E-03  1.804043E-03  1.816110E-03  1.817825E-03  1.824707E-03  1.891183E-03
   -23.0704  3.619769E-04  7.773471E-03  7.773471E-03  7.773471E-03  1.462469E-03  1.462469E-03  1.462469E-03  1.462469E-03  1.462469E-03  3.316586E-03  4.898861E-03  5.010980E-03  5.043149E-03  5.527152E-03  5.599932E-03  5.655347E-03  3.697042E-04  1.133574E-02  1.133574E-02  1.133574E-02  1.390271E-03  1.390271E-03  1.390271E-03  1.390271E-03  1.390271E-03  1.846734E-03  1.848173E-03  1.850405E-03  1.862977E-03  1.864764E-03  1.871935E-03  1.941235E-03
   -22.8291  3.730446E-04  7.115965E-03  7.115965E-03  7.115965E-03  1.513635E-03  1.513635E-03  1.513635E-03  1.513635E-03  1.513635E-03  3.441075E-03  5.131688E-03  5.252427E-03  5.287092E-03  5.809970E-03  5.888847E-03  5.948965E-03  3.796621E-04  1.015535E-02  1.015535E-02  1.015535E-02  1.437721E-03  1.437721E-03  1.437721E-03  1.437721E-03  1.437721E-03  1.894893E-03  1.896393E-03  1.898720E-03  1.911826E-03  1.913689E-03  1.921166E-03  1.993457E-03
   -22.5879  3.860516E-04  6.547396E-03  6.547396E-03  6.547396E-03  1.568223E-03  1.568223E-03  1.568223E-03  1.568223E-03  1.568223E-03  3.573148E-03  5.382535E-03  5.512843E-03  5.550284E-03  6.116988E-03  6.202904E-03  6.268475E-03  3.915009E-04  9.161868E-03  9.161868E-03  9.161868E-03  1.488309E-03  1.488309E-03  1.488309E-03  1.488309E-03  1.488309E-03  1.945111E-03  1.946676E-03  1.949103E-03  1.962774E-03  1.964717E-03  1.972518E-03  2.047980E-03
   -22.3467  4.014231E-04  6.053561E-03  6.053561E-03  6.053561E-03  1.626601E-03  1.626601E-03  1.626601E-03  1.626601E-03  1.626601E-03  3.713450E-03  5.653415E-03  5.794425E-03  5.834983E-03  6.452136E-03  6.546308E-03  6.618291E-03  4.056268E-04  8.319249E-03  8.319249E-03  8.319249E-03  1.542374E-03  1.542374E-03  1.542374E-03  1.542374E-03  1.542374E-03  1.997509E-03  1.999142E-03  2.001676E-03  2.015946E-03  2.017975E-03  2.026119E-03  2.104945E-03
   -22.1055  4.197363E-04  5.623226E-03  5.623226E-03  5.623226E-03  1.689200E-03  1.689200E-03  1.689200E-03  1.689200E-03  1.689200E-03  3.862693E-03  5.946793E-03  6.100017E-03  6.144163E-03  6.820359E-03  6.924256E-03  7.003796E-03  4.225929E-04  7.600068E-03  7.600068E-03  7.600068E-03  1.600311E-03  1.600311E-03  1.600311E-03  1.600311E-03  1.600311E-03  2.052220E-03  2.053926E-03  2.056572E-03  2.071478E-03  2.073597E-03  2.082105E-03  2.164504E-03
   -21.8643  4.417965E-04  5.247517E-03  5.247517E-03  5.247517E-03  1.756528E-03  1.756528E-03  1.756528E-03  1.756528E-03  1.756528E-03  4.021669E-03  6.266015E-03  6.433489E-03  6.481838E-03  7.227565E-03  7.342936E-03  7.431385E-03  4.431713E-04  6.983264E-03  6.983264E-03  6.983264E-03  1.662585E-03  1.662585E-03  1.662585E-03  1.662585E-03  1.662585E-03  2.109387E-03  2.111170E-03  2.113935E-03  2.129516E-03  2.131732E-03  2.140627E-03  2.226823E-03
   -21.6231  4.687663E-04  4.919483E-03  4.919483E-03  4.919483E-03  1.829193E-03  1.829193E-03  1.829193E-03  1.829193E-03  1.829193E-03  4.191264E-03  6.615481E-03  6.799727E-03  6.853026E-03  7.680718E-03  7.809596E-03  7.908529E-03  4.684807E-04  6.452621E-03  6.452621E-03  6.452621E-03  1.729758E-03  1.729758E-03  1.729758E-03  1.729758E-03  1.729758E-03  2.169164E-03  2.171028E-03  2.173920E-03  2.190219E-03  2.192537E-03  2.201844E-03  2.292080E-03
   -21.3819  5.023977E-04  4.633845E-03  4.633845E-03  4.633845E-03  1.907933E-03  1.907933E-03  1.907933E-03  1.907933E-03  1.907933E-03  4.372467E-03  7.000562E-03  7.204586E-03  7.263727E-03  8.187927E-03  8.332682E-03  8.443936E-03  5.002111E-04  5.995745E-03  5.995745E-03  5.995745E-03  1.802508E-03  1.802508E-03  1.802508E-03  1.802508E-03  1.802508E-03  2.231716E-03  2.233668E-03  2.236695E-03  2.253758E-03  2.256185E-03  2.265929E-03  2.360470E-03
   -21.1407  5.454776E-04  4.386849E-03  4.386849E-03  4.386849E-03  1.993663E-03  1.993663E-03  1.993663E-03  1.993663E-03  1.993663E-03  4.566390E-03  7.427637E-03  7.654966E-03  7.720983E-03  8.758640E-03  8.922032E-03  9.047746E-03  5.410599E-04  5.603462E-03  5.603462E-03  5.603462E-03  1.881685E-03  1.881685E-03  1.881685E-03  1.881685E-03  1.881685E-03  2.297227E-03  2.299271E-03  2.302442E-03  2.320318E-03  2.322861E-03  2.333072E-03  2.432202E-03
   -20.8995  6.027696E-04  4.176489E-03  4.176489E-03  4.176489E-03  2.087550E-03  2.087550E-03  2.087550E-03  2.087550E-03  2.087550E-03  4.774283E-03  7.904164E-03  8.158907E-03  8.233009E-03  9.403869E-03  9.589123E-03  9.731798E-03  5.956589E-04  5.269622E-03  5.269622E-03  5.269622E-03  1.968372E-03  1.968372E-03  1.968372E-03  1.968372E-03  1.968372E-03  2.365892E-03  2.368034E-03  2.371359E-03  2.390102E-03  2.392769E-03  2.403478E-03  2.507508E-03
   -20.6583  6.832645E-04  4.003046E-03  4.003046E-03  4.003046E-03  2.191136E-03  2.191136E-03  2.191136E-03  2.191136E-03  2.191136E-03  4.997562E-03  8.438837E-03  8.725777E-03  8.809371E-03  1.013650E-02  1.034741E-02  1.050998E-02  6.728068E-04  4.991572E-03  4.991572E-03  4.991572E-03  2.064011E-03  2.064011E-03  2.064011E-03  2.064011E-03  2.064011E-03  2.437923E-03  2.440172E-03  2.443661E-03  2.463331E-03  2.466128E-03  2.477368E-03  2.586639E-03
   -20.4171  8.066130E-04  3.870872E-03  3.870872E-03  3.870872E-03  2.306574E-03  2.306574E-03  2.306574E-03  2.306574E-03  2.306574E-03  5.237842E-03  9.041775E-03  9.366491E-03  9.461223E-03  1.097171E-02  1.121273E-02  1.139868E-02  7.919301E-04  4.772069E-03  4.772069E-03  4.772069E-03  2.170633E-03  2.170633E-03  2.170633E-03  2.170633E-03  2.170633E-03  2.513560E-03  2.515934E-03  2.519587E-03  2.540241E-03  2.543183E-03  2.554985E-03  2.669871E-03
   -20.1759  1.027495E-03  3.794170E-03  3.794170E-03  3.794170E-03  2.437155E-03  2.437155E-03  2.437155E-03  2.437155E-03  2.437155E-03  5.497095E-03  9.724880E-03  1.009381E-02  1.020169E-02  1.192748E-02  1.220391E-02  1.241739E-02  1.008069E-03  4.626259E-03  4.626259E-03  4.626259E-03  2.291376E-03  2.291376E-03  2.291376E-03  2.291376E-03  2.291376E-03  2.592927E-03  2.595945E-03  2.599320E-03  2.621329E-03  2.624610E-03  2.636879E-03  2.757607E-03
   -19.9347  1.592229E-03  3.824619E-03  3.824619E-03  3.824619E-03  2.588875E-03  2.588875E-03  2.588875E-03  2.588875E-03  2.588875E-03  5.769754E-03  1.049784E-02  1.091833E-02  1.104632E-02  1.301956E-02  1.334452E-02  1.358459E-02  1.579571E-03  4.616914E-03  4.616914E-03  4.616914E-03  2.432094E-03  2.432094E-03  2.432094E-03  2.432094E-03  2.432094E-03  2.699185E-03  2.700664E-03  2.702970E-03  2.716203E-03  2.718118E-03  2.725878E-03  2.855668E-03
   -19.6935  4.403690E-03  4.307021E-03  4.307021E-03  4.307021E-03  2.779208E-03  2.779208E-03  2.779208E-03  2.779208E-03  2.779208E-03  6.116737E-03  1.140890E-02  1.189658E-02  1.201283E-02  1.431493E-02  1.468607E-02  1.497307E-02  4.390620E-03  5.181219E-03  5.181219E-03  5.181219E-03  2.610706E-03  2.610706E-03  2.610706E-03  2.610706E-03  2.610706E-03  2.684753E-03  2.687235E-03  2.691087E-03  2.712831E-03  2.715927E-03  2.728376E-03  2.850133E-03
   -19.4523  7.973836E-03  5.844243E-03  5.844243E-03  5.844243E-03  3.072012E-03  3.072012E-03  3.072012E-03  3.072012E-03  3.072012E-03  6.412868E-03  1.240652E-02  1.296078E-02  1.312314E-02  1.575532E-02  1.618185E-02  1.651227E-02  7.675131E-03  6.939364E-03  6.939364E-03  6.939364E-03  2.890566E-03  2.890566E-03  2.890566E-03  2.890566E-03  2.890566E-03  2.858794E-03  2.860604E-03  2.864684E-03  2.891508E-03  2.894393E-03  2.908272E-03  3.051416E-03
   -19.2111  1.051996E-02  7.906132E-03  7.906132E-03  7.906132E-03  3.551370E-03  3.551370E-03  3.551370E-03  3.551370E-03  3.551370E-03  6.777128E-03  1.357683E-02  1.421623E-02  1.440387E-02  1.745754E-02  1.795484E-02  1.834033E-02  1.003884E-02  9.225464E-03  9.225464E-03  9.225464E-03  3.350166E-03  3.350166E-03  3.350166E-03  3.350166E-03  3.350166E-03  2.956315E-03  2.959405E-03  2.964133E-03  2.990926E-03  2.994746E-03  3.010064E-03  3.159804E-03
   -18.9698  1.257570E-02  1.012982E-02  1.012982E-02  1.012982E-02  4.282485E-03  4.282485E-03  4.282485E-03  4.282485E-03  4.282485E-03  7.180381E-03  1.492926E-02  1.566981E-02  1.588741E-02  1.944544E-02  2.002777E-02  2.047968E-02  1.195967E-02  1.164082E-02  1.164082E-02  1.164082E-02  4.049460E-03  4.049460E-03  4.049460E-03  4.049460E-03  4.049460E-03  3.061050E-03  3.064283E-03  3.069299E-03  3.097606E-03  3.101638E-03  3.117840E-03  3.276273E-03
   -18.7286  1.434191E-02  1.236692E-02  1.236692E-02  1.236692E-02  5.320818E-03  5.320818E-03  5.320818E-03  5.320818E-03  5.320818E-03  7.629779E-03  1.649828E-02  1.735960E-02  1.761304E-02  2.177875E-02  2.246432E-02  2.299706E-02  1.361682E-02  1.402875E-02  1.402875E-02  1.402875E-02  5.038992E-03  5.038992E-03  5.038992E-03  5.038992E-03  5.038992E-03  3.172836E-03  3.176254E-03  3.181559E-03  3.211509E-03  3.215776E-03  3.232925E-03  3.400761E-03
   -18.4874  1.591154E-02  1.455223E-02  1.455223E-02  1.455223E-02  6.717799E-03  6.717799E-03  6.717799E-03  6.717799E-03  6.717799E-03  8.133749E-03  1.832660E-02  1.933301E-02  1.962960E-02  2.453314E-02  2.534518E-02  2.597717E-02  1.509427E-02  1.632504E-02  1.632504E-02  1.632504E-02  6.365060E-03  6.365060E-03  6.365060E-03  6.365060E-03  6.365060E-03  3.292615E-03  3.296235E-03  3.301854E-03  3.333582E-03  3.338103E-03  3.356276E-03  3.534319E-03
   -18.2462  1.733609E-02  1.665777E-02  1.665777E-02  1.665777E-02  8.523601E-03  8.523601E-03  8.523601E-03  8.523601E-03  8.523601E-03  8.702084E-03  2.046720E-02  2.164919E-02  2.199813E-02  2.780547E-02  2.877400E-02  2.952908E-02  1.643884E-02  1.850573E-02  1.850573E-02  1.850573E-02  8.072226E-03  8.072226E-03  8.072226E-03  8.072226E-03  8.072226E-03  3.421400E-03  3.425239E-03  3.431199E-03  3.464858E-03  3.469655E-03  3.488940E-03  3.678087E-03
   -18.0050  1.864741E-02  1.867354E-02  1.867354E-02  1.867354E-02  1.078882E-02  1.078882E-02  1.078882E-02  1.078882E-02  1.078882E-02  9.346134E-03  2.298663E-02  2.438289E-02  2.479587E-02  3.172139E-02  3.288574E-02  3.379530E-02  1.767964E-02  2.056562E-02  2.056562E-02  2.056562E-02  1.020480E-02  1.020480E-02  1.020480E-02  1.020480E-02  1.020480E-02  3.560284E-03  3.564361E-03  3.570692E-03  3.606451E-03  3.611550E-03  3.632046E-03  3.833309E-03
   -17.7638  1.986679E-02  2.059854E-02  2.059854E-02  2.059854E-02  1.356567E-02  1.356567E-02  1.356567E-02  1.356567E-02  1.356567E-02  1.007910E-02  2.596944E-02  2.762963E-02  2.812177E-02  3.644634E-02  3.785883E-02  3.896475E-02  1.883618E-02  2.250836E-02  2.250836E-02  2.250836E-02  1.280787E-02  1.280787E-02  1.280787E-02  1.280787E-02  1.280787E-02  3.710439E-03  3.714777E-03  3.721512E-03  3.759564E-03  3.764991E-03  3.786810E-03  4.001344E-03
   -17.5226  2.100926E-02  2.243623E-02  2.243623E-02  2.243623E-02  1.690886E-02  1.690886E-02  1.690886E-02  1.690886E-02  1.690886E-02  1.091642E-02  2.952440E-02  3.151321E-02  3.210425E-02  4.220161E-02  4.393306E-02  4.529226E-02  1.992226E-02  2.434162E-02  2.434162E-02  2.434162E-02  1.592803E-02  1.592803E-02  1.592803E-02  1.592803E-02  1.592803E-02  3.873128E-03  3.877751E-03  3.884929E-03  3.925493E-03  3.931279E-03  3.954548E-03  4.183708E-03
   -17.2814  2.208585E-02  2.419221E-02  2.419221E-02  2.419221E-02  2.087637E-02  2.087637E-02  2.087637E-02  2.087637E-02  2.087637E-02  1.187625E-02  3.379358E-02  3.619647E-02  3.691263E-02  4.928870E-02  5.143677E-02  5.312814E-02  2.094801E-02  2.607462E-02  2.607462E-02  2.607462E-02  1.961399E-02  1.961399E-02  1.961399E-02  1.961399E-02  1.961399E-02  4.049719E-03  4.054655E-03  4.062320E-03  4.105649E-03  4.111832E-03  4.136701E-03  4.382272E-03
   -17.0402  2.310498E-02  2.587288E-02  2.587288E-02  2.587288E-02  2.553007E-02  2.553007E-02  2.553007E-02  2.553007E-02  2.553007E-02  1.298011E-02  3.896521E-02  4.189696E-02  4.277366E-02  5.812649E-02  6.082880E-02  6.296413E-02  2.192118E-02  2.771692E-02  2.771692E-02  2.771692E-02  2.391707E-02  2.391707E-02  2.391707E-02  2.391707E-02  2.391707E-02  4.241731E-03  4.247016E-03  4.255222E-03  4.301643E-03  4.308271E-03  4.334943E-03  4.599612E-03
   -16.7990  2.407317E-02  2.748483E-02  2.748483E-02  2.748483E-02  3.093627E-02  3.093627E-02  3.093627E-02  3.093627E-02  3.093627E-02  1.425379E-02  4.529313E-02  4.891075E-02  4.999670E-02  6.931055E-02  7.276580E-02  7.550744E-02  2.284776E-02  2.927777E-02  2.927777E-02  2.927777E-02  2.889154E-02  2.889154E-02  2.889154E-02  2.889154E-02  2.889154E-02  4.451051E-03  4.456737E-03  4.465569E-03  4.515586E-03  4.522734E-03  4.551523E-03  4.838991E-03
   -16.5578  2.499566E-02  2.903444E-02  2.903444E-02  2.903444E-02  3.716620E-02  3.716620E-02  3.716620E-02  3.716620E-02  3.716620E-02  1.572833E-02  5.312611E-02  5.764865E-02  5.901230E-02  8.370966E-02  8.821284E-02  9.180352E-02  2.373255E-02  3.076579E-02  3.076579E-02  3.076579E-02  3.459496E-02  3.459496E-02  3.459496E-02  3.459496E-02  3.459496E-02  4.680271E-03  4.686436E-03  4.696015E-03  4.750327E-03  4.758100E-03  4.789423E-03  5.104246E-03
   -16.3166  2.587666E-02  3.052771E-02  3.052771E-02  3.052771E-02  4.429633E-02  4.429633E-02  4.429633E-02  4.429633E-02  4.429633E-02  1.744166E-02  6.295356E-02  6.869393E-02  7.043381E-02  1.026293E-01  1.086329E-01  1.134480E-01  2.457946E-02  3.218887E-02  3.218887E-02  3.218887E-02  4.108834E-02  4.108834E-02  4.108834E-02  4.108834E-02  4.108834E-02  4.932664E-03  4.939403E-03  4.949878E-03  5.009348E-03  5.017868E-03  5.052234E-03  5.399748E-03
   -16.0754  2.671967E-02  3.197015E-02  3.197015E-02  3.197015E-02  5.240865E-02  5.240865E-02  5.240865E-02  5.240865E-02  5.240865E-02  1.944044E-02  7.547903E-02  8.289600E-02  8.515781E-02  1.281015E-01  1.363265E-01  1.429702E-01  2.539166E-02  3.355414E-02  3.355414E-02  3.355414E-02  4.843633E-02  4.843633E-02  4.843633E-02  4.843633E-02  4.843633E-02  5.212065E-03  5.219491E-03  5.231039E-03  5.296674E-03  5.306089E-03  5.344087E-03  5.730398E-03
   -15.8342  2.752758E-02  3.336679E-02  3.336679E-02  3.336679E-02  6.159076E-02  6.159076E-02  6.159076E-02  6.159076E-02  6.159076E-02  2.178284E-02  9.174206E-02  1.015289E-01  1.045351E-01  1.634221E-01  1.750717E-01  1.845642E-01  2.617184E-02  3.486801E-02  3.486801E-02  3.486801E-02  5.670712E-02  5.670712E-02  5.670712E-02  5.670712E-02  5.670712E-02  5.522840E-03  5.531084E-03  5.543906E-03  5.616861E-03  5.627336E-03  5.669638E-03  6.101655E-03
   -15.5930  2.830287E-02  3.472221E-02  3.472221E-02  3.472221E-02  7.193570E-02  7.193570E-02  7.193570E-02  7.193570E-02  7.193570E-02  2.454214E-02  1.133283E-01  1.265710E-01  1.306745E-01  2.142118E-01  2.314094E-01  2.455783E-01  2.692224E-02  3.613616E-02  3.613616E-02  3.613616E-02  6.597229E-02  6.597229E-02  6.597229E-02  6.597229E-02  6.597229E-02  5.869888E-03  5.879097E-03  5.893422E-03  5.975002E-03  5.986724E-03  6.034088E-03  6.519583E-03
   -15.3518  2.904762E-02  3.604047E-02  3.604047E-02  3.604047E-02  8.354161E-02  8.354161E-02  8.354161E-02  8.354161E-02  8.354161E-02  2.781193E-02  1.427496E-01  1.612228E-01  1.670085E-01  2.906667E-01  3.174322E-01  3.398019E-01  2.764478E-02  3.736367E-02  3.736367E-02  3.736367E-02  7.630644E-02  7.630644E-02  7.630644E-02  7.630644E-02  7.630644E-02  6.258659E-03  6.268998E-03  6.285085E-03  6.376757E-03  6.389939E-03  6.443217E-03  6.990921E-03
   -15.1106  2.976365E-02  3.732524E-02  3.732524E-02  3.732524E-02  9.651088E-02  9.651088E-02  9.651088E-02  9.651088E-02  9.651088E-02  3.171322E-02  1.841676E-01  2.109247E-01  2.194171E-01  4.127858E-01  4.574433E-01  4.954915E-01  2.834111E-02  3.855502E-02  3.855502E-02  3.855502E-02  8.778651E-02  8.778651E-02  8.778651E-02  8.778651E-02  8.778651E-02  6.695218E-03  6.706873E-03  6.725010E-03  6.828424E-03  6.843301E-03  6.903452E-03  7.523178E-03
   -14.8693  3.045253E-02  3.857980E-02  3.857980E-02  3.857980E-02  1.109490E-01  1.109490E-01  1.109490E-01  1.109490E-01  1.109490E-01  3.640499E-02  2.448665E-01  2.855055E-01  2.986252E-01  6.239991E-01  7.059598E-01  7.777062E-01  2.901266E-02  3.971420E-02  3.971420E-02  3.971420E-02  1.004909E-01  1.004909E-01  1.004909E-01  1.004909E-01  1.004909E-01  7.186304E-03  7.199484E-03  7.219997E-03  7.337005E-03  7.353845E-03  7.421944E-03  8.124755E-03
   -14.6281  3.111563E-02  3.980706E-02  3.980706E-02  3.980706E-02  1.269624E-01  1.269624E-01  1.269624E-01  1.269624E-01  1.269624E-01  4.209928E-02  3.384986E-01  4.041439E-01  4.258174E-01  1.032543E+00  1.205101E+00  1.362350E+00  2.966067E-02  4.084472E-02  4.084472E-02  4.084472E-02  1.144982E-01  1.144982E-01  1.144982E-01  1.144982E-01  1.144982E-01  7.739434E-03  7.754375E-03  7.777629E-03  7.910319E-03  7.929421E-03  8.006684E-03  8.805093E-03
   -14.3869  3.175398E-02  4.100961E-02  4.100961E-02  4.100961E-02  1.446566E-01  1.446566E-01  1.446566E-01  1.446566E-01  1.446566E-01  4.908404E-02  4.929940E-01  6.082034E-01  6.474316E-01  1.965890E+00  2.413496E+00  2.847543E+00  3.028624E-02  4.194968E-02  4.194968E-02  4.194968E-02  1.298853E-01  1.298853E-01  1.298853E-01  1.298853E-01  1.298853E-01  8.363023E-03  8.379991E-03  8.406401E-03  8.557133E-03  8.578837E-03  8.666637E-03  9.574876E-03
   -14.1457  3.236905E-02  4.218976E-02  4.218976E-02  4.218976E-02  1.641318E-01  1.641318E-01  1.641318E-01  1.641318E-01  1.641318E-01  5.775810E-02  7.725207E-01  9.998010E-01  1.080707E+00  4.726331E+00  6.308563E+00  7.956902E+00  3.089036E-02  4.303183E-02  4.303183E-02  4.303183E-02  1.467249E-01  1.467249E-01  1.467249E-01  1.467249E-01  1.467249E-01  9.066540E-03  9.085835E-03  9.115871E-03  9.287330E-03  9.312023E-03  9.411926E-03  1.044626E-02
   -13.9045  3.296159E-02  4.334955E-02  4.334955E-02  4.334955E-02  1.854789E-01  1.854789E-01  1.854789E-01  1.854789E-01  1.854789E-01  6.868615E-02  1.350049E+00  1.883750E+00  2.086988E+00  1.526672E+01  1.977980E+01  2.190584E+01  3.147390E-02  4.409359E-02  4.409359E-02  4.409359E-02  1.650832E-01  1.650832E-01  1.650832E-01  1.650832E-01  1.650832E-01  9.860704E-03  9.882673E-03  9.916871E-03  1.011212E-02  1.014025E-02  1.025404E-02  1.143321E-02
   -13.6633  3.353251E-02  4.449079E-02  4.449079E-02  4.449079E-02  2.087741E-01  2.087741E-01  2.087741E-01  2.087741E-01  2.087741E-01  8.268837E-02  2.811196E+00  4.450524E+00  5.138615E+00  1.714590E+01  1.277891E+01  1.011525E+01  3.203762E-02  4.513708E-02  4.513708E-02  4.513708E-02  1.850155E-01  1.850155E-01  1.850155E-01  1.850155E-01  1.850155E-01  1.075773E-02  1.078277E-02  1.082175E-02  1.104432E-02  1.107638E-02  1.120614E-02  1.255180E-02
   -13.4221  3.408253E-02  4.561508E-02  4.561508E-02  4.561508E-02  2.340701E-01  2.340701E-01  2.340701E-01  2.340701E-01  2.340701E-01  1.009909E-01  7.812121E+00  1.426256E+01  1.666149E+01  5.623904E+00  4.362939E+00  3.666935E+00  3.258223E-02  4.616418E-02  4.616418E-02  4.616418E-02  2.065628E-01  2.065628E-01  2.065628E-01  2.065628E-01  2.065628E-01  1.177165E-02  1.180021E-02  1.184468E-02  1.209866E-02  1.213525E-02  1.228335E-02  1.382081E-02
   -13.1809  3.461240E-02  4.672384E-02  4.672384E-02  4.672384E-02  2.613901E-01  2.613901E-01  2.613901E-01  2.613901E-01  2.613901E-01  1.254905E-01  2.182006E+01  1.814011E+01  1.578567E+01  2.434768E+00  2.040951E+00  1.806166E+00  3.310836E-02  4.717655E-02  4.717655E-02  4.717655E-02  2.297450E-01  2.297450E-01  2.297450E-01  2.297450E-01  2.297450E-01  1.291865E-02  1.295127E-02  1.300206E-02  1.329221E-02  1.333402E-02  1.350326E-02  1.526224E-02
   -12.9397  3.512277E-02  4.781831E-02  4.781831E-02  4.781831E-02  2.907169E-01  2.907169E-01  2.907169E-01  2.907169E-01  2.907169E-01  1.592415E-01  1.030156E+01  5.970031E+00  5.200451E+00  1.345367E+00  1.181133E+00  1.077950E+00  3.361660E-02  4.817562E-02  4.817562E-02  4.817562E-02  2.545572E-01  2.545572E-01  2.545572E-01  2.545572E-01  2.545572E-01  1.421763E-02  1.425494E-02  1.431302E-02  1.464492E-02  1.469277E-02  1.488644E-02  1.690216E-02
   -12.6985  3.561424E-02  4.889959E-02  4.889959E-02  4.889959E-02  3.219823E-01  3.219823E-01  3.219823E-01  3.219823E-01  3.219823E-01  2.074072E-01  3.716055E+00  2.537489E+00  2.306369E+00  8.612086E-01  7.783888E-01  7.245569E-01  3.410747E-02  4.916267E-02  4.916267E-02  4.916267E-02  2.809620E-01  2.809620E-01  2.809620E-01  2.809620E-01  2.809620E-01  1.569078E-02  1.573351E-02  1.580004E-02  1.618033E-02  1.623516E-02  1.645716E-02  1.877165E-02
   -12.4573  3.608736E-02  4.996863E-02  4.996863E-02  4.996863E-02  3.550566E-01  3.550566E-01  3.550566E-01  3.550566E-01  3.550566E-01  2.792520E-01  1.823306E+00  1.386653E+00  1.292975E+00  6.062816E-01  5.589330E-01  5.274349E-01  3.458146E-02  5.013880E-02  5.013880E-02  5.013880E-02  3.088833E-01  3.088833E-01  3.088833E-01  3.088833E-01  3.088833E-01  1.736438E-02  1.741341E-02  1.748977E-02  1.792633E-02  1.798930E-02  1.824430E-02  2.090818E-02
   -12.2161  3.654265E-02  5.102628E-02  5.102628E-02  5.102628E-02  3.897384E-01  3.897384E-01  3.897384E-01  3.897384E-01  3.897384E-01  3.926959E-01  1.085710E+00  8.815804E-01  8.352101E-01  4.560490E-01  4.265124E-01  4.065351E-01  3.503902E-02  5.110498E-02  5.110498E-02  5.110498E-02  3.381998E-01  3.381998E-01  3.381998E-01  3.381998E-01  3.381998E-01  1.926980E-02  1.932620E-02  1.941402E-02  1.991637E-02  1.998886E-02  2.028249E-02  2.335712E-02
   -11.9749  3.698059E-02  5.207328E-02  5.207328E-02  5.207328E-02  4.257455E-01  4.257455E-01  4.257455E-01  4.257455E-01  4.257455E-01  5.859468E-01  7.287584E-01  6.178073E-01  5.916311E-01  3.602481E-01  3.406190E-01  3.271784E-01  3.548058E-02  5.206205E-02  5.206205E-02  5.206205E-02  3.687389E-01  3.687389E-01  3.687389E-01  3.687389E-01  3.687389E-01  2.144489E-02  2.150993E-02  2.161122E-02  2.219091E-02  2.227460E-02  2.261356E-02  2.617458E-02
   -11.7337  3.740163E-02  5.311024E-02  5.311024E-02  5.311024E-02  4.627096E-01  4.627096E-01  4.627096E-01  4.627096E-01  4.627096E-01  9.518626E-01  5.300313E-01  4.632341E-01  4.470528E-01  2.955379E-01  2.818594E-01  2.724053E-01  3.590652E-02  5.301073E-02  5.301073E-02  5.301073E-02  4.002725E-01  4.002725E-01  4.002725E-01  4.002725E-01  4.002725E-01  2.393551E-02  2.401075E-02  2.412797E-02  2.479913E-02  2.489607E-02  2.528904E-02  2.942971E-02
   -11.4925  3.780619E-02  5.413772E-02  5.413772E-02  5.413772E-02  5.001758E-01  5.001758E-01  5.001758E-01  5.001758E-01  5.001758E-01  1.761499E+00  4.083179E-01  3.650668E-01  3.543856E-01  2.498966E-01  2.400120E-01  2.331305E-01  3.631722E-02  5.395165E-02  5.395165E-02  5.395165E-02  4.325143E-01  4.325143E-01  4.325143E-01  4.325143E-01  4.325143E-01  2.679840E-02  2.688579E-02  2.702194E-02  2.780208E-02  2.791484E-02  2.837211E-02  3.320921E-02
   -11.2513  3.819467E-02  5.515618E-02  5.515618E-02  5.515618E-02  5.376079E-01  5.376079E-01  5.376079E-01  5.376079E-01  5.376079E-01  4.041691E+00  3.285150E-01  2.989622E-01  2.915574E-01  2.166221E-01  2.092749E-01  2.041305E-01  3.671300E-02  5.488534E-02  5.488534E-02  5.488534E-02  4.651206E-01  4.651206E-01  4.651206E-01  4.651206E-01  4.651206E-01  3.010354E-02  3.020549E-02  3.036435E-02  3.127534E-02  3.140711E-02  3.194175E-02  3.762295E-02
   -11.0101  3.856745E-02  5.616604E-02  5.616604E-02  5.616604E-02  5.744014E-01  5.744014E-01  5.744014E-01  5.744014E-01  5.744014E-01  1.267568E+01  2.734839E-01  2.524491E-01  2.471198E-01  1.917366E-01  1.861542E-01  1.822286E-01  3.709421E-02  5.581225E-02  5.581225E-02  5.581225E-02  4.976946E-01  4.976946E-01  4.976946E-01  4.976946E-01  4.976946E-01  3.393873E-02  3.405828E-02  3.424461E-02  3.531407E-02  3.546891E-02  3.609748E-02  4.281180E-02
   -10.7688  3.892485E-02  5.716761E-02  5.716761E-02  5.716761E-02  6.099058E-01  6.099058E-01  6.099058E-01  6.099058E-01  6.099058E-01  1.969607E+01  2.340554E-01  2.186041E-01  2.146554E-01  1.727577E-01  1.684437E-01  1.653999E-01  3.746113E-02  5.673276E-02  5.673276E-02  5.673276E-02  5.297949E-01  5.297949E-01  5.297949E-01  5.297949E-01  5.297949E-01  3.841529E-02  3.855632E-02  3.877618E-02  4.003947E-02  4.022256E-02  4.096629E-02  4.895873E-02
   -10.5276  3.926728E-02  5.816117E-02  5.816117E-02  5.816117E-02  6.434521E-01  6.434521E-01  6.434521E-01  6.434521E-01  6.434521E-01  6.620696E+00  2.049629E-01  1.933312E-01  1.903387E-01  1.580689E-01  1.546924E-01  1.523042E-01  3.781412E-02  5.764718E-02  5.764718E-02  5.764718E-02  5.609489E-01  5.609489E-01  5.609489E-01  5.609489E-01  5.609489E-01  4.367605E-02  4.384357E-02  4.410482E-02  4.560768E-02  4.582574E-02  4.671221E-02  5.630495E-02
   -10.2864  3.959504E-02  5.914695E-02  5.914695E-02  5.914695E-02  6.743871E-01  6.743871E-01  6.743871E-01  6.743871E-01  6.743871E-01  2.725882E+00  1.830060E-01  1.740817E-01  1.717738E-01  1.465808E-01  1.439141E-01  1.420249E-01  3.815338E-02  5.855578E-02  5.855578E-02  5.855578E-02  5.906697E-01  5.906697E-01  5.906697E-01  5.906697E-01  5.906697E-01  4.990668E-02  5.010725E-02  5.042015E-02  5.222266E-02  5.248456E-02  5.355013E-02  6.517327E-02
   -10.0452  3.990843E-02  6.012513E-02  6.012513E-02  6.012513E-02  7.021106E-01  7.021106E-01  7.021106E-01  7.021106E-01  7.021106E-01  1.460966E+00  1.661464E-01  1.591993E-01  1.573957E-01  1.375370E-01  1.354194E-01  1.339178E-01  3.847921E-02  5.945875E-02  5.945875E-02  5.945875E-02  6.184767E-01  6.184767E-01  6.184767E-01  6.184767E-01  6.184767E-01  5.735209E-02  5.759443E-02  5.797266E-02  6.015495E-02  6.047252E-02  6.176587E-02  7.600356E-02
    -9.8040  4.020778E-02  6.109586E-02  6.109586E-02  6.109586E-02  7.261101E-01  7.261101E-01  7.261101E-01  7.261101E-01  7.261101E-01  9.179823E-01  1.530355E-01  1.475700E-01  1.461474E-01  1.303985E-01  1.287134E-01  1.275187E-01  3.879186E-02  6.035625E-02  6.035625E-02  6.035625E-02  6.439177E-01  6.439177E-01  6.439177E-01  6.439177E-01  6.439177E-01  6.634033E-02  6.663624E-02  6.709827E-02  6.976896E-02  7.015830E-02  7.174573E-02  8.940706E-02
    -9.5628  4.049336E-02  6.205921E-02  6.205921E-02  6.205921E-02  7.459905E-01  7.459905E-01  7.459905E-01  7.459905E-01  7.459905E-01  6.384959E-01  1.427516E-01  1.384217E-01  1.372929E-01  1.247723E-01  1.234341E-01  1.224862E-01  3.909160E-02  6.124841E-02  6.124841E-02  6.124841E-02  6.665909E-01  6.665909E-01  6.665909E-01  6.665909E-01  6.665909E-01  7.731884E-02  7.768458E-02  7.825587E-02  8.156512E-02  8.204854E-02  8.402214E-02  1.062518E-01
    -9.3216  4.076545E-02  6.301528E-02  6.301528E-02  6.301528E-02  7.614949E-01  7.614949E-01  7.614949E-01  7.614949E-01  7.614949E-01  4.763593E-01  1.346470E-01  1.312049E-01  1.303071E-01  1.203668E-01  1.193109E-01  1.185646E-01  3.937866E-02  6.213529E-02  6.213529E-02  6.213529E-02  6.861641E-01  6.861641E-01  6.861641E-01  6.861641E-01  6.861641E-01  9.090998E-02  9.136828E-02  9.208465E-02  9.624446E-02  9.685357E-02  9.934411E-02  1.278028E-01
    -9.0804  4.102434E-02  6.396408E-02  6.396408E-02  6.396408E-02  7.725136E-01  7.725136E-01  7.725136E-01  7.725136E-01  7.725136E-01  3.741518E-01  1.282552E-01  1.255195E-01  1.248065E-01  1.169613E-01  1.161383E-01  1.155589E-01  3.965328E-02  6.301695E-02  6.301695E-02  6.301695E-02  7.023908E-01  7.023908E-01  7.023908E-01  7.023908E-01  7.023908E-01  1.079986E-01  1.085824E-01  1.094954E-01  1.148125E-01  1.155932E-01  1.187912E-01  1.559576E-01
    -8.8392  4.127030E-02  6.490564E-02  6.490564E-02  6.490564E-02  7.790824E-01  7.790824E-01  7.790824E-01  7.790824E-01  7.790824E-01  3.057212E-01  1.232332E-01  1.210687E-01  1.205059E-01  1.143860E-01  1.137579E-01  1.133185E-01  3.991568E-02  6.389338E-02  6.389338E-02  6.389338E-02  7.151190E-01  7.151190E-01  7.151190E-01  7.151190E-01  7.151190E-01  1.298760E-01  1.306337E-01  1.318197E-01  1.387504E-01  1.397714E-01  1.439622E-01  1.936619E-01
    -8.5980  4.150358E-02  6.583993E-02  6.583993E-02  6.583993E-02  7.813687E-01  7.813687E-01  7.813687E-01  7.813687E-01  7.813687E-01  2.577938E-01  1.193242E-01  1.176283E-01  1.171893E-01  1.125093E-01  1.120460E-01  1.117254E-01  4.016608E-02  6.476459E-02  6.476459E-02  6.476459E-02  7.242953E-01  7.242953E-01  7.242953E-01  7.242953E-01  7.242953E-01  1.584819E-01  1.594877E-01  1.610637E-01  1.703094E-01  1.716767E-01  1.773030E-01  2.456763E-01
    -8.3568  4.172443E-02  6.676693E-02  6.676693E-02  6.676693E-02  7.796507E-01  7.796507E-01  7.796507E-01  7.796507E-01  7.796507E-01  2.230535E-01  1.163325E-01  1.150262E-01  1.146905E-01  1.112267E-01  1.109045E-01  1.106857E-01  4.040471E-02  6.563053E-02  6.563053E-02  6.563053E-02  7.299603E-01  7.299603E-01  7.299603E-01  7.299603E-01  7.299603E-01  1.968333E-01  1.982046E-01  2.003558E-01  2.130367E-01  2.149208E-01  2.226970E-01  3.200765E-01
    -8.1156  4.193312E-02  6.768658E-02  6.768658E-02  6.768658E-02  7.742909E-01  7.742909E-01  7.742909E-01  7.742909E-01  7.742909E-01  1.971974E-01  1.141066E-01  1.131284E-01  1.128800E-01  1.104552E-01  1.102549E-01  1.101244E-01  4.063172E-02  6.649115E-02  6.649115E-02  6.649115E-02  7.322414E-01  7.322414E-01  7.322414E-01  7.322414E-01  7.322414E-01  2.498166E-01  2.517476E-01  2.547814E-01  2.727704E-01  2.754584E-01  2.865939E-01  4.313986E-01
    -7.8744  4.212987E-02  6.859880E-02  6.859880E-02  6.859880E-02  7.657083E-01  7.657083E-01  7.657083E-01  7.657083E-01  7.657083E-01  1.775604E-01  1.125282E-01  1.118293E-01  1.116555E-01  1.101276E-01  1.100338E-01  1.099805E-01  4.084741E-02  6.734637E-02  6.734637E-02  6.734637E-02  7.313378E-01  7.313378E-01  7.313378E-01  7.313378E-01  7.313378E-01  3.257423E-01  3.285725E-01  3.330266E-01  3.596335E-01  3.636377E-01  3.803036E-01  6.078015E-01
    -7.6332  4.231494E-02  6.950352E-02  6.950352E-02  6.950352E-02  7.543513E-01  7.543513E-01  7.543513E-01  7.543513E-01  7.543513E-01  1.624177E-01  1.115031E-01  1.110446E-01  1.109352E-01  1.101892E-01  1.101892E-01  1.102041E-01  4.105195E-02  6.819609E-02  6.819609E-02  6.819609E-02  7.275057E-01  7.275057E-01  7.275057E-01  7.275057E-01  7.275057E-01  4.396187E-01  4.439806E-01  4.508608E-01  4.923495E-01  4.986505E-01  5.250345E-01  9.091685E-01
    -7.3920  4.248855E-02  7.040064E-02  7.040064E-02  7.040064E-02  7.406738E-01  7.406738E-01  7.406738E-01  7.406738E-01  7.406738E-01  1.506129E-01  1.109558E-01  1.107063E-01  1.106530E-01  1.105950E-01  1.106784E-01  1.107539E-01  4.124541E-02  6.904021E-02  6.904021E-02  6.904021E-02  7.210409E-01  7.210409E-01  7.210409E-01  7.210409E-01  7.210409E-01  6.206391E-01  6.278127E-01  6.391614E-01  7.084529E-01  7.191031E-01  7.640566E-01  1.479036E+00
    -7.1508  4.265093E-02  7.129003E-02  7.129003E-02  7.129003E-02  7.251170E-01  7.251170E-01  7.251170E-01  7.251170E-01  7.251170E-01  1.413467E-01  1.108251E-01  1.107591E-01  1.107552E-01  1.113077E-01  1.114656E-01  1.115956E-01  4.142824E-02  6.987861E-02  6.987861E-02  6.987861E-02  7.122627E-01  7.122627E-01  7.122627E-01  7.122627E-01  7.122627E-01  9.312139E-01  9.440751E-01  9.645028E-01  1.091347E+00  1.111161E+00  1.195708E+00  2.716869E+00
    -6.9095  4.280232E-02  7.217158E-02  7.217158E-02  7.217158E-02  7.080943E-01  7.080943E-01  7.080943E-01  7.080943E-01  7.080943E-01  1.340518E-01  1.110611E-01  1.111573E-01  1.111973E-01  1.122959E-01  1.125212E-01  1.127004E-01  4.160050E-02  7.071115E-02  7.071115E-02  7.071115E-02  7.014987E-01  7.014987E-01  7.014987E-01  7.014987E-01  7.014987E-01  1.521953E+00  1.547885E+00  1.589297E+00  1.852456E+00  1.894476E+00  2.076444E+00  5.892609E+00
    -6.6683  4.294294E-02  7.304517E-02  7.304517E-02  7.304517E-02  6.899822E-01  6.899822E-01  6.899822E-01  6.899822E-01  6.899822E-01  1.283160E-01  1.116222E-01  1.118632E-01  1.119425E-01  1.135332E-01  1.138197E-01  1.140436E-01  4.176238E-02  7.153770E-02  7.153770E-02  7.153770E-02  6.890724E-01  6.890724E-01  6.890724E-01  6.890724E-01  6.890724E-01  2.815360E+00  2.876540E+00  2.974919E+00  3.618150E+00  3.723522E+00  4.187288E+00  1.341741E+01
    -6.4271  4.307300E-02  7.391065E-02  7.391065E-02  7.391065E-02  6.711153E-01  6.711153E-01  6.711153E-01  6.711153E-01  6.711153E-01  1.238342E-01  1.124739E-01  1.128452E-01  1.129599E-01  1.149972E-01  1.153396E-01  1.156045E-01  4.191409E-02  7.235809E-02  7.235809E-02  7.235809E-02  6.752936E-01  6.752936E-01  6.752936E-01  6.752936E-01  6.752936E-01  6.157402E+00  6.324307E+00  6.593059E+00  8.339644E+00  8.620299E+00  9.820560E+00  1.324233E+01
    -6.1859  4.319272E-02  7.476789E-02  7.476789E-02  7.476789E-02  6.517839E-01  6.517839E-01  6.517839E-01  6.517839E-01  6.517839E-01  1.203760E-01  1.135873E-01  1.140766E-01  1.142233E-01  1.166686E-01  1.170624E-01  1.173651E-01  4.205581E-02  7.317217E-02  7.317217E-02  7.317217E-02  6.604510E-01  6.604510E-01  6.604510E-01  6.604510E-01  6.604510E-01  1.382579E+01  1.406303E+01  1.440952E+01  1.566585E+01  1.572600E+01  1.564061E+01  6.068407E+00
    -5.9447  4.330236E-02  7.561672E-02  7.561672E-02  7.561672E-02  6.322350E-01  6.322350E-01  6.322350E-01  6.322350E-01  6.322350E-01  1.177650E-01  1.149378E-01  1.155345E-01  1.157106E-01  1.185308E-01  1.189721E-01  1.193097E-01  4.218771E-02  7.397978E-02  7.397978E-02  7.397978E-02  6.448078E-01  6.448078E-01  6.448078E-01  6.448078E-01  6.448078E-01  1.281908E+01  1.255867E+01  1.215118E+01  9.911260E+00  9.613806E+00  8.496211E+00  2.996840E+00
    -5.7035  4.340205E-02  7.645701E-02  7.645701E-02  7.645701E-02  6.126745E-01  6.126745E-01  6.126745E-01  6.126745E-01  6.126745E-01  1.158641E-01  1.165043E-01  1.171996E-01  1.174026E-01  1.205691E-01  1.210546E-01  1.214246E-01  4.230998E-02  7.478075E-02  7.478075E-02  7.478075E-02  6.285987E-01  6.285987E-01  6.285987E-01  6.285987E-01  6.285987E-01  5.829162E+00  5.689964E+00  5.482552E+00  4.486647E+00  4.365939E+00  3.925363E+00  1.745728E+00
    -5.4623  4.349204E-02  7.728858E-02  7.728858E-02  7.728858E-02  5.932707E-01  5.932707E-01  5.932707E-01  5.932707E-01  5.932707E-01  1.145651E-01  1.182688E-01  1.190551E-01  1.192830E-01  1.227709E-01  1.232976E-01  1.236980E-01  4.242280E-02  7.557489E-02  7.557489E-02  7.557489E-02  6.120298E-01  6.120298E-01  6.120298E-01  6.120298E-01  6.120298E-01  2.904775E+00  2.850975E+00  2.770469E+00  2.376084E+00  2.327146E+00  2.145811E+00  1.146609E+00
    -5.2211  4.357254E-02  7.811132E-02  7.811132E-02  7.811132E-02  5.741581E-01  5.741581E-01  5.741581E-01  5.741581E-01  5.741581E-01  1.137819E-01  1.202157E-01  1.210862E-01  1.213371E-01  1.251249E-01  1.256903E-01  1.261191E-01  4.252637E-02  7.636205E-02  7.636205E-02  7.636205E-02  5.952784E-01  5.952784E-01  5.952784E-01  5.952784E-01  5.952784E-01  1.704407E+00  1.680087E+00  1.643459E+00  1.459545E+00  1.436155E+00  1.348263E+00  8.189977E-01
    -4.9799  4.364376E-02  7.892500E-02  7.892500E-02  7.892500E-02  5.554426E-01  5.554426E-01  5.554426E-01  5.554426E-01  5.554426E-01  1.134452E-01  1.223311E-01  1.232801E-01  1.235526E-01  1.276211E-01  1.282228E-01  1.286784E-01  4.262084E-02  7.714203E-02  7.714203E-02  7.714203E-02  5.784951E-01  5.784951E-01  5.784951E-01  5.784951E-01  5.784951E-01  1.125146E+00  1.112421E+00  1.093160E+00  9.946336E-01  9.818733E-01  9.334245E-01  6.216919E-01
    -4.7387  4.370589E-02  7.972949E-02  7.972949E-02  7.972949E-02  5.372045E-01  5.372045E-01  5.372045E-01  5.372045E-01  5.372045E-01  1.134984E-01  1.246031E-01  1.256255E-01  1.259182E-01  1.302504E-01  1.308864E-01  1.313673E-01  4.270640E-02  7.791465E-02  7.791465E-02  7.791465E-02  5.618056E-01  5.618056E-01  5.618056E-01  5.618056E-01  5.618056E-01  8.066051E-01  7.991877E-01  7.879206E-01  7.294939E-01  7.218263E-01  6.924926E-01  4.941414E-01
    -4.4975  4.375914E-02  8.052461E-02  8.052461E-02  8.052461E-02  5.195027E-01  5.195027E-01  5.195027E-01  5.195027E-01  5.195027E-01  1.138951E-01  1.270210E-01  1.281122E-01  1.284238E-01  1.330048E-01  1.336731E-01  1.341779E-01  4.278323E-02  7.867973E-02  7.867973E-02  7.867973E-02  5.453130E-01  5.453130E-01  5.453130E-01  5.453130E-01  5.453130E-01  6.139805E-01  6.093015E-01  6.021757E-01  5.648459E-01  5.598987E-01  5.408643E-01  4.071799E-01
    -4.2563  4.380370E-02  8.131020E-02  8.131020E-02  8.131020E-02  5.023789E-01  5.023789E-01  5.023789E-01  5.023789E-01  5.023789E-01  1.145969E-01  1.295751E-01  1.307311E-01  1.310606E-01  1.358766E-01  1.365756E-01  1.371032E-01  4.285151E-02  7.943709E-02  7.943709E-02  7.943709E-02  5.291002E-01  5.291002E-01  5.291002E-01  5.291002E-01  5.291002E-01  4.890824E-01  4.859513E-01  4.811728E-01  4.559478E-01  4.525798E-01  4.395652E-01  3.454233E-01
    -4.0151  4.383978E-02  8.208616E-02  8.208616E-02  8.208616E-02  4.858599E-01  4.858599E-01  4.858599E-01  4.858599E-01  4.858599E-01  1.155714E-01  1.322569E-01  1.334741E-01  1.338204E-01  1.388591E-01  1.395873E-01  1.401364E-01  4.291140E-02  8.018654E-02  8.018654E-02  8.018654E-02  5.132327E-01  5.132327E-01  5.132327E-01  5.132327E-01  5.132327E-01  4.037365E-01  4.015443E-01  3.981936E-01  3.803998E-01  3.780102E-01  3.687454E-01  3.001512E-01
    -3.7739  4.386756E-02  8.285228E-02  8.285228E-02  8.285228E-02  4.699609E-01  4.699609E-01  4.699609E-01  4.699609E-01  4.699609E-01  1.167916E-01  1.350584E-01  1.363336E-01  1.366959E-01  1.419460E-01  1.427019E-01  1.432715E-01  4.296307E-02  8.092793E-02  8.092793E-02  8.092793E-02  4.977612E-01  4.977612E-01  4.977612E-01  4.977612E-01  4.977612E-01  3.430217E-01  3.414320E-01  3.389993E-01  3.260195E-01  3.242686E-01  3.174616E-01  2.661252E-01
    -3.5327  4.388724E-02  8.360841E-02  8.360841E-02  8.360841E-02  4.546876E-01  4.546876E-01  4.546876E-01  4.546876E-01  4.546876E-01  1.182343E-01  1.379726E-01  1.393027E-01  1.396802E-01  1.451312E-01  1.459136E-01  1.465027E-01  4.300670E-02  8.166103E-02  8.166103E-02  8.166103E-02  4.827231E-01  4.827231E-01  4.827231E-01  4.827231E-01  4.827231E-01  2.984531E-01  2.972680E-01  2.954527E-01  2.857309E-01  2.844147E-01  2.792873E-01  2.400460E-01
    -3.2915  4.389900E-02  8.435443E-02  8.435443E-02  8.435443E-02  4.400383E-01  4.400383E-01  4.400383E-01  4.400383E-01  4.400383E-01  1.198798E-01  1.409927E-01  1.423750E-01  1.427669E-01  1.484092E-01  1.492168E-01  1.498246E-01  4.304246E-02  8.238569E-02  8.238569E-02  8.238569E-02  4.681453E-01  4.681453E-01  4.681453E-01  4.681453E-01  4.681453E-01  2.649205E-01  2.640174E-01  2.626331E-01  2.551977E-01  2.541882E-01  2.502490E-01  2.197507E-01
    -3.0503  4.390304E-02  8.509010E-02  8.509010E-02  8.509010E-02  4.260055E-01  4.260055E-01  4.260055E-01  4.260055E-01  4.260055E-01  1.217110E-01  1.441127E-01  1.455447E-01  1.459503E-01  1.517748E-01  1.526064E-01  1.532320E-01  4.307051E-02  8.310172E-02  8.310172E-02  8.310172E-02  4.540454E-01  4.540454E-01  4.540454E-01  4.540454E-01  4.540454E-01  2.391980E-01  2.384979E-01  2.374241E-01  2.316430E-01  2.308564E-01  2.277828E-01  2.037734E-01
    -2.8090  4.389955E-02  8.581531E-02  8.581531E-02  8.581531E-02  4.125773E-01  4.125773E-01  4.125773E-01  4.125773E-01  4.125773E-01  1.237130E-01  1.473268E-01  1.488060E-01  1.492247E-01  1.552229E-01  1.560774E-01  1.567199E-01  4.309102E-02  8.380895E-02  8.380895E-02  8.380895E-02  4.404339E-01  4.404339E-01  4.404339E-01  4.404339E-01  4.404339E-01  2.191676E-01  2.186175E-01  2.177734E-01  2.132207E-01  2.126002E-01  2.101734E-01  1.910921E-01
    -2.5678  4.388870E-02  8.652992E-02  8.652992E-02  8.652992E-02  3.997384E-01  3.997384E-01  3.997384E-01  3.997384E-01  3.997384E-01  1.258729E-01  1.506296E-01  1.521538E-01  1.525849E-01  1.587486E-01  1.596249E-01  1.602836E-01  4.310416E-02  8.450721E-02  8.450721E-02  8.450721E-02  4.273149E-01  4.273149E-01  4.273149E-01  4.273149E-01  4.273149E-01  2.033911E-01  2.029546E-01  2.022844E-01  1.986654E-01  1.981716E-01  1.962388E-01  1.809751E-01
    -2.3266  4.387068E-02  8.723377E-02  8.723377E-02  8.723377E-02  3.874712E-01  3.874712E-01  3.874712E-01  3.874712E-01  3.874712E-01  1.281792E-01  1.540159E-01  1.555829E-01  1.560259E-01  1.623473E-01  1.632444E-01  1.639185E-01  4.311010E-02  8.519633E-02  8.519633E-02  8.519633E-02  4.146877E-01  4.146877E-01  4.146877E-01  4.146877E-01  4.146877E-01  1.908649E-01  1.905159E-01  1.899802E-01  1.870847E-01  1.866893E-01  1.851411E-01  1.728881E-01
    -2.0854  4.384567E-02  8.792674E-02  8.792674E-02  8.792674E-02  3.757565E-01  3.757565E-01  3.757565E-01  3.757565E-01  3.757565E-01  1.306217E-01  1.574808E-01  1.590887E-01  1.595429E-01  1.660145E-01  1.669314E-01  1.676201E-01  4.310897E-02  8.587610E-02  8.587610E-02  8.587610E-02  4.025478E-01  4.025478E-01  4.025478E-01  4.025478E-01  4.025478E-01  1.808695E-01  1.805895E-01  1.801594E-01  1.778346E-01  1.775170E-01  1.762734E-01  1.664327E-01
    -1.8442  4.381385E-02  8.860867E-02  8.860867E-02  8.860867E-02  3.645740E-01  3.645740E-01  3.645740E-01  3.645740E-01  3.645740E-01  1.331913E-01  1.610195E-01  1.626663E-01  1.631313E-01  1.697457E-01  1.706814E-01  1.713840E-01  4.310097E-02  8.654645E-02  8.654645E-02  8.654645E-02  3.908874E-01  3.908874E-01  3.908874E-01  3.908874E-01  3.908874E-01  1.728789E-01  1.726539E-01  1.723084E-01  1.704410E-01  1.701859E-01  1.691873E-01  1.613070E-01
    -1.6030  4.377541E-02  8.927935E-02  8.927935E-02  8.927935E-02  3.539029E-01  3.539029E-01  3.539029E-01  3.539029E-01  3.539029E-01  1.358797E-01  1.646276E-01  1.663113E-01  1.667866E-01  1.735367E-01  1.744902E-01  1.752060E-01  4.308625E-02  8.720717E-02  8.720717E-02  8.720717E-02  3.796966E-01  3.796966E-01  3.796966E-01  3.796966E-01  3.796966E-01  1.665007E-01  1.663203E-01  1.660434E-01  1.645477E-01  1.643435E-01  1.635447E-01  1.572788E-01
    -1.3618  4.373050E-02  8.993882E-02  8.993882E-02  8.993882E-02  3.437220E-01  3.437220E-01  3.437220E-01  3.437220E-01  3.437220E-01  1.386794E-01  1.683006E-01  1.700194E-01  1.705044E-01  1.773830E-01  1.783534E-01  1.790817E-01  4.306499E-02  8.785811E-02  8.785811E-02  8.785811E-02  3.689635E-01  3.689635E-01  3.689635E-01  3.689635E-01  3.689635E-01  1.614373E-01  1.612936E-01  1.610731E-01  1.598834E-01  1.597213E-01  1.590875E-01  1.541667E-01
    -1.1206  4.367930E-02  9.058688E-02  9.058688E-02  9.058688E-02  3.340105E-01  3.340105E-01  3.340105E-01  3.340105E-01  3.340105E-01  1.415835E-01  1.720341E-01  1.737862E-01  1.742804E-01  1.812807E-01  1.822670E-01  1.830070E-01  4.303729E-02  8.849913E-02  8.849913E-02  8.849913E-02  3.586751E-01  3.586751E-01  3.586751E-01  3.586751E-01  3.586751E-01  1.574596E-01  1.573464E-01  1.571727E-01  1.562381E-01  1.561110E-01  1.556152E-01  1.518274E-01
    -0.8794  4.362202E-02  9.122341E-02  9.122341E-02  9.122341E-02  3.247475E-01  3.247475E-01  3.247475E-01  3.247475E-01  3.247475E-01  1.445859E-01  1.758239E-01  1.776076E-01  1.781104E-01  1.852255E-01  1.862267E-01  1.869778E-01  4.300335E-02  8.913007E-02  8.913007E-02  8.913007E-02  3.488174E-01  3.488174E-01  3.488174E-01  3.488174E-01  3.488174E-01  1.543884E-01  1.543008E-01  1.541665E-01  1.534468E-01  1.533493E-01  1.529699E-01  1.501463E-01
    -0.6382  4.355876E-02  9.184828E-02  9.184828E-02  9.184828E-02  3.159129E-01  3.159129E-01  3.159129E-01  3.159129E-01  3.159129E-01  1.476805E-01  1.796659E-01  1.814793E-01  1.819903E-01  1.892132E-01  1.902285E-01  1.909900E-01  4.296331E-02  8.975079E-02  8.975079E-02  8.975079E-02  3.393757E-01  3.393757E-01  3.393757E-01  3.393757E-01  3.393757E-01  1.520824E-01  1.520165E-01  1.519158E-01  1.513788E-01  1.513066E-01  1.510265E-01  1.490309E-01
    -0.3970  4.348972E-02  9.246140E-02  9.246140E-02  9.246140E-02  3.074869E-01  3.074869E-01  3.074869E-01  3.074869E-01  3.074869E-01  1.508620E-01  1.835560E-01  1.853973E-01  1.859160E-01  1.932398E-01  1.942682E-01  1.950393E-01  4.291733E-02  9.036117E-02  9.036117E-02  9.036117E-02  3.303353E-01  3.303353E-01  3.303353E-01  3.303353E-01  3.303353E-01  1.504281E-01  1.503809E-01  1.503089E-01  1.499290E-01  1.498784E-01  1.496839E-01  1.484056E-01
    -0.1558  4.341506E-02  9.306265E-02  9.306265E-02  9.306265E-02  2.994506E-01  2.994506E-01  2.994506E-01  2.994506E-01  2.994506E-01  1.541250E-01  1.874900E-01  1.893575E-01  1.898834E-01  1.973013E-01  1.983417E-01  1.991217E-01  4.286556E-02  9.096106E-02  9.096106E-02  9.096106E-02  3.216810E-01  3.216810E-01  3.216810E-01  3.216810E-01  3.216810E-01  1.493343E-01  1.493033E-01  1.492561E-01  1.490121E-01  1.489804E-01  1.488600E-01  1.482082E-01
     0.0854  4.333496E-02  9.365193E-02  9.365193E-02  9.365193E-02  2.917855E-01  2.917855E-01  2.917855E-01  2.917855E-01  2.917855E-01  1.574649E-01  1.914640E-01  1.933559E-01  1.938885E-01  2.013934E-01  2.024450E-01  2.032332E-01  4.280816E-02  9.155035E-02  9.155035E-02  9.155035E-02  3.133979E-01  3.133979E-01  3.133979E-01  3.133979E-01  3.133979E-01  1.487261E-01  1.487091E-01  1.486836E-01  1.485585E-01  1.485431E-01  1.484877E-01  1.483870E-01
     0.3266  4.324956E-02  9.422917E-02  9.422917E-02  9.422917E-02  2.844742E-01  2.844742E-01  2.844742E-01  2.844742E-01  2.844742E-01  1.608768E-01  1.954739E-01  1.973884E-01  1.979272E-01  2.055123E-01  2.065740E-01  2.073696E-01  4.274530E-02  9.212892E-02  9.212892E-02  9.212892E-02  3.054711E-01  3.054711E-01  3.054711E-01  3.054711E-01  3.054711E-01  1.485420E-01  1.485374E-01  1.485309E-01  1.485102E-01  1.485094E-01  1.485111E-01  1.488987E-01
     0.5678  4.315903E-02  9.479423E-02  9.479423E-02  9.479423E-02  2.774998E-01  2.774998E-01  2.774998E-01  2.774998E-01  2.774998E-01  1.643563E-01  1.995158E-01  2.014511E-01  2.019956E-01  2.096537E-01  2.107246E-01  2.115269E-01  4.267707E-02  9.269664E-02  9.269664E-02  9.269664E-02  2.978863E-01  2.978863E-01  2.978863E-01  2.978863E-01  2.978863E-01  1.487308E-01  1.487371E-01  1.487475E-01  1.488193E-01  1.488313E-01  1.488839E-01  1.497067E-01
     0.8090  4.306352E-02  9.534711E-02  9.534711E-02  9.534711E-02  2.708463E-01  2.708463E-01  2.708463E-01  2.708463E-01  2.708463E-01  1.678992E-01  2.035857E-01  2.055400E-01  2.060897E-01  2.138136E-01  2.148927E-01  2.157009E-01  4.260364E-02  9.325342E-02  9.325342E-02  9.325342E-02  2.906291E-01  2.906291E-01  2.906291E-01  2.906291E-01  2.906291E-01  1.492497E-01  1.492657E-01  1.492911E-01  1.494454E-01  1.494689E-01  1.495667E-01  1.507800E-01
     1.0503  4.296319E-02  9.588768E-02  9.588768E-02  9.588768E-02  2.644983E-01  2.644983E-01  2.644983E-01  2.644983E-01  2.644983E-01  1.715012E-01  2.076796E-01  2.096511E-01  2.102055E-01  2.179879E-01  2.190742E-01  2.198876E-01  4.252517E-02  9.379922E-02  9.379922E-02  9.379922E-02  2.836859E-01  2.836859E-01  2.836859E-01  2.836859E-01  2.836859E-01  1.500624E-01  1.500871E-01  1.501259E-01  1.503542E-01  1.503880E-01  1.505266E-01  1.520918E-01
     1.2915  4.285820E-02  9.641588E-02  9.641588E-02  9.641588E-02  2.584413E-01  2.584413E-01  2.584413E-01  2.584413E-01  2.584413E-01  1.751583E-01  2.117935E-01  2.137804E-01  2.143389E-01  2.221727E-01  2.232651E-01  2.240829E-01  4.244179E-02  9.433379E-02  9.433379E-02  9.433379E-02  2.770433E-01  2.770433E-01  2.770433E-01  2.770433E-01  2.770433E-01  1.511381E-01  1.511707E-01  1.512217E-01  1.515167E-01  1.515597E-01  1.517350E-01  1.536193E-01
     1.5327  4.274869E-02  9.693164E-02  9.693164E-02  9.693164E-02  2.526615E-01  2.526615E-01  2.526615E-01  2.526615E-01  2.526615E-01  1.788666E-01  2.159236E-01  2.179239E-01  2.184861E-01  2.263638E-01  2.274612E-01  2.282827E-01  4.235365E-02  9.485699E-02  9.485699E-02  9.485699E-02  2.706884E-01  2.706884E-01  2.706884E-01  2.706884E-01  2.706884E-01  1.524506E-01  1.524903E-01  1.525522E-01  1.529077E-01  1.529591E-01  1.531678E-01  1.553425E-01
     1.7739  4.263480E-02  9.743495E-02  9.743495E-02  9.743495E-02  2.471457E-01  2.471457E-01  2.471457E-01  2.471457E-01  2.471457E-01  1.826220E-01  2.200657E-01  2.220777E-01  2.226430E-01  2.305571E-01  2.316586E-01  2.324830E-01  4.226089E-02  9.536898E-02  9.536898E-02  9.536898E-02  2.646089E-01  2.646089E-01  2.646089E-01  2.646089E-01  2.646089E-01  1.539770E-01  1.540231E-01  1.540950E-01  1.545055E-01  1.545646E-01  1.548037E-01  1.572439E-01
     2.0151  4.251669E-02  9.792567E-02  9.792567E-02  9.792567E-02  2.418815E-01  2.418815E-01  2.418815E-01  2.418815E-01  2.418815E-01  1.864209E-01  2.242161E-01  2.262377E-01  2.268056E-01  2.347487E-01  2.358531E-01  2.366796E-01  4.216365E-02  9.586952E-02  9.586952E-02  9.586952E-02  2.587928E-01  2.587928E-01  2.587928E-01  2.587928E-01  2.587928E-01  1.556975E-01  1.557496E-01  1.558305E-01  1.562913E-01  1.563574E-01  1.566243E-01  1.593081E-01
     2.2563  4.239451E-02  9.840380E-02  9.840380E-02  9.840380E-02  2.368571E-01  2.368571E-01  2.368571E-01  2.368571E-01  2.368571E-01  1.902595E-01  2.283707E-01  2.304001E-01  2.309701E-01  2.389344E-01  2.400407E-01  2.408684E-01  4.206205E-02  9.635861E-02  9.635861E-02  9.635861E-02  2.532288E-01  2.532288E-01  2.532288E-01  2.532288E-01  2.532288E-01  1.575949E-01  1.576523E-01  1.577417E-01  1.582486E-01  1.583211E-01  1.586135E-01  1.615215E-01
     2.4975  4.226839E-02  9.886928E-02  9.886928E-02  9.886928E-02  2.320612E-01  2.320612E-01  2.320612E-01  2.320612E-01  2.320612E-01  1.941340E-01  2.325256E-01  2.345609E-01  2.351323E-01  2.431102E-01  2.442173E-01  2.450454E-01  4.195625E-02  9.683614E-02  9.683614E-02  9.683614E-02  2.479060E-01  2.479060E-01  2.479060E-01  2.479060E-01  2.479060E-01  1.596538E-01  1.597163E-01  1.598133E-01  1.603627E-01  1.604412E-01  1.607570E-01  1.638720E-01
     2.7387  4.213847E-02  9.932209E-02  9.932209E-02  9.932209E-02  2.274833E-01  2.274833E-01  2.274833E-01  2.274833E-01  2.274833E-01  1.980407E-01  2.366769E-01  2.387161E-01  2.392885E-01  2.472721E-01  2.483790E-01  2.492067E-01  4.184638E-02  9.730205E-02  9.730205E-02  9.730205E-02  2.428139E-01  2.428139E-01  2.428139E-01  2.428139E-01  2.428139E-01  1.618609E-01  1.619280E-01  1.620321E-01  1.626206E-01  1.627046E-01  1.630421E-01  1.663487E-01
     2.9799  4.200490E-02  9.976220E-02  9.976220E-02  9.976220E-02  2.231134E-01  2.231134E-01  2.231134E-01  2.231134E-01  2.231134E-01  2.019759E-01  2.408206E-01  2.428618E-01  2.434345E-01  2.514162E-01  2.525217E-01  2.533482E-01  4.173255E-02  9.775628E-02  9.775628E-02  9.775628E-02  2.379425E-01  2.379425E-01  2.379425E-01  2.379425E-01  2.379425E-01  1.642040E-01  1.642753E-01  1.643860E-01  1.650108E-01  1.650998E-01  1.654575E-01  1.689416E-01
     3.2211  4.186780E-02  1.001896E-01  1.001896E-01  1.001896E-01  2.189418E-01  2.189418E-01  2.189418E-01  2.189418E-01  2.189418E-01  2.059361E-01  2.449529E-01  2.469940E-01  2.475666E-01  2.555383E-01  2.566413E-01  2.574658E-01  4.161491E-02  9.819878E-02  9.819878E-02  9.819878E-02  2.332824E-01  2.332824E-01  2.332824E-01  2.332824E-01  2.332824E-01  1.666725E-01  1.667477E-01  1.668644E-01  1.675229E-01  1.676166E-01  1.679929E-01  1.716419E-01
     3.4623  4.172733E-02  1.006042E-01  1.006042E-01  1.006042E-01  2.149596E-01  2.149596E-01  2.149596E-01  2.149596E-01  2.149596E-01  2.099175E-01  2.490698E-01  2.511090E-01  2.516808E-01  2.596347E-01  2.607341E-01  2.615557E-01  4.149359E-02  9.862950E-02  9.862950E-02  9.862950E-02  2.288244E-01  2.288244E-01  2.288244E-01  2.288244E-01  2.288244E-01  1.692564E-01  1.693352E-01  1.694576E-01  1.701473E-01  1.702454E-01  1.706390E-01  1.744414E-01
     3.7035  4.158360E-02  1.010061E-01  1.010061E-01  1.010061E-01  2.111582E-01  2.111582E-01  2.111582E-01  2.111582E-01  2.111582E-01  2.139165E-01  2.531676E-01  2.552027E-01  2.557732E-01  2.637013E-01  2.647960E-01  2.656139E-01  4.136871E-02  9.904839E-02  9.904839E-02  9.904839E-02  2.245600E-01  2.245600E-01  2.245600E-01  2.245600E-01  2.245600E-01  1.719469E-01  1.720292E-01  1.721568E-01  1.728755E-01  1.729776E-01  1.733874E-01  1.773325E-01
     3.9447  4.143673E-02  1.013952E-01  1.013952E-01  1.013952E-01  2.075296E-01  2.075296E-01  2.075296E-01  2.075296E-01  2.075296E-01  2.179296E-01  2.572423E-01  2.592714E-01  2.598400E-01  2.677344E-01  2.688232E-01  2.696366E-01  4.124040E-02  9.945543E-02  9.945543E-02  9.945543E-02  2.204808E-01  2.204808E-01  2.204808E-01  2.204808E-01  2.204808E-01  1.747359E-01  1.748214E-01  1.749539E-01  1.756996E-01  1.758055E-01  1.762302E-01  1.803081E-01
     4.1859  4.128686E-02  1.017715E-01  1.017715E-01  1.017715E-01  2.040660E-01  2.040660E-01  2.040660E-01  2.040660E-01  2.040660E-01  2.219530E-01  2.612902E-01  2.633111E-01  2.638773E-01  2.717300E-01  2.728119E-01  2.736199E-01  4.110878E-02  9.985062E-02  9.985062E-02  9.985062E-02  2.165790E-01  2.165790E-01  2.165790E-01  2.165790E-01  2.165790E-01  1.776160E-01  1.777044E-01  1.778414E-01  1.786122E-01  1.787217E-01  1.791604E-01  1.833620E-01
     4.4271  4.113412E-02  1.021351E-01  1.021351E-01  1.021351E-01  2.007602E-01  2.007602E-01  2.007602E-01  2.007602E-01  2.007602E-01  2.259833E-01  2.653074E-01  2.673183E-01  2.678815E-01  2.756844E-01  2.767583E-01  2.775600E-01  4.097397E-02  1.002339E-01  1.002339E-01  1.002339E-01  2.128471E-01  2.128471E-01  2.128471E-01  2.128471E-01  2.128471E-01  1.805801E-01  1.806712E-01  1.808125E-01  1.816068E-01  1.817195E-01  1.821711E-01  1.864878E-01
     4.6683  4.097863E-02  1.024859E-01  1.024859E-01  1.024859E-01  1.976052E-01  1.976052E-01  1.976052E-01  1.976052E-01  1.976052E-01  2.300167E-01  2.692903E-01  2.712890E-01  2.718486E-01  2.795939E-01  2.806586E-01  2.814534E-01  4.083612E-02  1.006052E-01  1.006052E-01  1.006052E-01  2.092780E-01  2.092780E-01  2.092780E-01  2.092780E-01  2.092780E-01  1.836219E-01  1.837156E-01  1.838608E-01  1.846768E-01  1.847926E-01  1.852563E-01  1.896799E-01
     4.9095  4.082050E-02  1.028239E-01  1.028239E-01  1.028239E-01  1.945945E-01  1.945945E-01  1.945945E-01  1.945945E-01  1.945945E-01  2.340497E-01  2.732350E-01  2.752196E-01  2.757751E-01  2.834549E-01  2.845094E-01  2.852963E-01  4.069529E-02  1.009645E-01  1.009645E-01  1.009645E-01  2.058648E-01  2.058648E-01  2.058648E-01  2.058648E-01  2.058648E-01  1.867354E-01  1.868314E-01  1.869803E-01  1.878165E-01  1.879351E-01  1.884101E-01  1.929329E-01
     5.1508  4.065987E-02  1.031492E-01  1.031492E-01  1.031492E-01  1.917220E-01  1.917220E-01  1.917220E-01  1.917220E-01  1.917220E-01  2.380788E-01  2.771381E-01  2.791066E-01  2.796574E-01  2.872638E-01  2.883070E-01  2.890852E-01  4.055164E-02  1.013119E-01  1.013119E-01  1.013119E-01  2.026012E-01  2.026012E-01  2.026012E-01  2.026012E-01  2.026012E-01  1.899147E-01  1.900130E-01  1.901652E-01  1.910203E-01  1.911414E-01  1.916268E-01  1.962417E-01
     5.3920  4.049684E-02  1.034619E-01  1.034619E-01  1.034619E-01  1.889816E-01  1.889816E-01  1.889816E-01  1.889816E-01  1.889816E-01  2.421002E-01  2.809959E-01  2.829463E-01  2.834918E-01  2.910171E-01  2.920478E-01  2.928166E-01  4.040527E-02  1.016474E-01  1.016474E-01  1.016474E-01  1.994808E-01  1.994808E-01  1.994808E-01  1.994808E-01  1.994808E-01  1.931546E-01  1.932549E-01  1.934103E-01  1.942828E-01  1.944064E-01  1.949014E-01  1.996011E-01
     5.6332  4.033153E-02  1.037619E-01  1.037619E-01  1.037619E-01  1.863678E-01  1.863678E-01  1.863678E-01  1.863678E-01  1.863678E-01  2.461105E-01  2.848049E-01  2.867352E-01  2.872749E-01  2.947114E-01  2.957287E-01  2.964872E-01  4.025630E-02  1.019709E-01  1.019709E-01  1.019709E-01  1.964979E-01  1.964979E-01  1.964979E-01  1.964979E-01  1.964979E-01  1.964500E-01  1.965522E-01  1.967105E-01  1.975990E-01  1.977248E-01  1.982288E-01  2.030066E-01
     5.8744  4.016405E-02  1.040492E-01  1.040492E-01  1.040492E-01  1.838752E-01  1.838752E-01  1.838752E-01  1.838752E-01  1.838752E-01  2.501062E-01  2.885616E-01  2.904699E-01  2.910033E-01  2.983434E-01  2.993461E-01  3.000936E-01  4.010483E-02  1.022825E-01  1.022825E-01  1.022825E-01  1.936468E-01  1.936468E-01  1.936468E-01  1.936468E-01  1.936468E-01  1.997959E-01  1.998998E-01  2.000608E-01  2.009641E-01  2.010920E-01  2.016041E-01  2.064535E-01
     6.1156  3.999451E-02  1.043240E-01  1.043240E-01  1.043240E-01  1.814988E-01  1.814988E-01  1.814988E-01  1.814988E-01  1.814988E-01  2.540836E-01  2.922627E-01  2.941470E-01  2.946735E-01  3.019098E-01  3.028970E-01  3.036327E-01  3.995098E-02  1.025821E-01  1.025821E-01  1.025821E-01  1.909222E-01  1.909222E-01  1.909222E-01  1.909222E-01  1.909222E-01  2.031877E-01  2.032931E-01  2.034566E-01  2.043734E-01  2.045032E-01  2.050228E-01  2.099375E-01
     6.3568  3.982303E-02  1.045862E-01  1.045862E-01  1.045862E-01  1.792337E-01  1.792337E-01  1.792337E-01  1.792337E-01  1.792337E-01  2.580392E-01  2.959048E-01  2.977633E-01  2.982824E-01  3.054076E-01  3.063783E-01  3.071014E-01  3.979486E-02  1.028698E-01  1.028698E-01  1.028698E-01  1.883189E-01  1.883189E-01  1.883189E-01  1.883189E-01  1.883189E-01  2.066207E-01  2.067277E-01  2.068934E-01  2.078225E-01  2.079541E-01  2.084805E-01  2.134542E-01
     6.5980  3.964971E-02  1.048360E-01  1.048360E-01  1.048360E-01  1.770754E-01  1.770754E-01  1.770754E-01  1.770754E-01  1.770754E-01  2.619696E-01  2.994848E-01  3.013156E-01  3.018267E-01  3.088337E-01  3.097869E-01  3.104968E-01  3.963656E-02  1.031457E-01  1.031457E-01  1.031457E-01  1.858321E-01  1.858321E-01  1.858321E-01  1.858321E-01  1.858321E-01  2.100908E-01  2.101990E-01  2.103667E-01  2.113071E-01  2.114402E-01  2.119727E-01  2.169995E-01
     6.8392  3.947464E-02  1.050733E-01  1.050733E-01  1.050733E-01  1.750195E-01  1.750195E-01  1.750195E-01  1.750195E-01  1.750195E-01  2.658712E-01  3.029996E-01  3.048008E-01  3.053035E-01  3.121853E-01  3.131201E-01  3.138160E-01  3.947620E-02  1.034097E-01  1.034097E-01  1.034097E-01  1.834572E-01  1.834572E-01  1.834572E-01  1.834572E-01  1.834572E-01  2.135935E-01  2.137029E-01  2.138725E-01  2.148229E-01  2.149573E-01  2.154954E-01  2.205694E-01
     7.0804  3.929794E-02  1.052983E-01  1.052983E-01  1.052983E-01  1.730618E-01  1.730618E-01  1.730618E-01  1.730618E-01  1.730618E-01  2.697406E-01  3.064460E-01  3.082159E-01  3.087097E-01  3.154595E-01  3.163749E-01  3.170562E-01  3.931387E-02  1.036618E-01  1.036618E-01  1.036618E-01  1.811898E-01  1.811898E-01  1.811898E-01  1.811898E-01  1.811898E-01  2.171248E-01  2.172353E-01  2.174065E-01  2.183658E-01  2.185015E-01  2.190445E-01  2.241597E-01
     7.3216  3.911971E-02  1.055109E-01  1.055109E-01  1.055109E-01  1.711983E-01  1.711983E-01  1.711983E-01  1.711983E-01  1.711983E-01  2.735744E-01  3.098212E-01  3.115581E-01  3.120425E-01  3.186538E-01  3.195489E-01  3.202149E-01  3.914969E-02  1.039022E-01  1.039022E-01  1.039022E-01  1.790255E-01  1.790255E-01  1.790255E-01  1.790255E-01  1.790255E-01  2.206806E-01  2.207920E-01  2.209646E-01  2.219318E-01  2.220686E-01  2.226158E-01  2.277667E-01
     7.5628  3.894003E-02  1.057112E-01  1.057112E-01  1.057112E-01  1.694253E-01  1.694253E-01  1.694253E-01  1.694253E-01  1.694253E-01  2.773692E-01  3.131224E-01  3.148246E-01  3.152990E-01  3.217655E-01  3.226395E-01  3.232896E-01  3.898374E-02  1.041308E-01  1.041308E-01  1.041308E-01  1.769603E-01  1.769603E-01  1.769603E-01  1.769603E-01  1.769603E-01  2.242570E-01  2.243692E-01  2.245431E-01  2.255170E-01  2.256547E-01  2.262056E-01  2.313865E-01
     7.8040  3.875901E-02  1.058995E-01  1.058995E-01  1.058995E-01  1.677391E-01  1.677391E-01  1.677391E-01  1.677391E-01  1.677391E-01  2.811217E-01  3.163468E-01  3.180127E-01  3.184768E-01  3.247922E-01  3.256444E-01  3.262779E-01  3.881612E-02  1.043478E-01  1.043478E-01  1.043478E-01  1.749904E-01  1.749904E-01  1.749904E-01  1.749904E-01  1.749904E-01  2.278501E-01  2.279630E-01  2.281379E-01  2.291175E-01  2.292560E-01  2.298100E-01  2.350153E-01
     8.0452  3.857675E-02  1.060756E-01  1.060756E-01  1.060756E-01  1.661363E-01  1.661363E-01  1.661363E-01  1.661363E-01  1.661363E-01  2.848286E-01  3.194919E-01  3.211199E-01  3.215732E-01  3.277319E-01  3.285613E-01  3.291777E-01  3.864693E-02  1.045531E-01  1.045531E-01  1.045531E-01  1.731121E-01  1.731121E-01  1.731121E-01  1.731121E-01  1.731121E-01  2.314561E-01  2.315696E-01  2.317454E-01  2.327296E-01  2.328687E-01  2.334252E-01  2.386494E-01
     8.2864  3.839334E-02  1.062397E-01  1.062397E-01  1.062397E-01  1.646135E-01  1.646135E-01  1.646135E-01  1.646135E-01  1.646135E-01  2.884866E-01  3.225552E-01  3.241438E-01  3.245859E-01  3.305821E-01  3.313882E-01  3.319869E-01  3.847625E-02  1.047470E-01  1.047470E-01  1.047470E-01  1.713218E-01  1.713218E-01  1.713218E-01  1.713218E-01  1.713218E-01  2.350713E-01  2.351852E-01  2.353617E-01  2.363495E-01  2.364891E-01  2.370475E-01  2.422852E-01
     8.5276  3.820886E-02  1.063919E-01  1.063919E-01  1.063919E-01  1.631677E-01  1.631677E-01  1.631677E-01  1.631677E-01  1.631677E-01  2.920925E-01  3.255344E-01  3.270821E-01  3.275126E-01  3.333411E-01  3.341230E-01  3.347036E-01  3.830420E-02  1.049292E-01  1.049292E-01  1.049292E-01  1.696162E-01  1.696162E-01  1.696162E-01  1.696162E-01  1.696162E-01  2.386920E-01  2.388062E-01  2.389831E-01  2.399735E-01  2.401135E-01  2.406731E-01  2.459189E-01
     8.7688  3.802341E-02  1.065323E-01  1.065323E-01  1.065323E-01  1.617958E-01  1.617958E-01  1.617958E-01  1.617958E-01  1.617958E-01  2.956433E-01  3.284272E-01  3.299326E-01  3.303512E-01  3.360069E-01  3.367640E-01  3.373259E-01  3.813084E-02  1.050999E-01  1.050999E-01  1.050999E-01  1.679919E-01  1.679919E-01  1.679919E-01  1.679919E-01  1.679919E-01  2.423145E-01  2.424289E-01  2.426061E-01  2.435981E-01  2.437382E-01  2.442986E-01  2.495472E-01
     9.0101  3.783706E-02  1.066609E-01  1.066609E-01  1.066609E-01  1.604949E-01  1.604949E-01  1.604949E-01  1.604949E-01  1.604949E-01  2.991359E-01  3.312315E-01  3.326934E-01  3.330996E-01  3.385778E-01  3.393096E-01  3.398524E-01  3.795628E-02  1.052593E-01  1.052593E-01  1.052593E-01  1.664460E-01  1.664460E-01  1.664460E-01  1.664460E-01  1.664460E-01  2.459352E-01  2.460497E-01  2.462270E-01  2.472195E-01  2.473598E-01  2.479203E-01  2.531663E-01
     9.2513  3.764990E-02  1.067779E-01  1.067779E-01  1.067779E-01  1.592623E-01  1.592623E-01  1.592623E-01  1.592623E-01  1.592623E-01  3.025672E-01  3.339454E-01  3.353625E-01  3.357561E-01  3.410524E-01  3.417582E-01  3.422815E-01  3.778059E-02  1.054073E-01  1.054073E-01  1.054073E-01  1.649753E-01  1.649753E-01  1.649753E-01  1.649753E-01  1.649753E-01  2.495506E-01  2.496651E-01  2.498424E-01  2.508344E-01  2.509746E-01  2.515347E-01  2.567729E-01
     9.4925  3.746203E-02  1.068833E-01  1.068833E-01  1.068833E-01  1.580952E-01  1.580952E-01  1.580952E-01  1.580952E-01  1.580952E-01  3.059345E-01  3.365670E-01  3.379383E-01  3.383188E-01  3.434291E-01  3.441085E-01  3.446118E-01  3.760385E-02  1.055441E-01  1.055441E-01  1.055441E-01  1.635772E-01  1.635772E-01  1.635772E-01  1.635772E-01  1.635772E-01  2.531572E-01  2.532716E-01  2.534486E-01  2.544392E-01  2.545792E-01  2.551384E-01  2.603636E-01
     9.7337  3.727351E-02  1.069774E-01  1.069774E-01  1.069774E-01  1.569912E-01  1.569912E-01  1.569912E-01  1.569912E-01  1.569912E-01  3.092348E-01  3.390947E-01  3.404190E-01  3.407862E-01  3.457067E-01  3.463591E-01  3.468422E-01  3.742617E-02  1.056698E-01  1.056698E-01  1.056698E-01  1.622487E-01  1.622487E-01  1.622487E-01  1.622487E-01  1.622487E-01  2.567516E-01  2.568657E-01  2.570423E-01  2.580305E-01  2.581701E-01  2.587278E-01  2.639348E-01
     9.9749  3.708444E-02  1.070601E-01  1.070601E-01  1.070601E-01  1.559479E-01  1.559479E-01  1.559479E-01  1.559479E-01  1.559479E-01  3.124654E-01  3.415270E-01  3.428033E-01  3.431569E-01  3.478841E-01  3.485091E-01  3.489717E-01  3.724761E-02  1.057844E-01  1.057844E-01  1.057844E-01  1.609873E-01  1.609873E-01  1.609873E-01  1.609873E-01  1.609873E-01  2.603303E-01  2.604440E-01  2.606201E-01  2.616049E-01  2.617439E-01  2.622996E-01  2.674833E-01
    10.2161  3.689487E-02  1.071316E-01  1.071316E-01  1.071316E-01  1.549629E-01  1.549629E-01  1.549629E-01  1.549629E-01  1.549629E-01  3.156237E-01  3.438623E-01  3.450897E-01  3.454296E-01  3.499604E-01  3.505577E-01  3.509994E-01  3.706826E-02  1.058880E-01  1.058880E-01  1.058880E-01  1.597906E-01  1.597906E-01  1.597906E-01  1.597906E-01  1.597906E-01  2.638900E-01  2.640032E-01  2.641785E-01  2.651589E-01  2.652974E-01  2.658504E-01  2.710058E-01
    10.4573  3.670490E-02  1.071921E-01  1.071921E-01  1.071921E-01  1.540338E-01  1.540338E-01  1.540338E-01  1.540338E-01  1.540338E-01  3.187071E-01  3.460996E-01  3.472771E-01  3.476030E-01  3.519347E-01  3.525039E-01  3.529245E-01  3.688819E-02  1.059807E-01  1.059807E-01  1.059807E-01  1.586559E-01  1.586559E-01  1.586559E-01  1.586559E-01  1.586559E-01  2.674272E-01  2.675399E-01  2.677143E-01  2.686894E-01  2.688270E-01  2.693769E-01  2.744990E-01
    10.6985  3.651459E-02  1.072415E-01  1.072415E-01  1.072415E-01  1.531587E-01  1.531587E-01  1.531587E-01  1.531587E-01  1.531587E-01  3.217132E-01  3.482375E-01  3.493647E-01  3.496763E-01  3.538064E-01  3.543472E-01  3.547466E-01  3.670748E-02  1.060626E-01  1.060626E-01  1.060626E-01  1.575811E-01  1.575811E-01  1.575811E-01  1.575811E-01  1.575811E-01  2.709388E-01  2.710507E-01  2.712241E-01  2.721929E-01  2.723296E-01  2.728759E-01  2.779597E-01
    10.9397  3.632401E-02  1.072801E-01  1.072801E-01  1.072801E-01  1.523354E-01  1.523354E-01  1.523354E-01  1.523354E-01  1.523354E-01  3.246395E-01  3.502753E-01  3.513513E-01  3.516485E-01  3.555749E-01  3.560871E-01  3.564651E-01  3.652621E-02  1.061338E-01  1.061338E-01  1.061338E-01  1.565639E-01  1.565639E-01  1.565639E-01  1.565639E-01  1.565639E-01  2.744215E-01  2.745326E-01  2.747047E-01  2.756663E-01  2.758020E-01  2.763441E-01  2.813847E-01
    11.1809  3.613324E-02  1.073079E-01  1.073079E-01  1.073079E-01  1.515618E-01  1.515618E-01  1.515618E-01  1.515618E-01  1.515618E-01  3.274840E-01  3.522121E-01  3.532364E-01  3.535190E-01  3.572399E-01  3.577233E-01  3.580796E-01  3.634443E-02  1.061946E-01  1.061946E-01  1.061946E-01  1.556021E-01  1.556021E-01  1.556021E-01  1.556021E-01  1.556021E-01  2.778721E-01  2.779823E-01  2.781529E-01  2.791065E-01  2.792410E-01  2.797783E-01  2.847709E-01
    11.4221  3.594234E-02  1.073252E-01  1.073252E-01  1.073252E-01  1.508363E-01  1.508363E-01  1.508363E-01  1.508363E-01  1.508363E-01  3.302443E-01  3.540471E-01  3.550192E-01  3.552871E-01  3.588010E-01  3.592555E-01  3.595902E-01  3.616223E-02  1.062447E-01  1.062447E-01  1.062447E-01  1.546936E-01  1.546936E-01  1.546936E-01  1.546936E-01  1.546936E-01  2.812874E-01  2.813966E-01  2.815656E-01  2.825101E-01  2.826434E-01  2.831755E-01  2.881153E-01
    11.6633  3.575138E-02  1.073320E-01  1.073320E-01  1.073320E-01  1.501568E-01  1.501568E-01  1.501568E-01  1.501568E-01  1.501568E-01  3.329186E-01  3.557799E-01  3.566993E-01  3.569524E-01  3.602583E-01  3.606838E-01  3.609967E-01  3.597969E-02  1.062845E-01  1.062845E-01  1.062845E-01  1.538365E-01  1.538365E-01  1.538365E-01  1.538365E-01  1.538365E-01  2.846643E-01  2.847724E-01  2.849397E-01  2.858743E-01  2.860061E-01  2.865325E-01  2.914149E-01
    11.9045  3.556043E-02  1.073284E-01  1.073284E-01  1.073284E-01  1.495216E-01  1.495216E-01  1.495216E-01  1.495216E-01  1.495216E-01  3.355049E-01  3.574099E-01  3.582764E-01  3.585146E-01  3.616118E-01  3.620081E-01  3.622993E-01  3.579686E-02  1.063140E-01  1.063140E-01  1.063140E-01  1.530289E-01  1.530289E-01  1.530289E-01  1.530289E-01  1.530289E-01  2.879999E-01  2.881067E-01  2.882721E-01  2.891959E-01  2.893261E-01  2.898463E-01  2.946667E-01
    12.1457  3.536954E-02  1.073146E-01  1.073146E-01  1.073146E-01  1.489289E-01  1.489289E-01  1.489289E-01  1.489289E-01  1.489289E-01  3.380014E-01  3.589371E-01  3.597504E-01  3.599737E-01  3.628616E-01  3.632288E-01  3.634982E-01  3.561381E-02  1.063334E-01  1.063334E-01  1.063334E-01  1.522688E-01  1.522688E-01  1.522688E-01  1.522688E-01  1.522688E-01  2.912910E-01  2.913965E-01  2.915599E-01  2.924719E-01  2.926005E-01  2.931140E-01  2.978679E-01
    12.3869  3.517878E-02  1.072908E-01  1.072908E-01  1.072908E-01  1.483772E-01  1.483772E-01  1.483772E-01  1.483772E-01  1.483772E-01  3.404065E-01  3.603612E-01  3.611212E-01  3.613294E-01  3.640080E-01  3.643462E-01  3.645939E-01  3.543061E-02  1.063427E-01  1.063427E-01  1.063427E-01  1.515546E-01  1.515546E-01  1.515546E-01  1.515546E-01  1.515546E-01  2.945348E-01  2.946389E-01  2.948000E-01  2.956996E-01  2.958264E-01  2.963326E-01  3.010155E-01
    12.6281  3.498821E-02  1.072570E-01  1.072570E-01  1.072570E-01  1.478649E-01  1.478649E-01  1.478649E-01  1.478649E-01  1.478649E-01  3.427187E-01  3.616823E-01  3.623888E-01  3.625821E-01  3.650515E-01  3.653607E-01  3.655867E-01  3.524731E-02  1.063421E-01  1.063421E-01  1.063421E-01  1.508844E-01  1.508844E-01  1.508844E-01  1.508844E-01  1.508844E-01  2.977284E-01  2.978310E-01  2.979897E-01  2.988760E-01  2.990009E-01  2.994994E-01  3.041071E-01
    12.8693  3.479789E-02  1.072134E-01  1.072134E-01  1.072134E-01  1.473904E-01  1.473904E-01  1.473904E-01  1.473904E-01  1.473904E-01  3.449364E-01  3.629005E-01  3.635536E-01  3.637319E-01  3.659926E-01  3.662729E-01  3.664774E-01  3.506399E-02  1.063317E-01  1.063317E-01  1.063317E-01  1.502566E-01  1.502566E-01  1.502566E-01  1.502566E-01  1.502566E-01  3.008690E-01  3.009699E-01  3.011262E-01  3.019982E-01  3.021211E-01  3.026116E-01  3.071398E-01
    13.1106  3.460787E-02  1.071602E-01  1.071602E-01  1.071602E-01  1.469521E-01  1.469521E-01  1.469521E-01  1.469521E-01  1.469521E-01  3.470587E-01  3.640160E-01  3.646158E-01  3.647792E-01  3.668320E-01  3.670837E-01  3.672667E-01  3.488071E-02  1.063116E-01  1.063116E-01  1.063116E-01  1.496697E-01  1.496697E-01  1.496697E-01  1.496697E-01  1.496697E-01  3.039539E-01  3.040532E-01  3.042068E-01  3.050638E-01  3.051846E-01  3.056664E-01  3.101110E-01
    13.3518  3.441821E-02  1.070975E-01  1.070975E-01  1.070975E-01  1.465488E-01  1.465488E-01  1.465488E-01  1.465488E-01  1.465488E-01  3.490843E-01  3.650294E-01  3.655760E-01  3.657244E-01  3.675705E-01  3.677938E-01  3.679555E-01  3.469751E-02  1.062820E-01  1.062820E-01  1.062820E-01  1.491220E-01  1.491220E-01  1.491220E-01  1.491220E-01  1.491220E-01  3.069804E-01  3.070779E-01  3.072287E-01  3.080700E-01  3.081885E-01  3.086614E-01  3.130184E-01
    13.5930  3.422896E-02  1.070255E-01  1.070255E-01  1.070255E-01  1.461790E-01  1.461790E-01  1.461790E-01  1.461790E-01  1.461790E-01  3.510121E-01  3.659410E-01  3.664347E-01  3.665683E-01  3.682091E-01  3.684041E-01  3.685448E-01  3.451446E-02  1.062430E-01  1.062430E-01  1.062430E-01  1.486122E-01  1.486122E-01  1.486122E-01  1.486122E-01  1.486122E-01  3.099460E-01  3.100416E-01  3.101894E-01  3.110142E-01  3.111304E-01  3.115938E-01  3.158595E-01
    13.8342  3.404018E-02  1.069442E-01  1.069442E-01  1.069442E-01  1.458413E-01  1.458413E-01  1.458413E-01  1.458413E-01  1.458413E-01  3.528414E-01  3.667517E-01  3.671928E-01  3.673117E-01  3.687487E-01  3.689157E-01  3.690356E-01  3.433161E-02  1.061947E-01  1.061947E-01  1.061947E-01  1.481387E-01  1.481387E-01  1.481387E-01  1.481387E-01  1.481387E-01  3.128481E-01  3.129417E-01  3.130865E-01  3.138941E-01  3.140078E-01  3.144614E-01  3.186319E-01
    14.0754  3.385191E-02  1.068538E-01  1.068538E-01  1.068538E-01  1.455346E-01  1.455346E-01  1.455346E-01  1.455346E-01  1.455346E-01  3.545713E-01  3.674621E-01  3.678509E-01  3.679552E-01  3.691904E-01  3.693298E-01  3.694291E-01  3.414902E-02  1.061373E-01  1.061373E-01  1.061373E-01  1.477000E-01  1.477000E-01  1.477000E-01  1.477000E-01  1.477000E-01  3.156844E-01  3.157759E-01  3.159176E-01  3.167072E-01  3.168183E-01  3.172617E-01  3.213334E-01
    14.3166  3.366420E-02  1.067546E-01  1.067546E-01  1.067546E-01  1.452575E-01  1.452575E-01  1.452575E-01  1.452575E-01  1.452575E-01  3.562014E-01  3.680731E-01  3.684102E-01  3.685000E-01  3.695356E-01  3.696477E-01  3.697266E-01  3.396675E-02  1.060708E-01  1.060708E-01  1.060708E-01  1.472950E-01  1.472950E-01  1.472950E-01  1.472950E-01  1.472950E-01  3.184524E-01  3.185418E-01  3.186801E-01  3.194512E-01  3.195597E-01  3.199924E-01  3.239619E-01
    14.5578  3.347711E-02  1.066465E-01  1.066465E-01  1.066465E-01  1.450088E-01  1.450088E-01  1.450088E-01  1.450088E-01  1.450088E-01  3.577311E-01  3.685858E-01  3.688716E-01  3.689471E-01  3.697855E-01  3.698706E-01  3.699295E-01  3.378483E-02  1.059955E-01  1.059955E-01  1.059955E-01  1.469223E-01  1.469223E-01  1.469223E-01  1.469223E-01  1.469223E-01  3.211500E-01  3.212372E-01  3.213721E-01  3.221238E-01  3.222296E-01  3.226514E-01  3.265153E-01
    14.7990  3.329066E-02  1.065299E-01  1.065299E-01  1.065299E-01  1.447874E-01  1.447874E-01  1.447874E-01  1.447874E-01  1.447874E-01  3.591602E-01  3.690012E-01  3.692363E-01  3.692976E-01  3.699415E-01  3.700001E-01  3.700392E-01  3.360333E-02  1.059114E-01  1.059114E-01  1.059114E-01  1.465806E-01  1.465806E-01  1.465806E-01  1.465806E-01  1.465806E-01  3.237750E-01  3.238599E-01  3.239913E-01  3.247231E-01  3.248261E-01  3.252365E-01  3.289917E-01
    15.0402  3.310493E-02  1.064048E-01  1.064048E-01  1.064048E-01  1.445921E-01  1.445921E-01  1.445921E-01  1.445921E-01  1.445921E-01  3.604885E-01  3.693205E-01  3.695056E-01  3.695529E-01  3.700051E-01  3.700377E-01  3.700573E-01  3.342229E-02  1.058187E-01  1.058187E-01  1.058187E-01  1.462686E-01  1.462686E-01  1.462686E-01  1.462686E-01  1.462686E-01  3.263254E-01  3.264080E-01  3.265357E-01  3.272470E-01  3.273470E-01  3.277458E-01  3.313893E-01
    15.2814  3.291995E-02  1.062715E-01  1.062715E-01  1.062715E-01  1.444218E-01  1.444218E-01  1.444218E-01  1.444218E-01  1.444218E-01  3.617159E-01  3.695451E-01  3.696809E-01  3.697144E-01  3.699779E-01  3.699849E-01  3.699855E-01  3.324176E-02  1.057175E-01  1.057175E-01  1.057175E-01  1.459853E-01  1.459853E-01  1.459853E-01  1.459853E-01  1.459853E-01  3.287993E-01  3.288794E-01  3.290033E-01  3.296936E-01  3.297906E-01  3.301774E-01  3.337063E-01
    15.5226  3.273575E-02  1.061299E-01  1.061299E-01  1.061299E-01  1.442755E-01  1.442755E-01  1.442755E-01  1.442755E-01  1.442755E-01  3.628424E-01  3.696763E-01  3.697635E-01  3.697835E-01  3.698616E-01  3.698435E-01  3.698253E-01  3.306178E-02  1.056080E-01  1.056080E-01  1.056080E-01  1.457295E-01  1.457295E-01  1.457295E-01  1.457295E-01  1.457295E-01  3.311946E-01  3.312723E-01  3.313924E-01  3.320610E-01  3.321550E-01  3.325295E-01  3.359411E-01
    15.7638  3.255238E-02  1.059804E-01  1.059804E-01  1.059804E-01  1.441522E-01  1.441522E-01  1.441522E-01  1.441522E-01  1.441522E-01  3.638684E-01  3.697156E-01  3.697550E-01  3.697617E-01  3.696579E-01  3.696151E-01  3.695787E-01  3.288240E-02  1.054903E-01  1.054903E-01  1.054903E-01  1.455000E-01  1.455000E-01  1.455000E-01  1.455000E-01  1.455000E-01  3.335099E-01  3.335850E-01  3.337012E-01  3.343476E-01  3.344385E-01  3.348004E-01  3.380922E-01
    16.0050  3.236989E-02  1.058231E-01  1.058231E-01  1.058231E-01  1.440507E-01  1.440507E-01  1.440507E-01  1.440507E-01  1.440507E-01  3.647941E-01  3.696646E-01  3.696571E-01  3.696506E-01  3.693686E-01  3.693017E-01  3.692473E-01  3.270367E-02  1.053646E-01  1.053646E-01  1.053646E-01  1.452958E-01  1.452958E-01  1.452958E-01  1.452958E-01  1.452958E-01  3.357433E-01  3.358158E-01  3.359280E-01  3.365519E-01  3.366395E-01  3.369886E-01  3.401582E-01
    16.2462  3.218830E-02  1.056581E-01  1.056581E-01  1.056581E-01  1.439704E-01  1.439704E-01  1.439704E-01  1.439704E-01  1.439704E-01  3.656200E-01  3.695249E-01  3.694714E-01  3.694521E-01  3.689956E-01  3.689051E-01  3.688332E-01  3.252562E-02  1.052310E-01  1.052310E-01  1.052310E-01  1.451159E-01  1.451159E-01  1.451159E-01  1.451159E-01  1.451159E-01  3.378934E-01  3.379633E-01  3.380713E-01  3.386722E-01  3.387566E-01  3.390926E-01  3.421378E-01
    16.4874  3.200766E-02  1.054856E-01  1.054856E-01  1.054856E-01  1.439101E-01  1.439101E-01  1.439101E-01  1.439101E-01  1.439101E-01  3.663467E-01  3.692983E-01  3.691996E-01  3.691678E-01  3.685407E-01  3.684272E-01  3.683383E-01  3.234830E-02  1.050896E-01  1.050896E-01  1.050896E-01  1.449591E-01  1.449591E-01  1.449591E-01  1.449591E-01  1.449591E-01  3.399588E-01  3.400259E-01  3.401298E-01  3.407072E-01  3.407882E-01  3.411109E-01  3.440300E-01
    16.7286  3.182800E-02  1.053056E-01  1.053056E-01  1.053056E-01  1.438690E-01  1.438690E-01  1.438690E-01  1.438690E-01  1.438690E-01  3.669750E-01  3.689865E-01  3.688437E-01  3.687996E-01  3.680059E-01  3.678701E-01  3.677645E-01  3.217174E-02  1.049406E-01  1.049406E-01  1.049406E-01  1.448246E-01  1.448246E-01  1.448246E-01  1.448246E-01  1.448246E-01  3.419382E-01  3.420026E-01  3.421022E-01  3.426557E-01  3.427334E-01  3.430426E-01  3.458336E-01
    16.9698  3.164935E-02  1.051186E-01  1.051186E-01  1.051186E-01  1.438461E-01  1.438461E-01  1.438461E-01  1.438461E-01  1.438461E-01  3.675055E-01  3.685914E-01  3.684055E-01  3.683494E-01  3.673933E-01  3.672357E-01  3.671139E-01  3.199599E-02  1.047842E-01  1.047842E-01  1.047842E-01  1.447113E-01  1.447113E-01  1.447113E-01  1.447113E-01  1.447113E-01  3.438304E-01  3.438920E-01  3.439873E-01  3.445167E-01  3.445909E-01  3.448864E-01  3.475477E-01
    17.2111  3.147179E-02  1.049245E-01  1.049245E-01  1.049245E-01  1.438406E-01  1.438406E-01  1.438406E-01  1.438406E-01  1.438406E-01  3.679394E-01  3.681149E-01  3.678869E-01  3.678191E-01  3.667049E-01  3.665261E-01  3.663886E-01  3.182112E-02  1.046205E-01  1.046205E-01  1.046205E-01  1.446184E-01  1.446184E-01  1.446184E-01  1.446184E-01  1.446184E-01  3.456344E-01  3.456932E-01  3.457841E-01  3.462890E-01  3.463598E-01  3.466413E-01  3.491715E-01
    17.4523  3.129526E-02  1.047235E-01  1.047235E-01  1.047235E-01  1.438516E-01  1.438516E-01  1.438516E-01  1.438516E-01  1.438516E-01  3.682775E-01  3.675589E-01  3.672899E-01  3.672108E-01  3.659428E-01  3.657435E-01  3.655907E-01  3.164709E-02  1.044496E-01  1.044496E-01  1.044496E-01  1.445450E-01  1.445450E-01  1.445450E-01  1.445450E-01  1.445450E-01  3.473492E-01  3.474051E-01  3.474917E-01  3.479717E-01  3.480390E-01  3.483066E-01  3.507043E-01
    17.6935  3.111986E-02  1.045158E-01  1.045158E-01  1.045158E-01  1.438785E-01  1.438785E-01  1.438785E-01  1.438785E-01  1.438785E-01  3.685212E-01  3.669255E-01  3.666167E-01  3.665265E-01  3.651092E-01  3.648899E-01  3.647224E-01  3.147397E-02  1.042717E-01  1.042717E-01  1.042717E-01  1.444903E-01  1.444903E-01  1.444903E-01  1.444903E-01  1.444903E-01  3.489740E-01  3.490271E-01  3.491091E-01  3.495642E-01  3.496279E-01  3.498813E-01  3.521455E-01
    17.9347  3.094559E-02  1.043016E-01  1.043016E-01  1.043016E-01  1.439203E-01  1.439203E-01  1.439203E-01  1.439203E-01  1.439203E-01  3.686715E-01  3.662167E-01  3.658692E-01  3.657682E-01  3.642062E-01  3.639676E-01  3.637858E-01  3.130179E-02  1.040869E-01  1.040869E-01  1.040869E-01  1.444533E-01  1.444533E-01  1.444533E-01  1.444533E-01  1.444533E-01  3.505081E-01  3.505583E-01  3.506358E-01  3.510657E-01  3.511258E-01  3.513649E-01  3.534948E-01
    18.1759  3.077250E-02  1.040809E-01  1.040809E-01  1.040809E-01  1.439764E-01  1.439764E-01  1.439764E-01  1.439764E-01  1.439764E-01  3.687300E-01  3.654347E-01  3.650496E-01  3.649382E-01  3.632360E-01  3.629788E-01  3.627832E-01  3.113060E-02  1.038954E-01  1.038954E-01  1.038954E-01  1.444332E-01  1.444332E-01  1.444332E-01  1.444332E-01  1.444332E-01  3.519509E-01  3.519982E-01  3.520712E-01  3.524756E-01  3.525322E-01  3.527570E-01  3.547518E-01
    18.4171  3.060060E-02  1.038540E-01  1.038540E-01  1.038540E-01  1.440459E-01  1.440459E-01  1.440459E-01  1.440459E-01  1.440459E-01  3.686979E-01  3.645816E-01  3.641601E-01  3.640385E-01  3.622009E-01  3.619257E-01  3.617167E-01  3.096042E-02  1.036973E-01  1.036973E-01  1.036973E-01  1.444293E-01  1.444293E-01  1.444293E-01  1.444293E-01  1.444293E-01  3.533020E-01  3.533463E-01  3.534148E-01  3.537937E-01  3.538467E-01  3.540570E-01  3.559163E-01
    18.6583  3.042993E-02  1.036210E-01  1.036210E-01  1.036210E-01  1.441282E-01  1.441282E-01  1.441282E-01  1.441282E-01  1.441282E-01  3.685769E-01  3.636596E-01  3.632028E-01  3.630715E-01  3.611030E-01  3.608104E-01  3.605886E-01  3.079128E-02  1.034929E-01  1.034929E-01  1.034929E-01  1.444407E-01  1.444407E-01  1.444407E-01  1.444407E-01  1.444407E-01  3.545610E-01  3.546024E-01  3.546662E-01  3.550196E-01  3.550689E-01  3.552648E-01  3.569882E-01
    18.8995  3.026050E-02  1.033821E-01  1.033821E-01  1.033821E-01  1.442227E-01  1.442227E-01  1.442227E-01  1.442227E-01  1.442227E-01  3.683686E-01  3.626708E-01  3.621799E-01  3.620392E-01  3.599446E-01  3.596354E-01  3.594012E-01  3.062321E-02  1.032822E-01  1.032822E-01  1.032822E-01  1.444667E-01  1.444667E-01  1.444667E-01  1.444667E-01  1.444667E-01  3.557277E-01  3.557661E-01  3.558254E-01  3.561530E-01  3.561988E-01  3.563801E-01  3.579675E-01
    19.1407  3.009235E-02  1.031375E-01  1.031375E-01  1.031375E-01  1.443285E-01  1.443285E-01  1.443285E-01  1.443285E-01  1.443285E-01  3.680746E-01  3.616174E-01  3.610937E-01  3.609439E-01  3.587280E-01  3.584028E-01  3.581567E-01  3.045623E-02  1.030654E-01  1.030654E-01  1.030654E-01  1.445066E-01  1.445066E-01  1.445066E-01  1.445066E-01  1.445066E-01  3.568020E-01  3.568375E-01  3.568922E-01  3.571941E-01  3.572362E-01  3.574030E-01  3.588544E-01
    19.3819  2.992550E-02  1.028872E-01  1.028872E-01  1.028872E-01  1.444450E-01  1.444450E-01  1.444450E-01  1.444450E-01  1.444450E-01  3.676967E-01  3.605018E-01  3.599465E-01  3.597879E-01  3.574554E-01  3.571148E-01  3.568574E-01  3.029039E-02  1.028426E-01  1.028426E-01  1.028426E-01  1.445597E-01  1.445597E-01  1.445597E-01  1.445597E-01  1.445597E-01  3.577840E-01  3.578164E-01  3.578665E-01  3.581428E-01  3.581812E-01  3.583335E-01  3.596493E-01
    19.6231  2.975997E-02  1.026315E-01  1.026315E-01  1.026315E-01  1.445716E-01  1.445716E-01  1.445716E-01  1.445716E-01  1.445716E-01  3.672369E-01  3.593261E-01  3.587404E-01  3.585734E-01  3.561293E-01  3.557739E-01  3.555057E-01  3.012568E-02  1.026140E-01  1.026140E-01  1.026140E-01  1.446252E-01  1.446252E-01  1.446252E-01  1.446252E-01  1.446252E-01  3.586737E-01  3.587032E-01  3.587487E-01  3.589993E-01  3.590341E-01  3.591719E-01  3.603524E-01
    19.8643  2.959577E-02  1.023705E-01  1.023705E-01  1.023705E-01  1.447077E-01  1.447077E-01  1.447077E-01  1.447077E-01  1.447077E-01  3.666968E-01  3.580927E-01  3.574778E-01  3.573027E-01  3.547515E-01  3.543822E-01  3.541035E-01  2.996216E-02  1.023797E-01  1.023797E-01  1.023797E-01  1.447025E-01  1.447025E-01  1.447025E-01  1.447025E-01  1.447025E-01  3.594714E-01  3.594980E-01  3.595389E-01  3.597639E-01  3.597951E-01  3.599184E-01  3.609642E-01
    20.1055  2.943295E-02  1.021044E-01  1.021044E-01  1.021044E-01  1.448527E-01  1.448527E-01  1.448527E-01  1.448527E-01  1.448527E-01  3.660786E-01  3.568038E-01  3.561610E-01  3.559782E-01  3.533246E-01  3.529418E-01  3.526533E-01  2.979985E-02  1.021399E-01  1.021399E-01  1.021399E-01  1.447910E-01  1.447910E-01  1.447910E-01  1.447910E-01  1.447910E-01  3.601775E-01  3.602011E-01  3.602375E-01  3.604370E-01  3.604646E-01  3.605736E-01  3.614854E-01
    20.3467  2.927150E-02  1.018332E-01  1.018332E-01  1.018332E-01  1.450061E-01  1.450061E-01  1.450061E-01  1.450061E-01  1.450061E-01  3.653843E-01  3.554618E-01  3.547921E-01  3.546019E-01  3.518507E-01  3.514553E-01  3.511573E-01  2.963876E-02  1.018948E-01  1.018948E-01  1.018948E-01  1.448900E-01  1.448900E-01  1.448900E-01  1.448900E-01  1.448900E-01  3.607924E-01  3.608131E-01  3.608450E-01  3.610191E-01  3.610431E-01  3.611378E-01  3.619166E-01
    20.5879  2.911146E-02  1.015573E-01  1.015573E-01  1.015573E-01  1.451671E-01  1.451671E-01  1.451671E-01  1.451671E-01  1.451671E-01  3.646158E-01  3.540687E-01  3.533735E-01  3.531763E-01  3.503322E-01  3.499246E-01  3.496178E-01  2.947891E-02  1.016444E-01  1.016444E-01  1.016444E-01  1.449989E-01  1.449989E-01  1.449989E-01  1.449989E-01  1.449989E-01  3.613168E-01  3.613346E-01  3.613619E-01  3.615109E-01  3.615314E-01  3.616119E-01  3.622587E-01
    20.8291  2.895283E-02  1.012767E-01  1.012767E-01  1.012767E-01  1.453352E-01  1.453352E-01  1.453352E-01  1.453352E-01  1.453352E-01  3.637754E-01  3.526269E-01  3.519074E-01  3.517035E-01  3.487712E-01  3.483522E-01  3.480369E-01  2.932034E-02  1.013890E-01  1.013890E-01  1.013890E-01  1.451170E-01  1.451170E-01  1.451170E-01  1.451170E-01  1.451170E-01  3.617513E-01  3.617662E-01  3.617891E-01  3.619130E-01  3.619300E-01  3.619964E-01  3.625125E-01
    21.0704  2.879564E-02  1.009915E-01  1.009915E-01  1.009915E-01  1.455100E-01  1.455100E-01  1.455100E-01  1.455100E-01  1.455100E-01  3.628651E-01  3.511387E-01  3.503961E-01  3.501858E-01  3.471699E-01  3.467401E-01  3.464168E-01  2.916305E-02  1.011287E-01  1.011287E-01  1.011287E-01  1.452439E-01  1.452439E-01  1.452439E-01  1.452439E-01  1.452439E-01  3.620967E-01  3.621087E-01  3.621272E-01  3.622264E-01  3.622399E-01  3.622924E-01  3.626792E-01
    21.3116  2.863990E-02  1.007020E-01  1.007020E-01  1.007020E-01  1.456909E-01  1.456909E-01  1.456909E-01  1.456909E-01  1.456909E-01  3.618872E-01  3.496064E-01  3.488418E-01  3.486254E-01  3.455306E-01  3.450906E-01  3.447598E-01  2.900708E-02  1.008635E-01  1.008635E-01  1.008635E-01  1.453791E-01  1.453791E-01  1.453791E-01  1.453791E-01  1.453791E-01  3.623539E-01  3.623631E-01  3.623772E-01  3.624520E-01  3.624620E-01  3.625007E-01  3.627598E-01
    21.5528  2.848562E-02  1.004082E-01  1.004082E-01  1.004082E-01  1.458774E-01  1.458774E-01  1.458774E-01  1.458774E-01  1.458774E-01  3.608438E-01  3.480321E-01  3.472468E-01  3.470247E-01  3.438555E-01  3.434058E-01  3.430680E-01  2.885243E-02  1.005938E-01  1.005938E-01  1.005938E-01  1.455217E-01  1.455217E-01  1.455217E-01  1.455217E-01  1.455217E-01  3.625240E-01  3.625304E-01  3.625401E-01  3.625907E-01  3.625973E-01  3.626224E-01  3.627555E-01
    21.7940  2.833283E-02  1.001104E-01  1.001104E-01  1.001104E-01  1.460690E-01  1.460690E-01  1.460690E-01  1.460690E-01  1.460690E-01  3.597372E-01  3.464181E-01  3.456132E-01  3.453858E-01  3.421465E-01  3.416880E-01  3.413436E-01  2.869912E-02  1.003196E-01  1.003196E-01  1.003196E-01  1.456714E-01  1.456714E-01  1.456714E-01  1.456714E-01  1.456714E-01  3.626079E-01  3.626116E-01  3.626170E-01  3.626438E-01  3.626470E-01  3.626587E-01  3.626675E-01
    22.0352  2.818153E-02  9.980874E-02  9.980874E-02  9.980874E-02  1.462652E-01  1.462652E-01  1.462652E-01  1.462652E-01  1.462652E-01  3.585697E-01  3.447666E-01  3.439433E-01  3.437108E-01  3.404060E-01  3.399391E-01  3.395885E-01  2.854718E-02  1.000410E-01  1.000410E-01  1.000410E-01  1.458276E-01  1.458276E-01  1.458276E-01  1.458276E-01  1.458276E-01  3.626070E-01  3.626079E-01  3.626091E-01  3.626123E-01  3.626122E-01  3.626107E-01  3.624972E-01
    22.2764  2.803174E-02  9.950323E-02  9.950323E-02  9.950323E-02  1.464655E-01  1.464655E-01  1.464655E-01  1.464655E-01  1.464655E-01  3.573435E-01  3.430798E-01  3.422392E-01  3.420020E-01  3.386360E-01  3.381613E-01  3.378050E-01  2.839662E-02  9.975824E-02  9.975824E-02  9.975824E-02  1.459899E-01  1.459899E-01  1.459899E-01  1.459899E-01  1.459899E-01  3.625223E-01  3.625205E-01  3.625176E-01  3.624977E-01  3.624943E-01  3.624797E-01  3.622461E-01
    22.5176  2.788347E-02  9.919409E-02  9.919409E-02  9.919409E-02  1.466696E-01  1.466696E-01  1.466696E-01  1.466696E-01  1.466696E-01  3.560611E-01  3.413599E-01  3.405031E-01  3.402614E-01  3.368385E-01  3.363566E-01  3.359951E-01  2.824745E-02  9.947142E-02  9.947142E-02  9.947142E-02  1.461577E-01  1.461577E-01  1.461577E-01  1.461577E-01  1.461577E-01  3.623553E-01  3.623509E-01  3.623440E-01  3.623012E-01  3.622947E-01  3.622673E-01  3.619157E-01
    22.7588  2.773673E-02  9.888146E-02  9.888146E-02  9.888146E-02  1.468769E-01  1.468769E-01  1.468769E-01  1.468769E-01  1.468769E-01  3.547245E-01  3.396089E-01  3.387370E-01  3.384913E-01  3.350157E-01  3.345271E-01  3.341607E-01  2.809970E-02  9.918070E-02  9.918070E-02  9.918070E-02  1.463305E-01  1.463305E-01  1.463305E-01  1.463305E-01  1.463305E-01  3.621075E-01  3.621005E-01  3.620895E-01  3.620244E-01  3.620147E-01  3.619747E-01  3.615075E-01
    23.0000  2.759153E-02  9.856550E-02  9.856550E-02  9.856550E-02  1.470870E-01  1.470870E-01  1.470870E-01  1.470870E-01  1.470870E-01  3.533361E-01  3.378290E-01  3.369432E-01  3.366936E-01  3.331694E-01  3.326747E-01  3.323039E-01  2.795336E-02  9.888620E-02  9.888620E-02  9.888620E-02  1.465079E-01  1.465079E-01  1.465079E-01  1.465079E-01  1.465079E-01  3.617802E-01  3.617707E-01  3.617558E-01  3.616688E-01  3.616560E-01  3.616037E-01  3.610232E-01
