   -25.0000  3.163313E-04  2.014626E-02  1.145208E-03  2.456285E-03  3.321869E-04  4.006254E-02  1.095215E-03  1.995850E-03
   -24.7588  3.191122E-04  1.733242E-02  1.177744E-03  2.533073E-03  3.339518E-04  3.240515E-02  1.125549E-03  2.050481E-03
   -24.5176  3.225509E-04  1.507983E-02  1.211997E-03  2.613768E-03  3.363868E-04  2.676663E-02  1.157464E-03  2.107559E-03
   -24.2764  3.267136E-04  1.324931E-02  1.248105E-03  2.698646E-03  3.395527E-04  2.249628E-02  1.191085E-03  2.167235E-03
   -24.0352  3.316812E-04  1.174235E-02  1.286219E-03  2.788006E-03  3.435246E-04  1.918590E-02  1.226551E-03  2.229674E-03
   -23.7940  3.375528E-04  1.048768E-02  1.326510E-03  2.882176E-03  3.483951E-04  1.656903E-02  1.264017E-03  2.295054E-03
   -23.5528  3.444507E-04  9.432710E-03  1.369167E-03  2.981516E-03  3.542793E-04  1.446571E-02  1.303658E-03  2.363568E-03
   -23.3116  3.525279E-04  8.537990E-03  1.414405E-03  3.086419E-03  3.613215E-04  1.275095E-02  1.345668E-03  2.435424E-03
   -23.0704  3.619769E-04  7.773471E-03  1.462469E-03  3.197319E-03  3.697042E-04  1.133574E-02  1.390271E-03  2.510853E-03
   -22.8291  3.730446E-04  7.115965E-03  1.513635E-03  3.314690E-03  3.796621E-04  1.015535E-02  1.437721E-03  2.590099E-03
   -22.5879  3.860516E-04  6.547396E-03  1.568223E-03  3.439057E-03  3.915009E-04  9.161868E-03  1.488309E-03  2.673434E-03
   -22.3467  4.014231E-04  6.053561E-03  1.626601E-03  3.570999E-03  4.056268E-04  8.319249E-03  1.542374E-03  2.761152E-03
   -22.1055  4.197363E-04  5.623226E-03  1.689200E-03  3.711158E-03  4.225929E-04  7.600068E-03  1.600311E-03  2.853575E-03
   -21.8643  4.417965E-04  5.247517E-03  1.756528E-03  3.860245E-03  4.431713E-04  6.983264E-03  1.662585E-03  2.951059E-03
   -21.6231  4.687663E-04  4.919483E-03  1.829193E-03  4.019053E-03  4.684807E-04  6.452621E-03  1.729758E-03  3.053991E-03
   -21.3819  5.023977E-04  4.633845E-03  1.907933E-03  4.188465E-03  5.002111E-04  5.995745E-03  1.802508E-03  3.162800E-03
   -21.1407  5.454776E-04  4.386849E-03  1.993663E-03  4.369469E-03  5.410599E-04  5.603462E-03  1.881685E-03  3.277959E-03
   -20.8995  6.027696E-04  4.176489E-03  2.087550E-03  4.563174E-03  5.956589E-04  5.269622E-03  1.968372E-03  3.399995E-03
   -20.6583  6.832645E-04  4.003046E-03  2.191136E-03  4.770830E-03  6.728068E-04  4.991572E-03  2.064011E-03  3.529491E-03
   -20.4171  8.066130E-04  3.870872E-03  2.306574E-03  4.993855E-03  7.919301E-04  4.772069E-03  2.170633E-03  3.667106E-03
   -20.1759  1.027495E-03  3.794170E-03  2.437155E-03  5.233854E-03  1.008069E-03  4.626259E-03  2.291376E-03  3.813546E-03
   -19.9347  1.592229E-03  3.824619E-03  2.588875E-03  5.480990E-03  1.579571E-03  4.616914E-03  2.432094E-03  3.936108E-03
   -19.6935  4.403690E-03  4.307021E-03  2.779208E-03  5.801186E-03  4.390620E-03  5.181219E-03  2.610706E-03  4.042095E-03
   -19.4523  7.973836E-03  5.844243E-03  3.072012E-03  6.076939E-03  7.675131E-03  6.939364E-03  2.890566E-03  4.315789E-03
   -19.2111  1.051996E-02  7.906132E-03  3.551370E-03  6.407763E-03  1.003884E-02  9.225464E-03  3.350166E-03  4.509633E-03
   -18.9698  1.257570E-02  1.012982E-02  4.282485E-03  6.772301E-03  1.195967E-02  1.164082E-02  4.049460E-03  4.721204E-03
   -18.7286  1.434191E-02  1.236692E-02  5.320818E-03  7.176049E-03  1.361682E-02  1.402875E-02  5.038992E-03  4.954393E-03
   -18.4874  1.591154E-02  1.455223E-02  6.717799E-03  7.626280E-03  1.509427E-02  1.632504E-02  6.365060E-03  5.213586E-03
   -18.2462  1.733609E-02  1.665777E-02  8.523601E-03  8.131449E-03  1.643884E-02  1.850573E-02  8.072226E-03  5.503761E-03
   -18.0050  1.864741E-02  1.867354E-02  1.078882E-02  8.701345E-03  1.767964E-02  2.056562E-02  1.020480E-02  5.830487E-03
   -17.7638  1.986679E-02  2.059854E-02  1.356567E-02  9.347303E-03  1.883618E-02  2.250836E-02  1.280787E-02  6.199976E-03
   -17.5226  2.100926E-02  2.243623E-02  1.690886E-02  1.008250E-02  1.992226E-02  2.434162E-02  1.592803E-02  6.619147E-03
   -17.2814  2.208585E-02  2.419221E-02  2.087637E-02  1.092232E-02  2.094801E-02  2.607462E-02  1.961399E-02  7.095714E-03
   -17.0402  2.310498E-02  2.587288E-02  2.553007E-02  1.188487E-02  2.192118E-02  2.771692E-02  2.391707E-02  7.638311E-03
   -16.7990  2.407317E-02  2.748483E-02  3.093627E-02  1.299161E-02  2.284776E-02  2.927777E-02  2.889154E-02  8.256646E-03
   -16.5578  2.499566E-02  2.903444E-02  3.716620E-02  1.426821E-02  2.373255E-02  3.076579E-02  3.459496E-02  8.961694E-03
   -16.3166  2.587666E-02  3.052771E-02  4.429633E-02  1.574561E-02  2.457946E-02  3.218887E-02  4.108834E-02  9.765944E-03
   -16.0754  2.671967E-02  3.197015E-02  5.240865E-02  1.746157E-02  2.539166E-02  3.355414E-02  4.843633E-02  1.068372E-02
   -15.8342  2.752758E-02  3.336679E-02  6.159076E-02  1.946257E-02  2.617184E-02  3.486801E-02  5.670712E-02  1.173153E-02
   -15.5930  2.830287E-02  3.472221E-02  7.193570E-02  2.180650E-02  2.692224E-02  3.613616E-02  6.597229E-02  1.292862E-02
   -15.3518  2.904762E-02  3.604047E-02  8.354161E-02  2.456631E-02  2.764478E-02  3.736367E-02  7.630644E-02  1.429755E-02
   -15.1106  2.976365E-02  3.732524E-02  9.651088E-02  2.783511E-02  2.834111E-02  3.855502E-02  8.778651E-02  1.586505E-02
   -14.8693  3.045253E-02  3.857980E-02  1.109490E-01  3.173327E-02  2.901266E-02  3.971420E-02  1.004909E-01  1.766298E-02
   -14.6281  3.111563E-02  3.980706E-02  1.269624E-01  3.641892E-02  2.966067E-02  4.084472E-02  1.144982E-01  1.972975E-02
   -14.3869  3.175398E-02  4.100961E-02  1.446566E-01  4.210282E-02  3.028624E-02  4.194968E-02  1.298853E-01  2.211194E-02
   -14.1457  3.236905E-02  4.218976E-02  1.641318E-01  4.907111E-02  3.089036E-02  4.303183E-02  1.467249E-01  2.486713E-02
   -13.9045  3.296159E-02  4.334955E-02  1.854789E-01  5.771992E-02  3.147390E-02  4.409359E-02  1.650832E-01  2.806640E-02
   -13.6633  3.353251E-02  4.449079E-02  2.087741E-01  6.860985E-02  3.203762E-02  4.513708E-02  1.850155E-01  3.179894E-02
   -13.4221  3.408253E-02  4.561508E-02  2.340701E-01  8.255461E-02  3.258223E-02  4.616418E-02  2.065628E-01  3.617795E-02
   -13.1809  3.461240E-02  4.672384E-02  2.613901E-01  1.007699E-01  3.310836E-02  4.717655E-02  2.297450E-01  4.134881E-02
   -12.9397  3.512277E-02  4.781831E-02  2.907169E-01  1.251346E-01  3.361660E-02  4.817562E-02  2.545572E-01  4.750068E-02
   -12.6985  3.561424E-02  4.889959E-02  3.219823E-01  1.586718E-01  3.410747E-02  4.916267E-02  2.809620E-01  5.488349E-02
   -12.4573  3.608736E-02  4.996863E-02  3.550566E-01  2.064852E-01  3.458146E-02  5.013880E-02  3.088833E-01  6.383250E-02
   -12.2161  3.654265E-02  5.102628E-02  3.897384E-01  2.777196E-01  3.503902E-02  5.110498E-02  3.381998E-01  7.480589E-02
   -11.9749  3.698059E-02  5.207328E-02  4.257455E-01  3.900306E-01  3.548058E-02  5.206205E-02  3.687389E-01  8.844210E-02
   -11.7337  3.740163E-02  5.311024E-02  4.627096E-01  5.809706E-01  3.590652E-02  5.301073E-02  4.002725E-01  1.056514E-01
   -11.4925  3.780619E-02  5.413772E-02  5.001758E-01  9.415014E-01  3.631722E-02  5.395165E-02  4.325143E-01  1.277655E-01
   -11.2513  3.819467E-02  5.515618E-02  5.376079E-01  1.735888E+00  3.671300E-02  5.488534E-02  4.651206E-01  1.567918E-01
   -11.0101  3.856745E-02  5.616604E-02  5.744014E-01  3.958697E+00  3.709421E-02  5.581225E-02  4.976946E-01  1.958635E-01
   -10.7688  3.892485E-02  5.716761E-02  6.099058E-01  1.234644E+01  3.746113E-02  5.673276E-02  5.297949E-01  2.500781E-01
   -10.5276  3.926728E-02  5.816117E-02  6.434521E-01  2.000694E+01  3.781412E-02  5.764718E-02  5.609489E-01  3.281519E-01
   -10.2864  3.959504E-02  5.914695E-02  6.743871E-01  6.774613E+00  3.815338E-02  5.855578E-02  5.906697E-01  4.459278E-01
   -10.0452  3.990843E-02  6.012513E-02  7.021106E-01  2.769573E+00  3.847921E-02  5.945875E-02  6.184767E-01  6.344746E-01
    -9.8040  4.020778E-02  6.109586E-02  7.261101E-01  1.477902E+00  3.879186E-02  6.035625E-02  6.439177E-01  9.609034E-01
    -9.5628  4.049336E-02  6.205921E-02  7.459905E-01  9.261528E-01  3.909160E-02  6.124841E-02  6.665909E-01  1.589326E+00
    -9.3216  4.076545E-02  6.301528E-02  7.614949E-01  6.430590E-01  3.937866E-02  6.213529E-02  6.861641E-01  2.987300E+00
    -9.0804  4.102434E-02  6.396408E-02  7.725136E-01  4.791881E-01  3.965328E-02  6.301695E-02  7.023908E-01  6.648523E+00
    -8.8392  4.127030E-02  6.490564E-02  7.790824E-01  3.760502E-01  3.991568E-02  6.389338E-02  7.151190E-01  1.449600E+01
    -8.5980  4.150358E-02  6.583993E-02  7.813687E-01  3.070786E-01  4.016608E-02  6.476459E-02  7.242953E-01  1.206838E+01
    -8.3568  4.172443E-02  6.676693E-02  7.796507E-01  2.588168E-01  4.040471E-02  6.563053E-02  7.299603E-01  5.438637E+00
    -8.1156  4.193312E-02  6.768658E-02  7.742909E-01  2.238597E-01  4.063172E-02  6.649115E-02  7.322414E-01  2.753220E+00
    -7.8744  4.212987E-02  6.859880E-02  7.657083E-01  1.978576E-01  4.084741E-02  6.734637E-02  7.313378E-01  1.635460E+00
    -7.6332  4.231494E-02  6.950352E-02  7.543513E-01  1.781192E-01  4.105195E-02  6.819609E-02  7.275057E-01  1.088652E+00
    -7.3920  4.248855E-02  7.040064E-02  7.406738E-01  1.629040E-01  4.124541E-02  6.904021E-02  7.210409E-01  7.848655E-01
    -7.1508  4.265093E-02  7.129003E-02  7.251170E-01  1.510465E-01  4.142824E-02  6.987861E-02  7.122627E-01  5.997579E-01
    -6.9095  4.280232E-02  7.217158E-02  7.080943E-01  1.417410E-01  4.160050E-02  7.071115E-02  7.014987E-01  4.790331E-01
    -6.6683  4.294294E-02  7.304517E-02  6.899822E-01  1.344163E-01  4.176238E-02  7.153770E-02  6.890724E-01  3.961626E-01
    -6.4271  4.307300E-02  7.391065E-02  6.711153E-01  1.286576E-01  4.191409E-02  7.235809E-02  6.752936E-01  3.369944E-01
    -6.1859  4.319272E-02  7.476789E-02  6.517839E-01  1.241577E-01  4.205581E-02  7.317217E-02  6.604510E-01  2.934334E-01
    -5.9447  4.330236E-02  7.561672E-02  6.322350E-01  1.206851E-01  4.218771E-02  7.397978E-02  6.448078E-01  2.605807E-01
    -5.7035  4.340205E-02  7.645701E-02  6.126745E-01  1.180623E-01  4.230998E-02  7.478075E-02  6.285987E-01  2.353315E-01
    -5.4623  4.349204E-02  7.728858E-02  5.932707E-01  1.161514E-01  4.242280E-02  7.557489E-02  6.120298E-01  2.156399E-01
    -5.2211  4.357254E-02  7.811132E-02  5.741581E-01  1.148439E-01  4.252637E-02  7.636205E-02  5.952784E-01  2.001128E-01
    -4.9799  4.364376E-02  7.892500E-02  5.554426E-01  1.140532E-01  4.262084E-02  7.714203E-02  5.784951E-01  1.877754E-01
    -4.7387  4.370589E-02  7.972949E-02  5.372045E-01  1.137096E-01  4.270640E-02  7.791465E-02  5.618056E-01  1.779274E-01
    -4.4975  4.375914E-02  8.052461E-02  5.195027E-01  1.137565E-01  4.278323E-02  7.867973E-02  5.453130E-01  1.700556E-01
    -4.2563  4.380370E-02  8.131020E-02  5.023789E-01  1.141472E-01  4.285151E-02  7.943709E-02  5.291002E-01  1.637764E-01
    -4.0151  4.383978E-02  8.208616E-02  4.858599E-01  1.148430E-01  4.291140E-02  8.018654E-02  5.132327E-01  1.587987E-01
    -3.7739  4.386756E-02  8.285228E-02  4.699609E-01  1.158116E-01  4.296307E-02  8.092793E-02  4.977612E-01  1.548975E-01
    -3.5327  4.388724E-02  8.360841E-02  4.546876E-01  1.170259E-01  4.300670E-02  8.166103E-02  4.827231E-01  1.518972E-01
    -3.2915  4.389900E-02  8.435443E-02  4.400383E-01  1.184625E-01  4.304246E-02  8.238569E-02  4.681453E-01  1.496586E-01
    -3.0503  4.390304E-02  8.509010E-02  4.260055E-01  1.201017E-01  4.307051E-02  8.310172E-02  4.540454E-01  1.480701E-01
    -2.8090  4.389955E-02  8.581531E-02  4.125773E-01  1.219264E-01  4.309102E-02  8.380895E-02  4.404339E-01  1.470415E-01
    -2.5678  4.388870E-02  8.652992E-02  3.997384E-01  1.239217E-01  4.310416E-02  8.450721E-02  4.273149E-01  1.464991E-01
    -2.3266  4.387068E-02  8.723377E-02  3.874712E-01  1.260746E-01  4.311010E-02  8.519633E-02  4.146877E-01  1.463820E-01
    -2.0854  4.384567E-02  8.792674E-02  3.757565E-01  1.283736E-01  4.310897E-02  8.587610E-02  4.025478E-01  1.466394E-01
    -1.8442  4.381385E-02  8.860867E-02  3.645740E-01  1.308085E-01  4.310097E-02  8.654645E-02  3.908874E-01  1.472290E-01
    -1.6030  4.377541E-02  8.927935E-02  3.539029E-01  1.333701E-01  4.308625E-02  8.720717E-02  3.796966E-01  1.481147E-01
    -1.3618  4.373050E-02  8.993882E-02  3.437220E-01  1.360502E-01  4.306499E-02  8.785811E-02  3.689635E-01  1.492659E-01
    -1.1206  4.367930E-02  9.058688E-02  3.340105E-01  1.388413E-01  4.303729E-02  8.849913E-02  3.586751E-01  1.506564E-01
    -0.8794  4.362202E-02  9.122341E-02  3.247475E-01  1.417365E-01  4.300335E-02  8.913007E-02  3.488174E-01  1.522633E-01
    -0.6382  4.355876E-02  9.184828E-02  3.159129E-01  1.447296E-01  4.296331E-02  8.975079E-02  3.393757E-01  1.540669E-01
    -0.3970  4.348972E-02  9.246140E-02  3.074869E-01  1.478147E-01  4.291733E-02  9.036117E-02  3.303353E-01  1.560499E-01
    -0.1558  4.341506E-02  9.306265E-02  2.994506E-01  1.509863E-01  4.286556E-02  9.096106E-02  3.216810E-01  1.581969E-01
     0.0854  4.333496E-02  9.365193E-02  2.917855E-01  1.542393E-01  4.280816E-02  9.155035E-02  3.133979E-01  1.604944E-01
     0.3266  4.324956E-02  9.422917E-02  2.844742E-01  1.575688E-01  4.274530E-02  9.212892E-02  3.054711E-01  1.629301E-01
     0.5678  4.315903E-02  9.479423E-02  2.774998E-01  1.609701E-01  4.267707E-02  9.269664E-02  2.978863E-01  1.654931E-01
     0.8090  4.306352E-02  9.534711E-02  2.708463E-01  1.644388E-01  4.260364E-02  9.325342E-02  2.906291E-01  1.681736E-01
     1.0503  4.296319E-02  9.588768E-02  2.644983E-01  1.679705E-01  4.252517E-02  9.379922E-02  2.836859E-01  1.709625E-01
     1.2915  4.285820E-02  9.641588E-02  2.584413E-01  1.715613E-01  4.244179E-02  9.433379E-02  2.770433E-01  1.738514E-01
     1.5327  4.274869E-02  9.693164E-02  2.526615E-01  1.752070E-01  4.235365E-02  9.485699E-02  2.706884E-01  1.768327E-01
     1.7739  4.263480E-02  9.743495E-02  2.471457E-01  1.789036E-01  4.226089E-02  9.536898E-02  2.646089E-01  1.798993E-01
     2.0151  4.251669E-02  9.792567E-02  2.418815E-01  1.826474E-01  4.216365E-02  9.586952E-02  2.587928E-01  1.830446E-01
     2.2563  4.239451E-02  9.840380E-02  2.368571E-01  1.864345E-01  4.206205E-02  9.635861E-02  2.532288E-01  1.862623E-01
     2.4975  4.226839E-02  9.886928E-02  2.320612E-01  1.902612E-01  4.195625E-02  9.683614E-02  2.479060E-01  1.895465E-01
     2.7387  4.213847E-02  9.932209E-02  2.274833E-01  1.941238E-01  4.184638E-02  9.730205E-02  2.428139E-01  1.928916E-01
     2.9799  4.200490E-02  9.976220E-02  2.231134E-01  1.980186E-01  4.173255E-02  9.775628E-02  2.379425E-01  1.962923E-01
     3.2211  4.186780E-02  1.001896E-01  2.189418E-01  2.019419E-01  4.161491E-02  9.819878E-02  2.332824E-01  1.997435E-01
     3.4623  4.172733E-02  1.006042E-01  2.149596E-01  2.058902E-01  4.149359E-02  9.862950E-02  2.288244E-01  2.032402E-01
     3.7035  4.158360E-02  1.010061E-01  2.111582E-01  2.098598E-01  4.136871E-02  9.904839E-02  2.245600E-01  2.067778E-01
     3.9447  4.143673E-02  1.013952E-01  2.075296E-01  2.138471E-01  4.124040E-02  9.945543E-02  2.204808E-01  2.103516E-01
     4.1859  4.128686E-02  1.017715E-01  2.040660E-01  2.178486E-01  4.110878E-02  9.985062E-02  2.165790E-01  2.139572E-01
     4.4271  4.113412E-02  1.021351E-01  2.007602E-01  2.218606E-01  4.097397E-02  1.002339E-01  2.128471E-01  2.175902E-01
     4.6683  4.097863E-02  1.024859E-01  1.976052E-01  2.258795E-01  4.083612E-02  1.006052E-01  2.092780E-01  2.212464E-01
     4.9095  4.082050E-02  1.028239E-01  1.945945E-01  2.299019E-01  4.069529E-02  1.009645E-01  2.058648E-01  2.249216E-01
     5.1508  4.065987E-02  1.031492E-01  1.917220E-01  2.339241E-01  4.055164E-02  1.013119E-01  2.026012E-01  2.286118E-01
     5.3920  4.049684E-02  1.034619E-01  1.889816E-01  2.379426E-01  4.040527E-02  1.016474E-01  1.994808E-01  2.323130E-01
     5.6332  4.033153E-02  1.037619E-01  1.863678E-01  2.419537E-01  4.025630E-02  1.019709E-01  1.964979E-01  2.360211E-01
     5.8744  4.016405E-02  1.040492E-01  1.838752E-01  2.459540E-01  4.010483E-02  1.022825E-01  1.936468E-01  2.397324E-01
     6.1156  3.999451E-02  1.043240E-01  1.814988E-01  2.499400E-01  3.995098E-02  1.025821E-01  1.909222E-01  2.434430E-01
     6.3568  3.982303E-02  1.045862E-01  1.792337E-01  2.539081E-01  3.979486E-02  1.028698E-01  1.883189E-01  2.471491E-01
     6.5980  3.964971E-02  1.048360E-01  1.770754E-01  2.578548E-01  3.963656E-02  1.031457E-01  1.858321E-01  2.508471E-01
     6.8392  3.947464E-02  1.050733E-01  1.750195E-01  2.617767E-01  3.947620E-02  1.034097E-01  1.834572E-01  2.545333E-01
     7.0804  3.929794E-02  1.052983E-01  1.730618E-01  2.656702E-01  3.931387E-02  1.036618E-01  1.811898E-01  2.582040E-01
     7.3216  3.911971E-02  1.055109E-01  1.711983E-01  2.695319E-01  3.914969E-02  1.039022E-01  1.790255E-01  2.618558E-01
     7.5628  3.894003E-02  1.057112E-01  1.694253E-01  2.733585E-01  3.898374E-02  1.041308E-01  1.769603E-01  2.654851E-01
     7.8040  3.875901E-02  1.058995E-01  1.677391E-01  2.771465E-01  3.881612E-02  1.043478E-01  1.749904E-01  2.690885E-01
     8.0452  3.857675E-02  1.060756E-01  1.661363E-01  2.808927E-01  3.864693E-02  1.045531E-01  1.731121E-01  2.726624E-01
     8.2864  3.839334E-02  1.062397E-01  1.646135E-01  2.845938E-01  3.847625E-02  1.047470E-01  1.713218E-01  2.762038E-01
     8.5276  3.820886E-02  1.063919E-01  1.631677E-01  2.882465E-01  3.830420E-02  1.049292E-01  1.696162E-01  2.797091E-01
     8.7688  3.802341E-02  1.065323E-01  1.617958E-01  2.918477E-01  3.813084E-02  1.050999E-01  1.679919E-01  2.831753E-01
     9.0101  3.783706E-02  1.066609E-01  1.604949E-01  2.953942E-01  3.795628E-02  1.052593E-01  1.664460E-01  2.865990E-01
     9.2513  3.764990E-02  1.067779E-01  1.592623E-01  2.988831E-01  3.778059E-02  1.054073E-01  1.649753E-01  2.899773E-01
     9.4925  3.746203E-02  1.068833E-01  1.580952E-01  3.023112E-01  3.760385E-02  1.055441E-01  1.635772E-01  2.933071E-01
     9.7337  3.727351E-02  1.069774E-01  1.569912E-01  3.056758E-01  3.742617E-02  1.056698E-01  1.622487E-01  2.965854E-01
     9.9749  3.708444E-02  1.070601E-01  1.559479E-01  3.089740E-01  3.724761E-02  1.057844E-01  1.609873E-01  2.998093E-01
    10.2161  3.689487E-02  1.071316E-01  1.549629E-01  3.122030E-01  3.706826E-02  1.058880E-01  1.597906E-01  3.029760E-01
    10.4573  3.670490E-02  1.071921E-01  1.540338E-01  3.153603E-01  3.688819E-02  1.059807E-01  1.586559E-01  3.060829E-01
    10.6985  3.651459E-02  1.072415E-01  1.531587E-01  3.184431E-01  3.670748E-02  1.060626E-01  1.575811E-01  3.091272E-01
    10.9397  3.632401E-02  1.072801E-01  1.523354E-01  3.214492E-01  3.652621E-02  1.061338E-01  1.565639E-01  3.121064E-01
    11.1809  3.613324E-02  1.073079E-01  1.515618E-01  3.243761E-01  3.634443E-02  1.061946E-01  1.556021E-01  3.150181E-01
    11.4221  3.594234E-02  1.073252E-01  1.508363E-01  3.272215E-01  3.616223E-02  1.062447E-01  1.546936E-01  3.178598E-01
    11.6633  3.575138E-02  1.073320E-01  1.501568E-01  3.299833E-01  3.597969E-02  1.062845E-01  1.538365E-01  3.206294E-01
    11.9045  3.556043E-02  1.073284E-01  1.495216E-01  3.326595E-01  3.579686E-02  1.063140E-01  1.530289E-01  3.233245E-01
    12.1457  3.536954E-02  1.073146E-01  1.489289E-01  3.352483E-01  3.561381E-02  1.063334E-01  1.522688E-01  3.259432E-01
    12.3869  3.517878E-02  1.072908E-01  1.483772E-01  3.377476E-01  3.543061E-02  1.063427E-01  1.515546E-01  3.284836E-01
    12.6281  3.498821E-02  1.072570E-01  1.478649E-01  3.401561E-01  3.524731E-02  1.063421E-01  1.508844E-01  3.309437E-01
    12.8693  3.479789E-02  1.072134E-01  1.473904E-01  3.424719E-01  3.506399E-02  1.063317E-01  1.502566E-01  3.333218E-01
    13.1106  3.460787E-02  1.071602E-01  1.469521E-01  3.446938E-01  3.488071E-02  1.063116E-01  1.496697E-01  3.356163E-01
    13.3518  3.441821E-02  1.070975E-01  1.465488E-01  3.468206E-01  3.469751E-02  1.062820E-01  1.491220E-01  3.378258E-01
    13.5930  3.422896E-02  1.070255E-01  1.461790E-01  3.488510E-01  3.451446E-02  1.062430E-01  1.486122E-01  3.399487E-01
    13.8342  3.404018E-02  1.069442E-01  1.458413E-01  3.507840E-01  3.433161E-02  1.061947E-01  1.481387E-01  3.419838E-01
    14.0754  3.385191E-02  1.068538E-01  1.455346E-01  3.526187E-01  3.414902E-02  1.061373E-01  1.477000E-01  3.439301E-01
    14.3166  3.366420E-02  1.067546E-01  1.452575E-01  3.543544E-01  3.396675E-02  1.060708E-01  1.472950E-01  3.457865E-01
    14.5578  3.347711E-02  1.066465E-01  1.450088E-01  3.559905E-01  3.378483E-02  1.059955E-01  1.469223E-01  3.475521E-01
    14.7990  3.329066E-02  1.065299E-01  1.447874E-01  3.575266E-01  3.360333E-02  1.059114E-01  1.465806E-01  3.492260E-01
    15.0402  3.310493E-02  1.064048E-01  1.445921E-01  3.589621E-01  3.342229E-02  1.058187E-01  1.462686E-01  3.508078E-01
    15.2814  3.291995E-02  1.062715E-01  1.444218E-01  3.602971E-01  3.324176E-02  1.057175E-01  1.459853E-01  3.522967E-01
    15.5226  3.273575E-02  1.061299E-01  1.442755E-01  3.615313E-01  3.306178E-02  1.056080E-01  1.457295E-01  3.536924E-01
    15.7638  3.255238E-02  1.059804E-01  1.441522E-01  3.626649E-01  3.288240E-02  1.054903E-01  1.455000E-01  3.549947E-01
    16.0050  3.236989E-02  1.058231E-01  1.440507E-01  3.636980E-01  3.270367E-02  1.053646E-01  1.452958E-01  3.562033E-01
    16.2462  3.218830E-02  1.056581E-01  1.439704E-01  3.646309E-01  3.252562E-02  1.052310E-01  1.451159E-01  3.573183E-01
    16.4874  3.200766E-02  1.054856E-01  1.439101E-01  3.654642E-01  3.234830E-02  1.050896E-01  1.449591E-01  3.583396E-01
    16.7286  3.182800E-02  1.053056E-01  1.438690E-01  3.661983E-01  3.217174E-02  1.049406E-01  1.448246E-01  3.592675E-01
    16.9698  3.164935E-02  1.051186E-01  1.438461E-01  3.668339E-01  3.199599E-02  1.047842E-01  1.447113E-01  3.601023E-01
    17.2111  3.147179E-02  1.049245E-01  1.438406E-01  3.673719E-01  3.182112E-02  1.046205E-01  1.446184E-01  3.608445E-01
    17.4523  3.129526E-02  1.047235E-01  1.438516E-01  3.678131E-01  3.164709E-02  1.044496E-01  1.445450E-01  3.614944E-01
    17.6935  3.111986E-02  1.045158E-01  1.438785E-01  3.681587E-01  3.147397E-02  1.042717E-01  1.444903E-01  3.620529E-01
    17.9347  3.094559E-02  1.043016E-01  1.439203E-01  3.684097E-01  3.130179E-02  1.040869E-01  1.444533E-01  3.625206E-01
    18.1759  3.077250E-02  1.040809E-01  1.439764E-01  3.685673E-01  3.113060E-02  1.038954E-01  1.444332E-01  3.628983E-01
    18.4171  3.060060E-02  1.038540E-01  1.440459E-01  3.686329E-01  3.096042E-02  1.036973E-01  1.444293E-01  3.631871E-01
    18.6583  3.042993E-02  1.036210E-01  1.441282E-01  3.686079E-01  3.079128E-02  1.034929E-01  1.444407E-01  3.633879E-01
    18.8995  3.026050E-02  1.033821E-01  1.442227E-01  3.684939E-01  3.062321E-02  1.032822E-01  1.444667E-01  3.635020E-01
    19.1407  3.009235E-02  1.031375E-01  1.443285E-01  3.682924E-01  3.045623E-02  1.030654E-01  1.445066E-01  3.635305E-01
    19.3819  2.992550E-02  1.028872E-01  1.444450E-01  3.680052E-01  3.029039E-02  1.028426E-01  1.445597E-01  3.634747E-01
    19.6231  2.975997E-02  1.026315E-01  1.445716E-01  3.676339E-01  3.012568E-02  1.026140E-01  1.446252E-01  3.633360E-01
    19.8643  2.959577E-02  1.023705E-01  1.447077E-01  3.671804E-01  2.996216E-02  1.023797E-01  1.447025E-01  3.631158E-01
    20.1055  2.943295E-02  1.021044E-01  1.448527E-01  3.666466E-01  2.979985E-02  1.021399E-01  1.447910E-01  3.628158E-01
    20.3467  2.927150E-02  1.018332E-01  1.450061E-01  3.660345E-01  2.963876E-02  1.018948E-01  1.448900E-01  3.624375E-01
    20.5879  2.911146E-02  1.015573E-01  1.451671E-01  3.653460E-01  2.947891E-02  1.016444E-01  1.449989E-01  3.619825E-01
    20.8291  2.895283E-02  1.012767E-01  1.453352E-01  3.645832E-01  2.932034E-02  1.013890E-01  1.451170E-01  3.614527E-01
    21.0704  2.879564E-02  1.009915E-01  1.455100E-01  3.637482E-01  2.916305E-02  1.011287E-01  1.452439E-01  3.608497E-01
    21.3116  2.863990E-02  1.007020E-01  1.456909E-01  3.628432E-01  2.900708E-02  1.008635E-01  1.453791E-01  3.601754E-01
    21.5528  2.848562E-02  1.004082E-01  1.458774E-01  3.618703E-01  2.885243E-02  1.005938E-01  1.455217E-01  3.594317E-01
    21.7940  2.833283E-02  1.001104E-01  1.460690E-01  3.608317E-01  2.869912E-02  1.003196E-01  1.456714E-01  3.586205E-01
    22.0352  2.818153E-02  9.980874E-02  1.462652E-01  3.597298E-01  2.854718E-02  1.000410E-01  1.458276E-01  3.577437E-01
    22.2764  2.803174E-02  9.950323E-02  1.464655E-01  3.585667E-01  2.839662E-02  9.975824E-02  1.459899E-01  3.568034E-01
    22.5176  2.788347E-02  9.919409E-02  1.466696E-01  3.573447E-01  2.824745E-02  9.947142E-02  1.461577E-01  3.558015E-01
    22.7588  2.773673E-02  9.888146E-02  1.468769E-01  3.560662E-01  2.809970E-02  9.918070E-02  1.463305E-01  3.547400E-01
    23.0000  2.759153E-02  9.856550E-02  1.470870E-01  3.547333E-01  2.795336E-02  9.888620E-02  1.465079E-01  3.536212E-01
