   -25.0000  2.897002E-03  1.879975E-03  1.879975E-03  1.879975E-03  1.432880E-04  1.432880E-04  1.432880E-04  1.432880E-04  1.432880E-04  6.937691E-05  6.937691E-05  6.937691E-05  6.937691E-05  6.937691E-05  6.937691E-05  6.937691E-05  2.890373E-03  1.882713E-03  1.882713E-03  1.882713E-03  1.433960E-04  1.433960E-04  1.433960E-04  1.433960E-04  1.433960E-04  6.940774E-05  6.940774E-05  6.940774E-05  6.940774E-05  6.940774E-05  6.940774E-05  6.940774E-05
   -24.7588  2.617760E-03  1.982605E-03  1.982605E-03  1.982605E-03  1.451885E-04  1.451885E-04  1.451885E-04  1.451885E-04  1.451885E-04  6.986379E-05  6.986379E-05  6.986379E-05  6.986379E-05  6.986379E-05  6.986379E-05  6.986379E-05  2.612120E-03  1.985607E-03  1.985607E-03  1.985607E-03  1.452998E-04  1.452998E-04  1.452998E-04  1.452998E-04  1.452998E-04  6.989518E-05  6.989518E-05  6.989518E-05  6.989518E-05  6.989518E-05  6.989518E-05  6.989518E-05
   -24.5176  2.378782E-03  2.094498E-03  2.094498E-03  2.094498E-03  1.471466E-04  1.471466E-04  1.471466E-04  1.471466E-04  1.471466E-04  7.035876E-05  7.035876E-05  7.035876E-05  7.035876E-05  7.035876E-05  7.035876E-05  7.035876E-05  2.373953E-03  2.097803E-03  2.097803E-03  2.097803E-03  1.472615E-04  1.472615E-04  1.472615E-04  1.472615E-04  1.472615E-04  7.039067E-05  7.039067E-05  7.039067E-05  7.039067E-05  7.039067E-05  7.039067E-05  7.039067E-05
   -24.2764  2.172861E-03  2.216855E-03  2.216855E-03  2.216855E-03  1.491659E-04  1.491659E-04  1.491659E-04  1.491659E-04  1.491659E-04  7.086203E-05  7.086203E-05  7.086203E-05  7.086203E-05  7.086203E-05  7.086203E-05  7.086203E-05  2.168706E-03  2.220503E-03  2.220503E-03  2.220503E-03  1.492845E-04  1.492845E-04  1.492845E-04  1.492845E-04  1.492845E-04  7.089445E-05  7.089445E-05  7.089445E-05  7.089445E-05  7.089445E-05  7.089445E-05  7.089445E-05
   -24.0352  1.994359E-03  2.351081E-03  2.351081E-03  2.351081E-03  1.512500E-04  1.512500E-04  1.512500E-04  1.512500E-04  1.512500E-04  7.137388E-05  7.137388E-05  7.137388E-05  7.137388E-05  7.137388E-05  7.137388E-05  7.137388E-05  1.990771E-03  2.355123E-03  2.355123E-03  2.355123E-03  1.513726E-04  1.513726E-04  1.513726E-04  1.513726E-04  1.513726E-04  7.140694E-05  7.140694E-05  7.140694E-05  7.140694E-05  7.140694E-05  7.140694E-05  7.140694E-05
   -23.7940  1.838820E-03  2.498836E-03  2.498836E-03  2.498836E-03  1.534031E-04  1.534031E-04  1.534031E-04  1.534031E-04  1.534031E-04  7.189470E-05  7.189470E-05  7.189470E-05  7.189470E-05  7.189470E-05  7.189470E-05  7.189470E-05  1.835715E-03  2.503332E-03  2.503332E-03  2.503332E-03  1.535298E-04  1.535298E-04  1.535298E-04  1.535298E-04  1.535298E-04  7.192837E-05  7.192837E-05  7.192837E-05  7.192837E-05  7.192837E-05  7.192837E-05  7.192837E-05
   -23.5528  1.702698E-03  2.662091E-03  2.662091E-03  2.662091E-03  1.556295E-04  1.556295E-04  1.556295E-04  1.556295E-04  1.556295E-04  7.242490E-05  7.242490E-05  7.242490E-05  7.242490E-05  7.242490E-05  7.242490E-05  7.242490E-05  1.700008E-03  2.667116E-03  2.667116E-03  2.667116E-03  1.557608E-04  1.557608E-04  1.557608E-04  1.557608E-04  1.557608E-04  7.245898E-05  7.245898E-05  7.245898E-05  7.245898E-05  7.245898E-05  7.245898E-05  7.245898E-05
   -23.3116  1.583150E-03  2.843209E-03  2.843209E-03  2.843209E-03  1.579345E-04  1.579345E-04  1.579345E-04  1.579345E-04  1.579345E-04  7.296439E-05  7.296439E-05  7.296439E-05  7.296439E-05  7.296439E-05  7.296439E-05  7.296439E-05  1.580823E-03  2.848850E-03  2.848850E-03  2.848850E-03  1.580706E-04  1.580706E-04  1.580706E-04  1.580706E-04  1.580706E-04  7.299938E-05  7.299938E-05  7.299938E-05  7.299938E-05  7.299938E-05  7.299938E-05  7.299938E-05
   -23.0704  1.477887E-03  3.045038E-03  3.045038E-03  3.045038E-03  1.603237E-04  1.603237E-04  1.603237E-04  1.603237E-04  1.603237E-04  7.351427E-05  7.351427E-05  7.351427E-05  7.351427E-05  7.351427E-05  7.351427E-05  7.351427E-05  1.475882E-03  3.051404E-03  3.051404E-03  3.051404E-03  1.604650E-04  1.604650E-04  1.604650E-04  1.604650E-04  1.604650E-04  7.354921E-05  7.354921E-05  7.354921E-05  7.354921E-05  7.354921E-05  7.354921E-05  7.354921E-05
   -22.8291  1.385070E-03  3.271048E-03  3.271048E-03  3.271048E-03  1.628035E-04  1.628035E-04  1.628035E-04  1.628035E-04  1.628035E-04  7.407380E-05  7.407380E-05  7.407380E-05  7.407380E-05  7.407380E-05  7.407380E-05  7.407380E-05  1.383356E-03  3.278273E-03  3.278273E-03  3.278273E-03  1.629503E-04  1.629503E-04  1.629503E-04  1.629503E-04  1.629503E-04  7.411085E-05  7.411085E-05  7.411085E-05  7.411085E-05  7.411085E-05  7.411085E-05  7.411085E-05
   -22.5879  1.303231E-03  3.525507E-03  3.525507E-03  3.525507E-03  1.653812E-04  1.653812E-04  1.653812E-04  1.653812E-04  1.653812E-04  7.464450E-05  7.464450E-05  7.464450E-05  7.464450E-05  7.464450E-05  7.464450E-05  7.464450E-05  1.301786E-03  3.533761E-03  3.533761E-03  3.533761E-03  1.655341E-04  1.655341E-04  1.655341E-04  1.655341E-04  1.655341E-04  7.468144E-05  7.468144E-05  7.468144E-05  7.468144E-05  7.468144E-05  7.468144E-05  7.468144E-05
   -22.3467  1.231218E-03  3.813729E-03  3.813729E-03  3.813729E-03  1.680653E-04  1.680653E-04  1.680653E-04  1.680653E-04  1.680653E-04  7.522878E-05  7.522878E-05  7.522878E-05  7.522878E-05  7.522878E-05  7.522878E-05  7.522878E-05  1.230030E-03  3.823227E-03  3.823227E-03  3.823227E-03  1.682247E-04  1.682247E-04  1.682247E-04  1.682247E-04  1.682247E-04  7.526607E-05  7.526607E-05  7.526607E-05  7.526607E-05  7.526607E-05  7.526607E-05  7.526607E-05
   -22.1055  1.168174E-03  4.142411E-03  4.142411E-03  4.142411E-03  1.708655E-04  1.708655E-04  1.708655E-04  1.708655E-04  1.708655E-04  7.581999E-05  7.581999E-05  7.581999E-05  7.581999E-05  7.581999E-05  7.581999E-05  7.581999E-05  1.167238E-03  4.153430E-03  4.153430E-03  4.153430E-03  1.710321E-04  1.710321E-04  1.710321E-04  1.710321E-04  1.710321E-04  7.586032E-05  7.586032E-05  7.586032E-05  7.586032E-05  7.586032E-05  7.586032E-05  7.586032E-05
   -21.8643  1.113521E-03  4.520125E-03  4.520125E-03  4.520125E-03  1.737933E-04  1.737933E-04  1.737933E-04  1.737933E-04  1.737933E-04  7.643476E-05  7.643476E-05  7.643476E-05  7.643476E-05  7.643476E-05  7.643476E-05  7.643476E-05  1.112848E-03  4.533030E-03  4.533030E-03  4.533030E-03  1.739679E-04  1.739679E-04  1.739679E-04  1.739679E-04  1.739679E-04  7.646671E-05  7.646671E-05  7.646671E-05  7.646671E-05  7.646671E-05  7.646671E-05  7.646671E-05
   -21.6231  1.067008E-03  4.958047E-03  4.958047E-03  4.958047E-03  1.768625E-04  1.768625E-04  1.768625E-04  1.768625E-04  1.768625E-04  7.706354E-05  7.706354E-05  7.706354E-05  7.706354E-05  7.706354E-05  7.706354E-05  7.706354E-05  1.066620E-03  4.973327E-03  4.973327E-03  4.973327E-03  1.770458E-04  1.770458E-04  1.770458E-04  1.770458E-04  1.770458E-04  7.710206E-05  7.710206E-05  7.710206E-05  7.710206E-05  7.710206E-05  7.710206E-05  7.710206E-05
   -21.3819  1.028788E-03  5.471059E-03  5.471059E-03  5.471059E-03  1.800898E-04  1.800898E-04  1.800898E-04  1.800898E-04  1.800898E-04  7.769216E-05  7.769216E-05  7.769216E-05  7.769216E-05  7.769216E-05  7.769216E-05  7.769216E-05  1.028736E-03  5.489389E-03  5.489389E-03  5.489389E-03  1.802830E-04  1.802830E-04  1.802830E-04  1.802830E-04  1.802830E-04  7.772277E-05  7.772277E-05  7.772277E-05  7.772277E-05  7.772277E-05  7.772277E-05  7.772277E-05
   -21.1407  9.996300E-04  6.079528E-03  6.079528E-03  6.079528E-03  1.834960E-04  1.834960E-04  1.834960E-04  1.834960E-04  1.834960E-04  7.841696E-05  7.841696E-05  7.841696E-05  7.841696E-05  7.841696E-05  7.841696E-05  7.841696E-05  1.000007E-03  6.101869E-03  6.101869E-03  6.101869E-03  1.837004E-04  1.837004E-04  1.837004E-04  1.837004E-04  1.837004E-04  7.842834E-05  7.842834E-05  7.842834E-05  7.842834E-05  7.842834E-05  7.842834E-05  7.842834E-05
   -20.8995  9.813766E-04  6.812314E-03  6.812314E-03  6.812314E-03  1.871080E-04  1.871080E-04  1.871080E-04  1.871080E-04  1.871080E-04  7.922151E-05  7.922151E-05  7.922151E-05  7.922151E-05  7.922151E-05  7.922151E-05  7.922151E-05  9.823597E-04  6.840100E-03  6.840100E-03  6.840100E-03  1.873254E-04  1.873254E-04  1.873254E-04  1.873254E-04  1.873254E-04  7.893732E-05  7.893732E-05  7.893732E-05  7.893732E-05  7.893732E-05  7.893732E-05  7.893732E-05
   -20.6583  9.780801E-04  7.712334E-03  7.712334E-03  7.712334E-03  1.909618E-04  1.909618E-04  1.909618E-04  1.909618E-04  1.909618E-04  8.059853E-05  8.059853E-05  8.059853E-05  8.059853E-05  8.059853E-05  8.059853E-05  8.059853E-05  9.800387E-04  7.747842E-03  7.747842E-03  7.747842E-03  1.911947E-04  1.911947E-04  1.911947E-04  1.911947E-04  1.911947E-04  8.035482E-05  8.035482E-05  8.035482E-05  8.035482E-05  8.035482E-05  8.035482E-05  8.035482E-05
   -20.4171  9.993059E-04  8.848147E-03  8.848147E-03  8.848147E-03  1.951087E-04  1.951087E-04  1.951087E-04  1.951087E-04  1.951087E-04  8.402793E-05  8.402793E-05  8.402793E-05  8.402793E-05  8.402793E-05  8.402793E-05  8.402793E-05  1.003141E-03  8.895353E-03  8.895353E-03  8.895353E-03  1.953607E-04  1.953607E-04  1.953607E-04  1.953607E-04  1.953607E-04  9.004895E-05  9.004895E-05  9.004895E-05  9.004895E-05  9.004895E-05  9.004895E-05  9.004895E-05
   -20.1759  1.072785E-03  1.034328E-02  1.034328E-02  1.034328E-02  1.996302E-04  1.996302E-04  1.996302E-04  1.996302E-04  1.996302E-04  1.702823E-04  1.702823E-04  1.702823E-04  1.702823E-04  1.702823E-04  1.702823E-04  1.702823E-04  1.081445E-03  1.041045E-02  1.041045E-02  1.041045E-02  1.999073E-04  1.999073E-04  1.999073E-04  1.999073E-04  1.999073E-04  1.699008E-04  1.699008E-04  1.699008E-04  1.699008E-04  1.699008E-04  1.699008E-04  1.699008E-04
   -19.9347  1.326590E-03  1.248567E-02  1.248567E-02  1.248567E-02  2.046748E-04  2.046748E-04  2.046748E-04  2.046748E-04  2.046748E-04  2.487040E-05  2.487040E-05  2.487040E-05  2.487040E-05  2.487040E-05  2.487040E-05  2.487040E-05  1.358230E-03  1.259816E-02  1.259816E-02  1.259816E-02  2.049906E-04  2.049906E-04  2.049906E-04  2.049906E-04  2.049906E-04  7.633585E-06  7.633585E-06  7.633585E-06  7.633585E-06  7.633585E-06  7.633585E-06  7.633585E-06
   -19.6935  2.758778E-03  1.655852E-02  1.655852E-02  1.655852E-02  2.107618E-04  2.107618E-04  2.107618E-04  2.107618E-04  2.107618E-04  9.782944E-05  9.782944E-05  9.782944E-05  9.782944E-05  9.782944E-05  9.782944E-05  9.782944E-05  2.885430E-03  1.686128E-02  1.686128E-02  1.686128E-02  2.112136E-04  2.112136E-04  2.112136E-04  2.112136E-04  2.112136E-04  4.669517E-05  4.669517E-05  4.669517E-05  4.669517E-05  4.669517E-05  4.669517E-05  4.669517E-05
   -19.4523  4.525875E-03  2.572007E-02  2.572007E-02  2.572007E-02  2.195483E-04  2.195483E-04  2.195483E-04  2.195483E-04  2.195483E-04  1.616568E-04  1.616568E-04  1.616568E-04  1.616568E-04  1.616568E-04  1.616568E-04  1.616568E-04  4.609060E-03  2.631744E-02  2.631744E-02  2.631744E-02  2.201856E-04  2.201856E-04  2.201856E-04  2.201856E-04  2.201856E-04  1.658420E-04  1.658420E-04  1.658420E-04  1.658420E-04  1.658420E-04  1.658420E-04  1.658420E-04
   -19.2111  5.691111E-03  4.126522E-02  4.126522E-02  4.126522E-02  2.334050E-04  2.334050E-04  2.334050E-04  2.334050E-04  2.334050E-04  1.079621E-04  1.079621E-04  1.079621E-04  1.079621E-04  1.079621E-04  1.079621E-04  1.079621E-04  5.753536E-03  4.219220E-02  4.219220E-02  4.219220E-02  2.343849E-04  2.343849E-04  2.343849E-04  2.343849E-04  2.343849E-04  7.920029E-05  7.920029E-05  7.920029E-05  7.920029E-05  7.920029E-05  7.920029E-05  7.920029E-05
   -18.9698  6.559558E-03  6.490604E-02  6.490604E-02  6.490604E-02  2.539315E-04  2.539315E-04  2.539315E-04  2.539315E-04  2.539315E-04  8.478442E-05  8.478442E-05  8.478442E-05  8.478442E-05  8.478442E-05  8.478442E-05  8.478442E-05  6.610580E-03  6.624264E-02  6.624264E-02  6.624264E-02  2.553298E-04  2.553298E-04  2.553298E-04  2.553298E-04  2.553298E-04  8.631707E-05  8.631707E-05  8.631707E-05  8.631707E-05  8.631707E-05  8.631707E-05  8.631707E-05
   -18.7286  7.249237E-03  9.945989E-02  9.945989E-02  9.945989E-02  2.823662E-04  2.823662E-04  2.823662E-04  2.823662E-04  2.823662E-04  8.631955E-05  8.631955E-05  8.631955E-05  8.631955E-05  8.631955E-05  8.631955E-05  8.631955E-05  7.292860E-03  1.013244E-01  1.013244E-01  1.013244E-01  2.842466E-04  2.842466E-04  2.842466E-04  2.842466E-04  2.842466E-04  8.641130E-05  8.641130E-05  8.641130E-05  8.641130E-05  8.641130E-05  8.641130E-05  8.641130E-05
   -18.4874  7.816700E-03  1.490287E-01  1.490287E-01  1.490287E-01  3.197230E-04  3.197230E-04  3.197230E-04  3.197230E-04  3.197230E-04  8.747570E-05  8.747570E-05  8.747570E-05  8.747570E-05  8.747570E-05  8.747570E-05  8.747570E-05  7.855044E-03  1.515774E-01  1.515774E-01  1.515774E-01  3.221392E-04  3.221392E-04  3.221392E-04  3.221392E-04  3.221392E-04  8.757352E-05  8.757352E-05  8.757352E-05  8.757352E-05  8.757352E-05  8.757352E-05  8.757352E-05
   -18.2462  8.294292E-03  2.192482E-01  2.192482E-01  2.192482E-01  3.668596E-04  3.668596E-04  3.668596E-04  3.668596E-04  3.668596E-04  8.894120E-05  8.894120E-05  8.894120E-05  8.894120E-05  8.894120E-05  8.894120E-05  8.894120E-05  8.328637E-03  2.226660E-01  2.226660E-01  2.226660E-01  3.698581E-04  3.698581E-04  3.698581E-04  3.698581E-04  3.698581E-04  8.903065E-05  8.903065E-05  8.903065E-05  8.903065E-05  8.903065E-05  8.903065E-05  8.903065E-05
   -18.0050  8.702663E-03  3.172243E-01  3.172243E-01  3.172243E-01  4.245179E-04  4.245179E-04  4.245179E-04  4.245179E-04  4.245179E-04  9.065484E-05  9.065484E-05  9.065484E-05  9.065484E-05  9.065484E-05  9.065484E-05  9.065484E-05  8.733853E-03  3.216831E-01  3.216831E-01  3.216831E-01  4.281397E-04  4.281397E-04  4.281397E-04  4.281397E-04  4.281397E-04  9.076859E-05  9.076859E-05  9.076859E-05  9.076859E-05  9.076859E-05  9.076859E-05  9.076859E-05
   -17.7638  9.055994E-03  4.503291E-01  4.503291E-01  4.503291E-01  4.933484E-04  4.933484E-04  4.933484E-04  4.933484E-04  4.933484E-04  9.270241E-05  9.270241E-05  9.270241E-05  9.270241E-05  9.270241E-05  9.270241E-05  9.270241E-05  9.084622E-03  4.558717E-01  4.558717E-01  4.558717E-01  4.976299E-04  4.976299E-04  4.976299E-04  4.976299E-04  4.976299E-04  9.283460E-05  9.283460E-05  9.283460E-05  9.283460E-05  9.283460E-05  9.283460E-05  9.283460E-05
   -17.5226  9.364548E-03  6.222727E-01  6.222727E-01  6.222727E-01  5.739272E-04  5.739272E-04  5.739272E-04  5.739272E-04  5.739272E-04  9.513327E-05  9.513327E-05  9.513327E-05  9.513327E-05  9.513327E-05  9.513327E-05  9.513327E-05  9.391048E-03  6.285795E-01  6.285795E-01  6.285795E-01  5.789014E-04  5.789014E-04  5.789014E-04  5.789014E-04  5.789014E-04  9.529014E-05  9.529014E-05  9.529014E-05  9.529014E-05  9.529014E-05  9.529014E-05  9.529014E-05
   -17.2814  9.636038E-03  8.249479E-01  8.249479E-01  8.249479E-01  6.667683E-04  6.667683E-04  6.667683E-04  6.667683E-04  6.667683E-04  9.801061E-05  9.801061E-05  9.801061E-05  9.801061E-05  9.801061E-05  9.801061E-05  9.801061E-05  9.660740E-03  8.310430E-01  8.310430E-01  8.310430E-01  6.724651E-04  6.724651E-04  6.724651E-04  6.724651E-04  6.724651E-04  9.819478E-05  9.819478E-05  9.819478E-05  9.819478E-05  9.819478E-05  9.819478E-05  9.819478E-05
   -17.0402  9.876439E-03  1.029006E+00  1.029006E+00  1.029006E+00  7.723326E-04  7.723326E-04  7.723326E-04  7.723326E-04  7.723326E-04  1.013970E-04  1.013970E-04  1.013970E-04  1.013970E-04  1.013970E-04  1.013970E-04  1.013970E-04  9.899599E-03  1.033265E+00  1.033265E+00  1.033265E+00  7.787792E-04  7.787792E-04  7.787792E-04  7.787792E-04  7.787792E-04  1.016123E-04  1.016123E-04  1.016123E-04  1.016123E-04  1.016123E-04  1.016123E-04  1.016123E-04
   -16.7990  1.009048E-02  1.186324E+00  1.186324E+00  1.186324E+00  8.910348E-04  8.910348E-04  8.910348E-04  8.910348E-04  8.910348E-04  1.053574E-04  1.053574E-04  1.053574E-04  1.053574E-04  1.053574E-04  1.053574E-04  1.053574E-04  1.011231E-02  1.187274E+00  1.187274E+00  1.187274E+00  8.982560E-04  8.982560E-04  8.982560E-04  8.982560E-04  8.982560E-04  1.056076E-04  1.056076E-04  1.056076E-04  1.056076E-04  1.056076E-04  1.056076E-04  1.056076E-04
   -16.5578  1.028199E-02  1.255965E+00  1.255965E+00  1.255965E+00  1.023249E-03  1.023249E-03  1.023249E-03  1.023249E-03  1.023249E-03  1.099588E-04  1.099588E-04  1.099588E-04  1.099588E-04  1.099588E-04  1.099588E-04  1.099588E-04  1.030265E-02  1.253435E+00  1.253435E+00  1.253435E+00  1.031268E-03  1.031268E-03  1.031268E-03  1.031268E-03  1.031268E-03  1.102478E-04  1.102478E-04  1.102478E-04  1.102478E-04  1.102478E-04  1.102478E-04  1.102478E-04
   -16.3166  1.045411E-02  1.233021E+00  1.233021E+00  1.233021E+00  1.169314E-03  1.169314E-03  1.169314E-03  1.169314E-03  1.169314E-03  1.152690E-04  1.152690E-04  1.152690E-04  1.152690E-04  1.152690E-04  1.152690E-04  1.152690E-04  1.047373E-02  1.228230E+00  1.228230E+00  1.228230E+00  1.178151E-03  1.178151E-03  1.178151E-03  1.178151E-03  1.178151E-03  1.156009E-04  1.156009E-04  1.156009E-04  1.156009E-04  1.156009E-04  1.156009E-04  1.156009E-04
   -16.0754  1.060942E-02  1.145905E+00  1.145905E+00  1.145905E+00  1.329534E-03  1.329534E-03  1.329534E-03  1.329534E-03  1.329534E-03  1.213574E-04  1.213574E-04  1.213574E-04  1.213574E-04  1.213574E-04  1.213574E-04  1.213574E-04  1.062813E-02  1.140401E+00  1.140401E+00  1.140401E+00  1.339210E-03  1.339210E-03  1.339210E-03  1.339210E-03  1.339210E-03  1.217362E-04  1.217362E-04  1.217362E-04  1.217362E-04  1.217362E-04  1.217362E-04  1.217362E-04
   -15.8342  1.075012E-02  1.030437E+00  1.030437E+00  1.030437E+00  1.504188E-03  1.504188E-03  1.504188E-03  1.504188E-03  1.504188E-03  1.282943E-04  1.282943E-04  1.282943E-04  1.282943E-04  1.282943E-04  1.282943E-04  1.282943E-04  1.076801E-02  1.025260E+00  1.025260E+00  1.025260E+00  1.514720E-03  1.514720E-03  1.514720E-03  1.514720E-03  1.514720E-03  1.287240E-04  1.287240E-04  1.287240E-04  1.287240E-04  1.287240E-04  1.287240E-04  1.287240E-04
   -15.5930  1.087806E-02  9.120175E-01  9.120175E-01  9.120175E-01  1.693524E-03  1.693524E-03  1.693524E-03  1.693524E-03  1.693524E-03  1.361505E-04  1.361505E-04  1.361505E-04  1.361505E-04  1.361505E-04  1.361505E-04  1.361505E-04  1.089521E-02  9.076068E-01  9.076068E-01  9.076068E-01  1.704929E-03  1.704929E-03  1.704929E-03  1.704929E-03  1.704929E-03  1.366353E-04  1.366353E-04  1.366353E-04  1.366353E-04  1.366353E-04  1.366353E-04  1.366353E-04
   -15.3518  1.099481E-02  8.033693E-01  8.033693E-01  8.033693E-01  1.897769E-03  1.897769E-03  1.897769E-03  1.897769E-03  1.897769E-03  1.449978E-04  1.449978E-04  1.449978E-04  1.449978E-04  1.449978E-04  1.449978E-04  1.449978E-04  1.101130E-02  7.997911E-01  7.997911E-01  7.997911E-01  1.910069E-03  1.910069E-03  1.910069E-03  1.910069E-03  1.910069E-03  1.455421E-04  1.455421E-04  1.455421E-04  1.455421E-04  1.455421E-04  1.455421E-04  1.455421E-04
   -15.1106  1.110174E-02  7.088103E-01  7.088103E-01  7.088103E-01  2.117126E-03  2.117126E-03  2.117126E-03  2.117126E-03  2.117126E-03  1.549086E-04  1.549086E-04  1.549086E-04  1.549086E-04  1.549086E-04  1.549086E-04  1.549086E-04  1.111763E-02  7.059729E-01  7.059729E-01  7.059729E-01  2.130330E-03  2.130330E-03  2.130330E-03  2.130330E-03  2.130330E-03  1.555165E-04  1.555165E-04  1.555165E-04  1.555165E-04  1.555165E-04  1.555165E-04  1.555165E-04
   -14.8693  1.120002E-02  6.284667E-01  6.284667E-01  6.284667E-01  2.351778E-03  2.351778E-03  2.351778E-03  2.351778E-03  2.351778E-03  1.659554E-04  1.659554E-04  1.659554E-04  1.659554E-04  1.659554E-04  1.659554E-04  1.659554E-04  1.121535E-02  6.262351E-01  6.262351E-01  6.262351E-01  2.365899E-03  2.365899E-03  2.365899E-03  2.365899E-03  2.365899E-03  1.666312E-04  1.666312E-04  1.666312E-04  1.666312E-04  1.666312E-04  1.666312E-04  1.666312E-04
   -14.6281  1.129066E-02  5.608084E-01  5.608084E-01  5.608084E-01  2.601888E-03  2.601888E-03  2.601888E-03  2.601888E-03  2.601888E-03  1.782112E-04  1.782112E-04  1.782112E-04  1.782112E-04  1.782112E-04  1.782112E-04  1.782112E-04  1.130550E-02  5.590540E-01  5.590540E-01  5.590540E-01  2.616938E-03  2.616938E-03  2.616938E-03  2.616938E-03  2.616938E-03  1.789593E-04  1.789593E-04  1.789593E-04  1.789593E-04  1.789593E-04  1.789593E-04  1.789593E-04
   -14.3869  1.137457E-02  5.038795E-01  5.038795E-01  5.038795E-01  2.867602E-03  2.867602E-03  2.867602E-03  2.867602E-03  2.867602E-03  1.917491E-04  1.917491E-04  1.917491E-04  1.917491E-04  1.917491E-04  1.917491E-04  1.917491E-04  1.138895E-02  5.024963E-01  5.024963E-01  5.024963E-01  2.883593E-03  2.883593E-03  2.883593E-03  2.883593E-03  2.883593E-03  1.925739E-04  1.925739E-04  1.925739E-04  1.925739E-04  1.925739E-04  1.925739E-04  1.925739E-04
   -14.1457  1.145252E-02  4.558139E-01  4.558139E-01  4.558139E-01  3.149049E-03  3.149049E-03  3.149049E-03  3.149049E-03  3.149049E-03  2.066425E-04  2.066425E-04  2.066425E-04  2.066425E-04  2.066425E-04  2.066425E-04  2.066425E-04  1.146648E-02  4.547169E-01  4.547169E-01  4.547169E-01  3.165992E-03  3.165992E-03  3.165992E-03  3.165992E-03  3.165992E-03  2.075483E-04  2.075483E-04  2.075483E-04  2.075483E-04  2.075483E-04  2.075483E-04  2.075483E-04
   -13.9045  1.152521E-02  4.150013E-01  4.150013E-01  4.150013E-01  3.446340E-03  3.446340E-03  3.446340E-03  3.446340E-03  3.446340E-03  2.229646E-04  2.229646E-04  2.229646E-04  2.229646E-04  2.229646E-04  2.229646E-04  2.229646E-04  1.153877E-02  4.141265E-01  4.141265E-01  4.141265E-01  3.464245E-03  3.464245E-03  3.464245E-03  3.464245E-03  3.464245E-03  2.239557E-04  2.239557E-04  2.239557E-04  2.239557E-04  2.239557E-04  2.239557E-04  2.239557E-04
   -13.6633  1.159322E-02  3.801153E-01  3.801153E-01  3.801153E-01  3.759575E-03  3.759575E-03  3.759575E-03  3.759575E-03  3.759575E-03  2.407886E-04  2.407886E-04  2.407886E-04  2.407886E-04  2.407886E-04  2.407886E-04  2.407886E-04  1.160643E-02  3.794139E-01  3.794139E-01  3.794139E-01  3.778451E-03  3.778451E-03  3.778451E-03  3.778451E-03  3.778451E-03  2.418695E-04  2.418695E-04  2.418695E-04  2.418695E-04  2.418695E-04  2.418695E-04  2.418695E-04
   -13.4221  1.165712E-02  3.500852E-01  3.500852E-01  3.500852E-01  4.088837E-03  4.088837E-03  4.088837E-03  4.088837E-03  4.088837E-03  2.601875E-04  2.601875E-04  2.601875E-04  2.601875E-04  2.601875E-04  2.601875E-04  2.601875E-04  1.167000E-02  3.495196E-01  3.495196E-01  3.495196E-01  4.108693E-03  4.108693E-03  4.108693E-03  4.108693E-03  4.108693E-03  2.613625E-04  2.613625E-04  2.613625E-04  2.613625E-04  2.613625E-04  2.613625E-04  2.613625E-04
   -13.1809  1.171738E-02  3.240534E-01  3.240534E-01  3.240534E-01  4.434198E-03  4.434198E-03  4.434198E-03  4.434198E-03  4.434198E-03  2.812341E-04  2.812341E-04  2.812341E-04  2.812341E-04  2.812341E-04  2.812341E-04  2.812341E-04  1.172994E-02  3.235954E-01  3.235954E-01  3.235954E-01  4.455041E-03  4.455041E-03  4.455041E-03  4.455041E-03  4.455041E-03  2.825076E-04  2.825076E-04  2.825076E-04  2.825076E-04  2.825076E-04  2.825076E-04  2.825076E-04
   -12.9397  1.177441E-02  3.013342E-01  3.013342E-01  3.013342E-01  4.795714E-03  4.795714E-03  4.795714E-03  4.795714E-03  4.795714E-03  3.040009E-04  3.040009E-04  3.040009E-04  3.040009E-04  3.040009E-04  3.040009E-04  3.040009E-04  1.178669E-02  3.009620E-01  3.009620E-01  3.009620E-01  4.817551E-03  4.817551E-03  4.817551E-03  4.817551E-03  4.817551E-03  3.053775E-04  3.053775E-04  3.053775E-04  3.053775E-04  3.053775E-04  3.053775E-04  3.053775E-04
   -12.6985  1.182861E-02  2.813782E-01  2.813782E-01  2.813782E-01  5.173431E-03  5.173431E-03  5.173431E-03  5.173431E-03  5.173431E-03  3.285603E-04  3.285603E-04  3.285603E-04  3.285603E-04  3.285603E-04  3.285603E-04  3.285603E-04  1.184062E-02  2.810748E-01  2.810748E-01  2.810748E-01  5.196270E-03  5.196270E-03  5.196270E-03  5.196270E-03  5.196270E-03  3.300441E-04  3.300441E-04  3.300441E-04  3.300441E-04  3.300441E-04  3.300441E-04  3.300441E-04
   -12.4573  1.188030E-02  2.637428E-01  2.637428E-01  2.637428E-01  5.567385E-03  5.567385E-03  5.567385E-03  5.567385E-03  5.567385E-03  3.549838E-04  3.549838E-04  3.549838E-04  3.549838E-04  3.549838E-04  3.549838E-04  3.549838E-04  1.189206E-02  2.634951E-01  2.634951E-01  2.634951E-01  5.591231E-03  5.591231E-03  5.591231E-03  5.591231E-03  5.591231E-03  3.565794E-04  3.565794E-04  3.565794E-04  3.565794E-04  3.565794E-04  3.565794E-04  3.565794E-04
   -12.2161  1.192981E-02  2.480695E-01  2.480695E-01  2.480695E-01  5.977599E-03  5.977599E-03  5.977599E-03  5.977599E-03  5.977599E-03  3.833429E-04  3.833429E-04  3.833429E-04  3.833429E-04  3.833429E-04  3.833429E-04  3.833429E-04  1.194133E-02  2.478672E-01  2.478672E-01  2.478672E-01  6.002457E-03  6.002457E-03  6.002457E-03  6.002457E-03  6.002457E-03  3.850546E-04  3.850546E-04  3.850546E-04  3.850546E-04  3.850546E-04  3.850546E-04  3.850546E-04
   -11.9749  1.197738E-02  2.340664E-01  2.340664E-01  2.340664E-01  6.404084E-03  6.404084E-03  6.404084E-03  6.404084E-03  6.404084E-03  4.137083E-04  4.137083E-04  4.137083E-04  4.137083E-04  4.137083E-04  4.137083E-04  4.137083E-04  1.198869E-02  2.339013E-01  2.339013E-01  2.339013E-01  6.429959E-03  6.429959E-03  6.429959E-03  6.429959E-03  6.429959E-03  4.155404E-04  4.155404E-04  4.155404E-04  4.155404E-04  4.155404E-04  4.155404E-04  4.155404E-04
   -11.7337  1.202327E-02  2.214942E-01  2.214942E-01  2.214942E-01  6.846825E-03  6.846825E-03  6.846825E-03  6.846825E-03  6.846825E-03  4.461503E-04  4.461503E-04  4.461503E-04  4.461503E-04  4.461503E-04  4.461503E-04  4.461503E-04  1.203437E-02  2.213597E-01  2.213597E-01  2.213597E-01  6.873739E-03  6.873739E-03  6.873739E-03  6.873739E-03  6.873739E-03  4.481071E-04  4.481071E-04  4.481071E-04  4.481071E-04  4.481071E-04  4.481071E-04  4.481071E-04
   -11.4925  1.206770E-02  2.101551E-01  2.101551E-01  2.101551E-01  7.305850E-03  7.305850E-03  7.305850E-03  7.305850E-03  7.305850E-03  4.807383E-04  4.807383E-04  4.807383E-04  4.807383E-04  4.807383E-04  4.807383E-04  4.807383E-04  1.207861E-02  2.100462E-01  2.100462E-01  2.100462E-01  7.333790E-03  7.333790E-03  7.333790E-03  7.333790E-03  7.333790E-03  4.828242E-04  4.828242E-04  4.828242E-04  4.828242E-04  4.828242E-04  4.828242E-04  4.828242E-04
   -11.2513  1.211086E-02  1.998851E-01  1.998851E-01  1.998851E-01  7.781124E-03  7.781124E-03  7.781124E-03  7.781124E-03  7.781124E-03  5.175415E-04  5.175415E-04  5.175415E-04  5.175415E-04  5.175415E-04  5.175415E-04  5.175415E-04  1.212160E-02  1.997975E-01  1.997975E-01  1.997975E-01  7.810094E-03  7.810094E-03  7.810094E-03  7.810094E-03  7.810094E-03  5.197608E-04  5.197608E-04  5.197608E-04  5.197608E-04  5.197608E-04  5.197608E-04  5.197608E-04
   -11.0101  1.215294E-02  1.905470E-01  1.905470E-01  1.905470E-01  8.272622E-03  8.272622E-03  8.272622E-03  8.272622E-03  8.272622E-03  5.566281E-04  5.566281E-04  5.566281E-04  5.566281E-04  5.566281E-04  5.566281E-04  5.566281E-04  1.216350E-02  1.904772E-01  1.904772E-01  1.904772E-01  8.302624E-03  8.302624E-03  8.302624E-03  8.302624E-03  8.302624E-03  5.589875E-04  5.589875E-04  5.589875E-04  5.589875E-04  5.589875E-04  5.589875E-04  5.589875E-04
   -10.7688  1.219410E-02  1.820253E-01  1.820253E-01  1.820253E-01  8.780309E-03  8.780309E-03  8.780309E-03  8.780309E-03  8.780309E-03  5.980657E-04  5.980657E-04  5.980657E-04  5.980657E-04  5.980657E-04  5.980657E-04  5.980657E-04  1.220450E-02  1.819705E-01  1.819705E-01  1.819705E-01  8.811321E-03  8.811321E-03  8.811321E-03  8.811321E-03  8.811321E-03  6.005671E-04  6.005671E-04  6.005671E-04  6.005671E-04  6.005671E-04  6.005671E-04  6.005671E-04
   -10.5276  1.223446E-02  1.742226E-01  1.742226E-01  1.742226E-01  9.304140E-03  9.304140E-03  9.304140E-03  9.304140E-03  9.304140E-03  6.419210E-04  6.419210E-04  6.419210E-04  6.419210E-04  6.419210E-04  6.419210E-04  6.419210E-04  1.224471E-02  1.741805E-01  1.741805E-01  1.741805E-01  9.336187E-03  9.336187E-03  9.336187E-03  9.336187E-03  9.336187E-03  6.445687E-04  6.445687E-04  6.445687E-04  6.445687E-04  6.445687E-04  6.445687E-04  6.445687E-04
   -10.2864  1.227418E-02  1.670558E-01  1.670558E-01  1.670558E-01  9.844064E-03  9.844064E-03  9.844064E-03  9.844064E-03  9.844064E-03  6.882602E-04  6.882602E-04  6.882602E-04  6.882602E-04  6.882602E-04  6.882602E-04  6.882602E-04  1.228428E-02  1.670244E-01  1.670244E-01  1.670244E-01  9.877146E-03  9.877146E-03  9.877146E-03  9.877146E-03  9.877146E-03  6.910584E-04  6.910584E-04  6.910584E-04  6.910584E-04  6.910584E-04  6.910584E-04  6.910584E-04
   -10.0452  1.231336E-02  1.604539E-01  1.604539E-01  1.604539E-01  1.040002E-02  1.040002E-02  1.040002E-02  1.040002E-02  1.040002E-02  7.371482E-04  7.371482E-04  7.371482E-04  7.371482E-04  7.371482E-04  7.371482E-04  7.371482E-04  1.232333E-02  1.604317E-01  1.604317E-01  1.604317E-01  1.043414E-02  1.043414E-02  1.043414E-02  1.043414E-02  1.043414E-02  7.401011E-04  7.401011E-04  7.401011E-04  7.401011E-04  7.401011E-04  7.401011E-04  7.401011E-04
    -9.8040  1.235210E-02  1.543560E-01  1.543560E-01  1.543560E-01  1.097194E-02  1.097194E-02  1.097194E-02  1.097194E-02  1.097194E-02  7.886497E-04  7.886497E-04  7.886497E-04  7.886497E-04  7.886497E-04  7.886497E-04  7.886497E-04  1.236194E-02  1.543417E-01  1.543417E-01  1.543417E-01  1.100709E-02  1.100709E-02  1.100709E-02  1.100709E-02  1.100709E-02  7.917614E-04  7.917614E-04  7.917614E-04  7.917614E-04  7.917614E-04  7.917614E-04  7.917614E-04
    -9.5628  1.239051E-02  1.487095E-01  1.487095E-01  1.487095E-01  1.155975E-02  1.155975E-02  1.155975E-02  1.155975E-02  1.155975E-02  8.428279E-04  8.428279E-04  8.428279E-04  8.428279E-04  8.428279E-04  8.428279E-04  8.428279E-04  1.240023E-02  1.487019E-01  1.487019E-01  1.487019E-01  1.159594E-02  1.159594E-02  1.159594E-02  1.159594E-02  1.159594E-02  8.461026E-04  8.461026E-04  8.461026E-04  8.461026E-04  8.461026E-04  8.461026E-04  8.461026E-04
    -9.3216  1.242866E-02  1.434687E-01  1.434687E-01  1.434687E-01  1.216336E-02  1.216336E-02  1.216336E-02  1.216336E-02  1.216336E-02  8.997456E-04  8.997456E-04  8.997456E-04  8.997456E-04  8.997456E-04  8.997456E-04  8.997456E-04  1.243827E-02  1.434669E-01  1.434669E-01  1.434669E-01  1.220058E-02  1.220058E-02  1.220058E-02  1.220058E-02  1.220058E-02  9.031873E-04  9.031873E-04  9.031873E-04  9.031873E-04  9.031873E-04  9.031873E-04  9.031873E-04
    -9.0804  1.246665E-02  1.385940E-01  1.385940E-01  1.385940E-01  1.278268E-02  1.278268E-02  1.278268E-02  1.278268E-02  1.278268E-02  9.594643E-04  9.594643E-04  9.594643E-04  9.594643E-04  9.594643E-04  9.594643E-04  9.594643E-04  1.247614E-02  1.385971E-01  1.385971E-01  1.385971E-01  1.282090E-02  1.282090E-02  1.282090E-02  1.282090E-02  1.282090E-02  9.630771E-04  9.630771E-04  9.630771E-04  9.630771E-04  9.630771E-04  9.630771E-04  9.630771E-04
    -8.8392  1.250452E-02  1.340504E-01  1.340504E-01  1.340504E-01  1.341762E-02  1.341762E-02  1.341762E-02  1.341762E-02  1.341762E-02  1.022045E-03  1.022045E-03  1.022045E-03  1.022045E-03  1.022045E-03  1.022045E-03  1.022045E-03  1.251391E-02  1.340578E-01  1.340578E-01  1.340578E-01  1.345687E-02  1.345687E-02  1.345687E-02  1.345687E-02  1.345687E-02  1.025833E-03  1.025833E-03  1.025833E-03  1.025833E-03  1.025833E-03  1.025833E-03  1.025833E-03
    -8.5980  1.254235E-02  1.298075E-01  1.298075E-01  1.298075E-01  1.406806E-02  1.406806E-02  1.406806E-02  1.406806E-02  1.406806E-02  1.087547E-03  1.087547E-03  1.087547E-03  1.087547E-03  1.087547E-03  1.087547E-03  1.087547E-03  1.255164E-02  1.298186E-01  1.298186E-01  1.298186E-01  1.410834E-02  1.410834E-02  1.410834E-02  1.410834E-02  1.410834E-02  1.091514E-03  1.091514E-03  1.091514E-03  1.091514E-03  1.091514E-03  1.091514E-03  1.091514E-03
    -8.3568  1.258019E-02  1.258384E-01  1.258384E-01  1.258384E-01  1.473390E-02  1.473390E-02  1.473390E-02  1.473390E-02  1.473390E-02  1.156030E-03  1.156030E-03  1.156030E-03  1.156030E-03  1.156030E-03  1.156030E-03  1.156030E-03  1.258939E-02  1.258527E-01  1.258527E-01  1.258527E-01  1.477521E-02  1.477521E-02  1.477521E-02  1.477521E-02  1.477521E-02  1.160180E-03  1.160180E-03  1.160180E-03  1.160180E-03  1.160180E-03  1.160180E-03  1.160180E-03
    -8.1156  1.261809E-02  1.221193E-01  1.221193E-01  1.221193E-01  1.541502E-02  1.541502E-02  1.541502E-02  1.541502E-02  1.541502E-02  1.227550E-03  1.227550E-03  1.227550E-03  1.227550E-03  1.227550E-03  1.227550E-03  1.227550E-03  1.262720E-02  1.221363E-01  1.221363E-01  1.221363E-01  1.545734E-02  1.545734E-02  1.545734E-02  1.545734E-02  1.545734E-02  1.231887E-03  1.231887E-03  1.231887E-03  1.231887E-03  1.231887E-03  1.231887E-03  1.231887E-03
    -7.8744  1.265609E-02  1.186291E-01  1.186291E-01  1.186291E-01  1.611129E-02  1.611129E-02  1.611129E-02  1.611129E-02  1.611129E-02  1.302166E-03  1.302166E-03  1.302166E-03  1.302166E-03  1.302166E-03  1.302166E-03  1.302166E-03  1.266512E-02  1.186485E-01  1.186485E-01  1.186485E-01  1.615463E-02  1.615463E-02  1.615463E-02  1.615463E-02  1.615463E-02  1.306694E-03  1.306694E-03  1.306694E-03  1.306694E-03  1.306694E-03  1.306694E-03  1.306694E-03
    -7.6332  1.269424E-02  1.153490E-01  1.153490E-01  1.153490E-01  1.682257E-02  1.682257E-02  1.682257E-02  1.682257E-02  1.682257E-02  1.379933E-03  1.379933E-03  1.379933E-03  1.379933E-03  1.379933E-03  1.379933E-03  1.379933E-03  1.270318E-02  1.153704E-01  1.153704E-01  1.153704E-01  1.686692E-02  1.686692E-02  1.686692E-02  1.686692E-02  1.686692E-02  1.384655E-03  1.384655E-03  1.384655E-03  1.384655E-03  1.384655E-03  1.384655E-03  1.384655E-03
    -7.3920  1.273257E-02  1.122621E-01  1.122621E-01  1.122621E-01  1.754873E-02  1.754873E-02  1.754873E-02  1.754873E-02  1.754873E-02  1.460905E-03  1.460905E-03  1.460905E-03  1.460905E-03  1.460905E-03  1.460905E-03  1.460905E-03  1.274143E-02  1.122854E-01  1.122854E-01  1.122854E-01  1.759409E-02  1.759409E-02  1.759409E-02  1.759409E-02  1.759409E-02  1.465826E-03  1.465826E-03  1.465826E-03  1.465826E-03  1.465826E-03  1.465826E-03  1.465826E-03
    -7.1508  1.277110E-02  1.093536E-01  1.093536E-01  1.093536E-01  1.828962E-02  1.828962E-02  1.828962E-02  1.828962E-02  1.828962E-02  1.545137E-03  1.545137E-03  1.545137E-03  1.545137E-03  1.545137E-03  1.545137E-03  1.545137E-03  1.277989E-02  1.093784E-01  1.093784E-01  1.093784E-01  1.833598E-02  1.833598E-02  1.833598E-02  1.833598E-02  1.833598E-02  1.550259E-03  1.550259E-03  1.550259E-03  1.550259E-03  1.550259E-03  1.550259E-03  1.550259E-03
    -6.9095  1.280987E-02  1.066098E-01  1.066098E-01  1.066098E-01  1.904509E-02  1.904509E-02  1.904509E-02  1.904509E-02  1.904509E-02  1.632680E-03  1.632680E-03  1.632680E-03  1.632680E-03  1.632680E-03  1.632680E-03  1.632680E-03  1.281858E-02  1.066359E-01  1.066359E-01  1.066359E-01  1.909244E-02  1.909244E-02  1.909244E-02  1.909244E-02  1.909244E-02  1.638009E-03  1.638009E-03  1.638009E-03  1.638009E-03  1.638009E-03  1.638009E-03  1.638009E-03
    -6.6683  1.284890E-02  1.040186E-01  1.040186E-01  1.040186E-01  1.981498E-02  1.981498E-02  1.981498E-02  1.981498E-02  1.981498E-02  1.723587E-03  1.723587E-03  1.723587E-03  1.723587E-03  1.723587E-03  1.723587E-03  1.723587E-03  1.285754E-02  1.040459E-01  1.040459E-01  1.040459E-01  1.986332E-02  1.986332E-02  1.986332E-02  1.986332E-02  1.986332E-02  1.729125E-03  1.729125E-03  1.729125E-03  1.729125E-03  1.729125E-03  1.729125E-03  1.729125E-03
    -6.4271  1.288821E-02  1.015690E-01  1.015690E-01  1.015690E-01  2.059912E-02  2.059912E-02  2.059912E-02  2.059912E-02  2.059912E-02  1.817908E-03  1.817908E-03  1.817908E-03  1.817908E-03  1.817908E-03  1.817908E-03  1.817908E-03  1.289678E-02  1.015973E-01  1.015973E-01  1.015973E-01  2.064845E-02  2.064845E-02  2.064845E-02  2.064845E-02  2.064845E-02  1.823659E-03  1.823659E-03  1.823659E-03  1.823659E-03  1.823659E-03  1.823659E-03  1.823659E-03
    -6.1859  1.292781E-02  9.925110E-02  9.925110E-02  9.925110E-02  2.139735E-02  2.139735E-02  2.139735E-02  2.139735E-02  2.139735E-02  1.915693E-03  1.915693E-03  1.915693E-03  1.915693E-03  1.915693E-03  1.915693E-03  1.915693E-03  1.293632E-02  9.928026E-02  9.928026E-02  9.928026E-02  2.144765E-02  2.144765E-02  2.144765E-02  2.144765E-02  2.144765E-02  1.921660E-03  1.921660E-03  1.921660E-03  1.921660E-03  1.921660E-03  1.921660E-03  1.921660E-03
    -5.9447  1.296773E-02  9.705586E-02  9.705586E-02  9.705586E-02  2.220949E-02  2.220949E-02  2.220949E-02  2.220949E-02  2.220949E-02  2.016989E-03  2.016989E-03  2.016989E-03  2.016989E-03  2.016989E-03  2.016989E-03  2.016989E-03  1.297618E-02  9.708575E-02  9.708575E-02  9.708575E-02  2.226076E-02  2.226076E-02  2.226076E-02  2.226076E-02  2.226076E-02  2.023177E-03  2.023177E-03  2.023177E-03  2.023177E-03  2.023177E-03  2.023177E-03  2.023177E-03
    -5.7035  1.300797E-02  9.497507E-02  9.497507E-02  9.497507E-02  2.303535E-02  2.303535E-02  2.303535E-02  2.303535E-02  2.303535E-02  2.121854E-03  2.121854E-03  2.121854E-03  2.121854E-03  2.121854E-03  2.121854E-03  2.121854E-03  1.301636E-02  9.500559E-02  9.500559E-02  9.500559E-02  2.308757E-02  2.308757E-02  2.308757E-02  2.308757E-02  2.308757E-02  2.128256E-03  2.128256E-03  2.128256E-03  2.128256E-03  2.128256E-03  2.128256E-03  2.128256E-03
    -5.4623  1.304854E-02  9.300126E-02  9.300126E-02  9.300126E-02  2.387475E-02  2.387475E-02  2.387475E-02  2.387475E-02  2.387475E-02  2.230315E-03  2.230315E-03  2.230315E-03  2.230315E-03  2.230315E-03  2.230315E-03  2.230315E-03  1.305688E-02  9.303232E-02  9.303232E-02  9.303232E-02  2.392792E-02  2.392792E-02  2.392792E-02  2.392792E-02  2.392792E-02  2.236943E-03  2.236943E-03  2.236943E-03  2.236943E-03  2.236943E-03  2.236943E-03  2.236943E-03
    -5.2211  1.308946E-02  9.112760E-02  9.112760E-02  9.112760E-02  2.472749E-02  2.472749E-02  2.472749E-02  2.472749E-02  2.472749E-02  2.342426E-03  2.342426E-03  2.342426E-03  2.342426E-03  2.342426E-03  2.342426E-03  2.342426E-03  1.309774E-02  9.115911E-02  9.115911E-02  9.115911E-02  2.478159E-02  2.478159E-02  2.478159E-02  2.478159E-02  2.478159E-02  2.349284E-03  2.349284E-03  2.349284E-03  2.349284E-03  2.349284E-03  2.349284E-03  2.349284E-03
    -4.9799  1.313073E-02  8.934784E-02  8.934784E-02  8.934784E-02  2.559337E-02  2.559337E-02  2.559337E-02  2.559337E-02  2.559337E-02  2.458231E-03  2.458231E-03  2.458231E-03  2.458231E-03  2.458231E-03  2.458231E-03  2.458231E-03  1.313896E-02  8.937973E-02  8.937973E-02  8.937973E-02  2.564840E-02  2.564840E-02  2.564840E-02  2.564840E-02  2.564840E-02  2.465323E-03  2.465323E-03  2.465323E-03  2.465323E-03  2.465323E-03  2.465323E-03  2.465323E-03
    -4.7387  1.317236E-02  8.765626E-02  8.765626E-02  8.765626E-02  2.647219E-02  2.647219E-02  2.647219E-02  2.647219E-02  2.647219E-02  2.577773E-03  2.577773E-03  2.577773E-03  2.577773E-03  2.577773E-03  2.577773E-03  2.577773E-03  1.318053E-02  8.768846E-02  8.768846E-02  8.768846E-02  2.652814E-02  2.652814E-02  2.652814E-02  2.652814E-02  2.652814E-02  2.585101E-03  2.585101E-03  2.585101E-03  2.585101E-03  2.585101E-03  2.585101E-03  2.585101E-03
    -4.4975  1.321434E-02  8.604758E-02  8.604758E-02  8.604758E-02  2.736374E-02  2.736374E-02  2.736374E-02  2.736374E-02  2.736374E-02  2.701094E-03  2.701094E-03  2.701094E-03  2.701094E-03  2.701094E-03  2.701094E-03  2.701094E-03  1.322246E-02  8.608004E-02  8.608004E-02  8.608004E-02  2.742059E-02  2.742059E-02  2.742059E-02  2.742059E-02  2.742059E-02  2.708662E-03  2.708662E-03  2.708662E-03  2.708662E-03  2.708662E-03  2.708662E-03  2.708662E-03
    -4.2563  1.325668E-02  8.451696E-02  8.451696E-02  8.451696E-02  2.826779E-02  2.826779E-02  2.826779E-02  2.826779E-02  2.826779E-02  2.828234E-03  2.828234E-03  2.828234E-03  2.828234E-03  2.828234E-03  2.828234E-03  2.828234E-03  1.326475E-02  8.454962E-02  8.454962E-02  8.454962E-02  2.832554E-02  2.832554E-02  2.832554E-02  2.832554E-02  2.832554E-02  2.836044E-03  2.836044E-03  2.836044E-03  2.836044E-03  2.836044E-03  2.836044E-03  2.836044E-03
    -4.0151  1.329939E-02  8.305992E-02  8.305992E-02  8.305992E-02  2.918413E-02  2.918413E-02  2.918413E-02  2.918413E-02  2.918413E-02  2.959232E-03  2.959232E-03  2.959232E-03  2.959232E-03  2.959232E-03  2.959232E-03  2.959232E-03  1.330741E-02  8.309276E-02  8.309276E-02  8.309276E-02  2.924276E-02  2.924276E-02  2.924276E-02  2.924276E-02  2.924276E-02  2.967289E-03  2.967289E-03  2.967289E-03  2.967289E-03  2.967289E-03  2.967289E-03  2.967289E-03
    -3.7739  1.334245E-02  8.167235E-02  8.167235E-02  8.167235E-02  3.011254E-02  3.011254E-02  3.011254E-02  3.011254E-02  3.011254E-02  3.094127E-03  3.094127E-03  3.094127E-03  3.094127E-03  3.094127E-03  3.094127E-03  3.094127E-03  1.335043E-02  8.170531E-02  8.170531E-02  8.170531E-02  3.017203E-02  3.017203E-02  3.017203E-02  3.017203E-02  3.017203E-02  3.102433E-03  3.102433E-03  3.102433E-03  3.102433E-03  3.102433E-03  3.102433E-03  3.102433E-03
    -3.5327  1.338587E-02  8.035042E-02  8.035042E-02  8.035042E-02  3.105277E-02  3.105277E-02  3.105277E-02  3.105277E-02  3.105277E-02  3.232956E-03  3.232956E-03  3.232956E-03  3.232956E-03  3.232956E-03  3.232956E-03  3.232956E-03  1.339380E-02  8.038347E-02  8.038347E-02  8.038347E-02  3.111312E-02  3.111312E-02  3.111312E-02  3.111312E-02  3.111312E-02  3.241514E-03  3.241514E-03  3.241514E-03  3.241514E-03  3.241514E-03  3.241514E-03  3.241514E-03
    -3.2915  1.342965E-02  7.909059E-02  7.909059E-02  7.909059E-02  3.200460E-02  3.200460E-02  3.200460E-02  3.200460E-02  3.200460E-02  3.375754E-03  3.375754E-03  3.375754E-03  3.375754E-03  3.375754E-03  3.375754E-03  3.375754E-03  1.343754E-02  7.912371E-02  7.912371E-02  7.912371E-02  3.206578E-02  3.206578E-02  3.206578E-02  3.206578E-02  3.206578E-02  3.384567E-03  3.384567E-03  3.384567E-03  3.384567E-03  3.384567E-03  3.384567E-03  3.384567E-03
    -3.0503  1.347377E-02  7.788958E-02  7.788958E-02  7.788958E-02  3.296778E-02  3.296778E-02  3.296778E-02  3.296778E-02  3.296778E-02  3.522558E-03  3.522558E-03  3.522558E-03  3.522558E-03  3.522558E-03  3.522558E-03  3.522558E-03  1.348162E-02  7.792273E-02  7.792273E-02  7.792273E-02  3.302978E-02  3.302978E-02  3.302978E-02  3.302978E-02  3.302978E-02  3.531629E-03  3.531629E-03  3.531629E-03  3.531629E-03  3.531629E-03  3.531629E-03  3.531629E-03
    -2.8090  1.351824E-02  7.674434E-02  7.674434E-02  7.674434E-02  3.394206E-02  3.394206E-02  3.394206E-02  3.394206E-02  3.394206E-02  3.673399E-03  3.673399E-03  3.673399E-03  3.673399E-03  3.673399E-03  3.673399E-03  3.673399E-03  1.352605E-02  7.677750E-02  7.677750E-02  7.677750E-02  3.400487E-02  3.400487E-02  3.400487E-02  3.400487E-02  3.400487E-02  3.682732E-03  3.682732E-03  3.682732E-03  3.682732E-03  3.682732E-03  3.682732E-03  3.682732E-03
    -2.5678  1.356306E-02  7.565202E-02  7.565202E-02  7.565202E-02  3.492719E-02  3.492719E-02  3.492719E-02  3.492719E-02  3.492719E-02  3.828312E-03  3.828312E-03  3.828312E-03  3.828312E-03  3.828312E-03  3.828312E-03  3.828312E-03  1.357082E-02  7.568517E-02  7.568517E-02  7.568517E-02  3.499079E-02  3.499079E-02  3.499079E-02  3.499079E-02  3.499079E-02  3.837908E-03  3.837908E-03  3.837908E-03  3.837908E-03  3.837908E-03  3.837908E-03  3.837908E-03
    -2.3266  1.360821E-02  7.460998E-02  7.460998E-02  7.460998E-02  3.592292E-02  3.592292E-02  3.592292E-02  3.592292E-02  3.592292E-02  3.987327E-03  3.987327E-03  3.987327E-03  3.987327E-03  3.987327E-03  3.987327E-03  3.987327E-03  1.361593E-02  7.464310E-02  7.464310E-02  7.464310E-02  3.598730E-02  3.598730E-02  3.598730E-02  3.598730E-02  3.598730E-02  3.997190E-03  3.997190E-03  3.997190E-03  3.997190E-03  3.997190E-03  3.997190E-03  3.997190E-03
    -2.0854  1.365369E-02  7.361574E-02  7.361574E-02  7.361574E-02  3.692898E-02  3.692898E-02  3.692898E-02  3.692898E-02  3.692898E-02  4.150475E-03  4.150475E-03  4.150475E-03  4.150475E-03  4.150475E-03  4.150475E-03  4.150475E-03  1.366137E-02  7.364882E-02  7.364882E-02  7.364882E-02  3.699412E-02  3.699412E-02  3.699412E-02  3.699412E-02  3.699412E-02  4.160608E-03  4.160608E-03  4.160608E-03  4.160608E-03  4.160608E-03  4.160608E-03  4.160608E-03
    -1.8442  1.369949E-02  7.266698E-02  7.266698E-02  7.266698E-02  3.794512E-02  3.794512E-02  3.794512E-02  3.794512E-02  3.794512E-02  4.317785E-03  4.317785E-03  4.317785E-03  4.317785E-03  4.317785E-03  4.317785E-03  4.317785E-03  1.370714E-02  7.270001E-02  7.270001E-02  7.270001E-02  3.801100E-02  3.801100E-02  3.801100E-02  3.801100E-02  3.801100E-02  4.328190E-03  4.328190E-03  4.328190E-03  4.328190E-03  4.328190E-03  4.328190E-03  4.328190E-03
    -1.6030  1.374560E-02  7.176153E-02  7.176153E-02  7.176153E-02  3.897105E-02  3.897105E-02  3.897105E-02  3.897105E-02  3.897105E-02  4.489285E-03  4.489285E-03  4.489285E-03  4.489285E-03  4.489285E-03  4.489285E-03  4.489285E-03  1.375321E-02  7.179449E-02  7.179449E-02  7.179449E-02  3.903765E-02  3.903765E-02  3.903765E-02  3.903765E-02  3.903765E-02  4.499964E-03  4.499964E-03  4.499964E-03  4.499964E-03  4.499964E-03  4.499964E-03  4.499964E-03
    -1.3618  1.379202E-02  7.089741E-02  7.089741E-02  7.089741E-02  4.000651E-02  4.000651E-02  4.000651E-02  4.000651E-02  4.000651E-02  4.665002E-03  4.665002E-03  4.665002E-03  4.665002E-03  4.665002E-03  4.665002E-03  4.665002E-03  1.379959E-02  7.093029E-02  7.093029E-02  7.093029E-02  4.007381E-02  4.007381E-02  4.007381E-02  4.007381E-02  4.007381E-02  4.675959E-03  4.675959E-03  4.675959E-03  4.675959E-03  4.675959E-03  4.675959E-03  4.675959E-03
    -1.1206  1.383873E-02  7.007268E-02  7.007268E-02  7.007268E-02  4.105121E-02  4.105121E-02  4.105121E-02  4.105121E-02  4.105121E-02  4.844961E-03  4.844961E-03  4.844961E-03  4.844961E-03  4.844961E-03  4.844961E-03  4.844961E-03  1.384627E-02  7.010547E-02  7.010547E-02  7.010547E-02  4.111921E-02  4.111921E-02  4.111921E-02  4.111921E-02  4.111921E-02  4.856198E-03  4.856198E-03  4.856198E-03  4.856198E-03  4.856198E-03  4.856198E-03  4.856198E-03
    -0.8794  1.388573E-02  6.928557E-02  6.928557E-02  6.928557E-02  4.210488E-02  4.210488E-02  4.210488E-02  4.210488E-02  4.210488E-02  5.029188E-03  5.029188E-03  5.029188E-03  5.029188E-03  5.029188E-03  5.029188E-03  5.029188E-03  1.389324E-02  6.931826E-02  6.931826E-02  6.931826E-02  4.217354E-02  4.217354E-02  4.217354E-02  4.217354E-02  4.217354E-02  5.040707E-03  5.040707E-03  5.040707E-03  5.040707E-03  5.040707E-03  5.040707E-03  5.040707E-03
    -0.6382  1.393301E-02  6.853439E-02  6.853439E-02  6.853439E-02  4.316723E-02  4.316723E-02  4.316723E-02  4.316723E-02  4.316723E-02  5.217706E-03  5.217706E-03  5.217706E-03  5.217706E-03  5.217706E-03  5.217706E-03  5.217706E-03  1.394048E-02  6.856698E-02  6.856698E-02  6.856698E-02  4.323654E-02  4.323654E-02  4.323654E-02  4.323654E-02  4.323654E-02  5.229510E-03  5.229510E-03  5.229510E-03  5.229510E-03  5.229510E-03  5.229510E-03  5.229510E-03
    -0.3970  1.398056E-02  6.781756E-02  6.781756E-02  6.781756E-02  4.423797E-02  4.423797E-02  4.423797E-02  4.423797E-02  4.423797E-02  5.410537E-03  5.410537E-03  5.410537E-03  5.410537E-03  5.410537E-03  5.410537E-03  5.410537E-03  1.398799E-02  6.785004E-02  6.785004E-02  6.785004E-02  4.430790E-02  4.430790E-02  4.430790E-02  4.430790E-02  4.430790E-02  5.422628E-03  5.422628E-03  5.422628E-03  5.422628E-03  5.422628E-03  5.422628E-03  5.422628E-03
    -0.1558  1.402837E-02  6.713360E-02  6.713360E-02  6.713360E-02  4.531680E-02  4.531680E-02  4.531680E-02  4.531680E-02  4.531680E-02  5.607702E-03  5.607702E-03  5.607702E-03  5.607702E-03  5.607702E-03  5.607702E-03  5.607702E-03  1.403577E-02  6.716597E-02  6.716597E-02  6.716597E-02  4.538734E-02  4.538734E-02  4.538734E-02  4.538734E-02  4.538734E-02  5.620083E-03  5.620083E-03  5.620083E-03  5.620083E-03  5.620083E-03  5.620083E-03  5.620083E-03
     0.0854  1.407642E-02  6.648109E-02  6.648109E-02  6.648109E-02  4.640343E-02  4.640343E-02  4.640343E-02  4.640343E-02  4.640343E-02  5.809223E-03  5.809223E-03  5.809223E-03  5.809223E-03  5.809223E-03  5.809223E-03  5.809223E-03  1.408378E-02  6.651334E-02  6.651334E-02  6.651334E-02  4.647453E-02  4.647453E-02  4.647453E-02  4.647453E-02  4.647453E-02  5.821896E-03  5.821896E-03  5.821896E-03  5.821896E-03  5.821896E-03  5.821896E-03  5.821896E-03
     0.3266  1.412471E-02  6.585870E-02  6.585870E-02  6.585870E-02  4.749756E-02  4.749756E-02  4.749756E-02  4.749756E-02  4.749756E-02  6.015117E-03  6.015117E-03  6.015117E-03  6.015117E-03  6.015117E-03  6.015117E-03  6.015117E-03  1.413204E-02  6.589083E-02  6.589083E-02  6.589083E-02  4.756922E-02  4.756922E-02  4.756922E-02  4.756922E-02  4.756922E-02  6.028084E-03  6.028084E-03  6.028084E-03  6.028084E-03  6.028084E-03  6.028084E-03  6.028084E-03
     0.5678  1.417323E-02  6.526519E-02  6.526519E-02  6.526519E-02  4.859888E-02  4.859888E-02  4.859888E-02  4.859888E-02  4.859888E-02  6.225403E-03  6.225403E-03  6.225403E-03  6.225403E-03  6.225403E-03  6.225403E-03  6.225403E-03  1.418052E-02  6.529719E-02  6.529719E-02  6.529719E-02  4.867107E-02  4.867107E-02  4.867107E-02  4.867107E-02  4.867107E-02  6.238666E-03  6.238666E-03  6.238666E-03  6.238666E-03  6.238666E-03  6.238666E-03  6.238666E-03
     0.8090  1.422196E-02  6.469938E-02  6.469938E-02  6.469938E-02  4.970709E-02  4.970709E-02  4.970709E-02  4.970709E-02  4.970709E-02  6.440097E-03  6.440097E-03  6.440097E-03  6.440097E-03  6.440097E-03  6.440097E-03  6.440097E-03  1.422922E-02  6.473123E-02  6.473123E-02  6.473123E-02  4.977979E-02  4.977979E-02  4.977979E-02  4.977979E-02  4.977979E-02  6.453659E-03  6.453659E-03  6.453659E-03  6.453659E-03  6.453659E-03  6.453659E-03  6.453659E-03
     1.0503  1.427090E-02  6.416010E-02  6.416010E-02  6.416010E-02  5.082197E-02  5.082197E-02  5.082197E-02  5.082197E-02  5.082197E-02  6.659216E-03  6.659216E-03  6.659216E-03  6.659216E-03  6.659216E-03  6.659216E-03  6.659216E-03  1.427812E-02  6.419186E-02  6.419186E-02  6.419186E-02  5.089505E-02  5.089505E-02  5.089505E-02  5.089505E-02  5.089505E-02  6.673078E-03  6.673078E-03  6.673078E-03  6.673078E-03  6.673078E-03  6.673078E-03  6.673078E-03
     1.2915  1.432002E-02  6.364630E-02  6.364630E-02  6.364630E-02  5.194301E-02  5.194301E-02  5.194301E-02  5.194301E-02  5.194301E-02  6.882773E-03  6.882773E-03  6.882773E-03  6.882773E-03  6.882773E-03  6.882773E-03  6.882773E-03  1.432722E-02  6.367794E-02  6.367794E-02  6.367794E-02  5.201666E-02  5.201666E-02  5.201666E-02  5.201666E-02  5.201666E-02  6.896939E-03  6.896939E-03  6.896939E-03  6.896939E-03  6.896939E-03  6.896939E-03  6.896939E-03
     1.5327  1.436933E-02  6.315699E-02  6.315699E-02  6.315699E-02  5.306999E-02  5.306999E-02  5.306999E-02  5.306999E-02  5.306999E-02  7.110784E-03  7.110784E-03  7.110784E-03  7.110784E-03  7.110784E-03  7.110784E-03  7.110784E-03  1.437649E-02  6.318848E-02  6.318848E-02  6.318848E-02  5.314407E-02  5.314407E-02  5.314407E-02  5.314407E-02  5.314407E-02  7.125253E-03  7.125253E-03  7.125253E-03  7.125253E-03  7.125253E-03  7.125253E-03  7.125253E-03
     1.7739  1.441881E-02  6.269124E-02  6.269124E-02  6.269124E-02  5.420259E-02  5.420259E-02  5.420259E-02  5.420259E-02  5.420259E-02  7.343259E-03  7.343259E-03  7.343259E-03  7.343259E-03  7.343259E-03  7.343259E-03  7.343259E-03  1.442594E-02  6.272255E-02  6.272255E-02  6.272255E-02  5.427709E-02  5.427709E-02  5.427709E-02  5.427709E-02  5.427709E-02  7.358035E-03  7.358035E-03  7.358035E-03  7.358035E-03  7.358035E-03  7.358035E-03  7.358035E-03
     2.0151  1.446844E-02  6.224804E-02  6.224804E-02  6.224804E-02  5.534049E-02  5.534049E-02  5.534049E-02  5.534049E-02  5.534049E-02  7.580210E-03  7.580210E-03  7.580210E-03  7.580210E-03  7.580210E-03  7.580210E-03  7.580210E-03  1.447554E-02  6.227926E-02  6.227926E-02  6.227926E-02  5.541537E-02  5.541537E-02  5.541537E-02  5.541537E-02  5.541537E-02  7.595295E-03  7.595295E-03  7.595295E-03  7.595295E-03  7.595295E-03  7.595295E-03  7.595295E-03
     2.2563  1.451823E-02  6.182657E-02  6.182657E-02  6.182657E-02  5.648337E-02  5.648337E-02  5.648337E-02  5.648337E-02  5.648337E-02  7.821648E-03  7.821648E-03  7.821648E-03  7.821648E-03  7.821648E-03  7.821648E-03  7.821648E-03  1.452529E-02  6.185766E-02  6.185766E-02  6.185766E-02  5.655861E-02  5.655861E-02  5.655861E-02  5.655861E-02  5.655861E-02  7.837043E-03  7.837043E-03  7.837043E-03  7.837043E-03  7.837043E-03  7.837043E-03  7.837043E-03
     2.4975  1.456814E-02  6.142599E-02  6.142599E-02  6.142599E-02  5.763090E-02  5.763090E-02  5.763090E-02  5.763090E-02  5.763090E-02  8.067582E-03  8.067582E-03  8.067582E-03  8.067582E-03  8.067582E-03  8.067582E-03  8.067582E-03  1.457517E-02  6.145695E-02  6.145695E-02  6.145695E-02  5.770647E-02  5.770647E-02  5.770647E-02  5.770647E-02  5.770647E-02  8.083289E-03  8.083289E-03  8.083289E-03  8.083289E-03  8.083289E-03  8.083289E-03  8.083289E-03
     2.7387  1.461818E-02  6.104552E-02  6.104552E-02  6.104552E-02  5.878280E-02  5.878280E-02  5.878280E-02  5.878280E-02  5.878280E-02  8.318020E-03  8.318020E-03  8.318020E-03  8.318020E-03  8.318020E-03  8.318020E-03  8.318020E-03  1.462518E-02  6.107635E-02  6.107635E-02  6.107635E-02  5.885863E-02  5.885863E-02  5.885863E-02  5.885863E-02  5.885863E-02  8.334040E-03  8.334040E-03  8.334040E-03  8.334040E-03  8.334040E-03  8.334040E-03  8.334040E-03
     2.9799  1.466833E-02  6.068441E-02  6.068441E-02  6.068441E-02  5.993865E-02  5.993865E-02  5.993865E-02  5.993865E-02  5.993865E-02  8.572969E-03  8.572969E-03  8.572969E-03  8.572969E-03  8.572969E-03  8.572969E-03  8.572969E-03  1.467530E-02  6.071510E-02  6.071510E-02  6.071510E-02  6.001475E-02  6.001475E-02  6.001475E-02  6.001475E-02  6.001475E-02  8.589305E-03  8.589305E-03  8.589305E-03  8.589305E-03  8.589305E-03  8.589305E-03  8.589305E-03
     3.2211  1.471858E-02  6.034193E-02  6.034193E-02  6.034193E-02  6.109814E-02  6.109814E-02  6.109814E-02  6.109814E-02  6.109814E-02  8.832435E-03  8.832435E-03  8.832435E-03  8.832435E-03  8.832435E-03  8.832435E-03  8.832435E-03  1.472552E-02  6.037248E-02  6.037248E-02  6.037248E-02  6.117450E-02  6.117450E-02  6.117450E-02  6.117450E-02  6.117450E-02  8.849087E-03  8.849087E-03  8.849087E-03  8.849087E-03  8.849087E-03  8.849087E-03  8.849087E-03
     3.4623  1.476892E-02  6.001739E-02  6.001739E-02  6.001739E-02  6.226097E-02  6.226097E-02  6.226097E-02  6.226097E-02  6.226097E-02  9.096423E-03  9.096423E-03  9.096423E-03  9.096423E-03  9.096423E-03  9.096423E-03  9.096423E-03  1.477582E-02  6.004781E-02  6.004781E-02  6.004781E-02  6.233759E-02  6.233759E-02  6.233759E-02  6.233759E-02  6.233759E-02  9.113394E-03  9.113394E-03  9.113394E-03  9.113394E-03  9.113394E-03  9.113394E-03  9.113394E-03
     3.7035  1.481933E-02  5.971014E-02  5.971014E-02  5.971014E-02  6.342678E-02  6.342678E-02  6.342678E-02  6.342678E-02  6.342678E-02  9.364937E-03  9.364937E-03  9.364937E-03  9.364937E-03  9.364937E-03  9.364937E-03  9.364937E-03  1.482620E-02  5.974043E-02  5.974043E-02  5.974043E-02  6.350359E-02  6.350359E-02  6.350359E-02  6.350359E-02  6.350359E-02  9.382228E-03  9.382228E-03  9.382228E-03  9.382228E-03  9.382228E-03  9.382228E-03  9.382228E-03
     3.9447  1.486981E-02  5.941956E-02  5.941956E-02  5.941956E-02  6.459524E-02  6.459524E-02  6.459524E-02  6.459524E-02  6.459524E-02  9.637980E-03  9.637980E-03  9.637980E-03  9.637980E-03  9.637980E-03  9.637980E-03  9.637980E-03  1.487665E-02  5.944971E-02  5.944971E-02  5.944971E-02  6.467221E-02  6.467221E-02  6.467221E-02  6.467221E-02  6.467221E-02  9.655592E-03  9.655592E-03  9.655592E-03  9.655592E-03  9.655592E-03  9.655592E-03  9.655592E-03
     4.1859  1.492034E-02  5.914502E-02  5.914502E-02  5.914502E-02  6.576601E-02  6.576601E-02  6.576601E-02  6.576601E-02  6.576601E-02  9.915553E-03  9.915553E-03  9.915553E-03  9.915553E-03  9.915553E-03  9.915553E-03  9.915553E-03  1.492714E-02  5.917504E-02  5.917504E-02  5.917504E-02  6.584312E-02  6.584312E-02  6.584312E-02  6.584312E-02  6.584312E-02  9.933488E-03  9.933488E-03  9.933488E-03  9.933488E-03  9.933488E-03  9.933488E-03  9.933488E-03
     4.4271  1.497091E-02  5.888597E-02  5.888597E-02  5.888597E-02  6.693875E-02  6.693875E-02  6.693875E-02  6.693875E-02  6.693875E-02  1.019766E-02  1.019766E-02  1.019766E-02  1.019766E-02  1.019766E-02  1.019766E-02  1.019766E-02  1.497768E-02  5.891585E-02  5.891585E-02  5.891585E-02  6.701597E-02  6.701597E-02  6.701597E-02  6.701597E-02  6.701597E-02  1.021592E-02  1.021592E-02  1.021592E-02  1.021592E-02  1.021592E-02  1.021592E-02  1.021592E-02
     4.6683  1.502152E-02  5.864183E-02  5.864183E-02  5.864183E-02  6.811312E-02  6.811312E-02  6.811312E-02  6.811312E-02  6.811312E-02  1.048429E-02  1.048429E-02  1.048429E-02  1.048429E-02  1.048429E-02  1.048429E-02  1.048429E-02  1.502825E-02  5.867159E-02  5.867159E-02  5.867159E-02  6.819041E-02  6.819041E-02  6.819041E-02  6.819041E-02  6.819041E-02  1.050288E-02  1.050288E-02  1.050288E-02  1.050288E-02  1.050288E-02  1.050288E-02  1.050288E-02
     4.9095  1.507213E-02  5.841209E-02  5.841209E-02  5.841209E-02  6.928884E-02  6.928884E-02  6.928884E-02  6.928884E-02  6.928884E-02  1.077546E-02  1.077546E-02  1.077546E-02  1.077546E-02  1.077546E-02  1.077546E-02  1.077546E-02  1.507883E-02  5.844172E-02  5.844172E-02  5.844172E-02  6.936618E-02  6.936618E-02  6.936618E-02  6.936618E-02  6.936618E-02  1.079437E-02  1.079437E-02  1.079437E-02  1.079437E-02  1.079437E-02  1.079437E-02  1.079437E-02
     5.1508  1.512276E-02  5.819624E-02  5.819624E-02  5.819624E-02  7.046546E-02  7.046546E-02  7.046546E-02  7.046546E-02  7.046546E-02  1.107115E-02  1.107115E-02  1.107115E-02  1.107115E-02  1.107115E-02  1.107115E-02  1.107115E-02  1.512942E-02  5.822574E-02  5.822574E-02  5.822574E-02  7.054280E-02  7.054280E-02  7.054280E-02  7.054280E-02  7.054280E-02  1.109039E-02  1.109039E-02  1.109039E-02  1.109039E-02  1.109039E-02  1.109039E-02  1.109039E-02
     5.3920  1.517338E-02  5.799378E-02  5.799378E-02  5.799378E-02  7.164268E-02  7.164268E-02  7.164268E-02  7.164268E-02  7.164268E-02  1.137137E-02  1.137137E-02  1.137137E-02  1.137137E-02  1.137137E-02  1.137137E-02  1.137137E-02  1.518001E-02  5.802313E-02  5.802313E-02  5.802313E-02  7.172001E-02  7.172001E-02  7.172001E-02  7.172001E-02  7.172001E-02  1.139094E-02  1.139094E-02  1.139094E-02  1.139094E-02  1.139094E-02  1.139094E-02  1.139094E-02
     5.6332  1.522398E-02  5.780418E-02  5.780418E-02  5.780418E-02  7.282017E-02  7.282017E-02  7.282017E-02  7.282017E-02  7.282017E-02  1.167611E-02  1.167611E-02  1.167611E-02  1.167611E-02  1.167611E-02  1.167611E-02  1.167611E-02  1.523058E-02  5.783345E-02  5.783345E-02  5.783345E-02  7.289745E-02  7.289745E-02  7.289745E-02  7.289745E-02  7.289745E-02  1.169601E-02  1.169601E-02  1.169601E-02  1.169601E-02  1.169601E-02  1.169601E-02  1.169601E-02
     5.8744  1.527456E-02  5.762715E-02  5.762715E-02  5.762715E-02  7.399758E-02  7.399758E-02  7.399758E-02  7.399758E-02  7.399758E-02  1.198537E-02  1.198537E-02  1.198537E-02  1.198537E-02  1.198537E-02  1.198537E-02  1.198537E-02  1.528112E-02  5.765626E-02  5.765626E-02  5.765626E-02  7.407478E-02  7.407478E-02  7.407478E-02  7.407478E-02  7.407478E-02  1.200559E-02  1.200559E-02  1.200559E-02  1.200559E-02  1.200559E-02  1.200559E-02  1.200559E-02
     6.1156  1.532509E-02  5.746212E-02  5.746212E-02  5.746212E-02  7.517459E-02  7.517459E-02  7.517459E-02  7.517459E-02  7.517459E-02  1.229913E-02  1.229913E-02  1.229913E-02  1.229913E-02  1.229913E-02  1.229913E-02  1.229913E-02  1.533162E-02  5.749110E-02  5.749110E-02  5.749110E-02  7.525168E-02  7.525168E-02  7.525168E-02  7.525168E-02  7.525168E-02  1.231969E-02  1.231969E-02  1.231969E-02  1.231969E-02  1.231969E-02  1.231969E-02  1.231969E-02
     6.3568  1.537558E-02  5.730871E-02  5.730871E-02  5.730871E-02  7.635082E-02  7.635082E-02  7.635082E-02  7.635082E-02  7.635082E-02  1.261739E-02  1.261739E-02  1.261739E-02  1.261739E-02  1.261739E-02  1.261739E-02  1.261739E-02  1.538207E-02  5.733756E-02  5.733756E-02  5.733756E-02  7.642777E-02  7.642777E-02  7.642777E-02  7.642777E-02  7.642777E-02  1.263828E-02  1.263828E-02  1.263828E-02  1.263828E-02  1.263828E-02  1.263828E-02  1.263828E-02
     6.5980  1.542601E-02  5.716650E-02  5.716650E-02  5.716650E-02  7.752595E-02  7.752595E-02  7.752595E-02  7.752595E-02  7.752595E-02  1.294015E-02  1.294015E-02  1.294015E-02  1.294015E-02  1.294015E-02  1.294015E-02  1.294015E-02  1.543246E-02  5.719523E-02  5.719523E-02  5.719523E-02  7.760273E-02  7.760273E-02  7.760273E-02  7.760273E-02  7.760273E-02  1.296137E-02  1.296137E-02  1.296137E-02  1.296137E-02  1.296137E-02  1.296137E-02  1.296137E-02
     6.8392  1.547636E-02  5.703512E-02  5.703512E-02  5.703512E-02  7.869964E-02  7.869964E-02  7.869964E-02  7.869964E-02  7.869964E-02  1.326739E-02  1.326739E-02  1.326739E-02  1.326739E-02  1.326739E-02  1.326739E-02  1.326739E-02  1.548278E-02  5.706372E-02  5.706372E-02  5.706372E-02  7.877622E-02  7.877622E-02  7.877622E-02  7.877622E-02  7.877622E-02  1.328895E-02  1.328895E-02  1.328895E-02  1.328895E-02  1.328895E-02  1.328895E-02  1.328895E-02
     7.0804  1.552664E-02  5.691418E-02  5.691418E-02  5.691418E-02  7.987155E-02  7.987155E-02  7.987155E-02  7.987155E-02  7.987155E-02  1.359911E-02  1.359911E-02  1.359911E-02  1.359911E-02  1.359911E-02  1.359911E-02  1.359911E-02  1.553302E-02  5.694265E-02  5.694265E-02  5.694265E-02  7.994789E-02  7.994789E-02  7.994789E-02  7.994789E-02  7.994789E-02  1.362100E-02  1.362100E-02  1.362100E-02  1.362100E-02  1.362100E-02  1.362100E-02  1.362100E-02
     7.3216  1.557682E-02  5.680333E-02  5.680333E-02  5.680333E-02  8.104134E-02  8.104134E-02  8.104134E-02  8.104134E-02  8.104134E-02  1.393529E-02  1.393529E-02  1.393529E-02  1.393529E-02  1.393529E-02  1.393529E-02  1.393529E-02  1.558316E-02  5.683168E-02  5.683168E-02  5.683168E-02  8.111742E-02  8.111742E-02  8.111742E-02  8.111742E-02  8.111742E-02  1.395751E-02  1.395751E-02  1.395751E-02  1.395751E-02  1.395751E-02  1.395751E-02  1.395751E-02
     7.5628  1.562689E-02  5.670221E-02  5.670221E-02  5.670221E-02  8.220868E-02  8.220868E-02  8.220868E-02  8.220868E-02  8.220868E-02  1.427591E-02  1.427591E-02  1.427591E-02  1.427591E-02  1.427591E-02  1.427591E-02  1.427591E-02  1.563320E-02  5.673043E-02  5.673043E-02  5.673043E-02  8.228445E-02  8.228445E-02  8.228445E-02  8.228445E-02  8.228445E-02  1.429848E-02  1.429848E-02  1.429848E-02  1.429848E-02  1.429848E-02  1.429848E-02  1.429848E-02
     7.8040  1.567686E-02  5.661048E-02  5.661048E-02  5.661048E-02  8.337322E-02  8.337322E-02  8.337322E-02  8.337322E-02  8.337322E-02  1.462098E-02  1.462098E-02  1.462098E-02  1.462098E-02  1.462098E-02  1.462098E-02  1.462098E-02  1.568314E-02  5.663857E-02  5.663857E-02  5.663857E-02  8.344867E-02  8.344867E-02  8.344867E-02  8.344867E-02  8.344867E-02  1.464388E-02  1.464388E-02  1.464388E-02  1.464388E-02  1.464388E-02  1.464388E-02  1.464388E-02
     8.0452  1.572670E-02  5.652781E-02  5.652781E-02  5.652781E-02  8.453464E-02  8.453464E-02  8.453464E-02  8.453464E-02  8.453464E-02  1.497047E-02  1.497047E-02  1.497047E-02  1.497047E-02  1.497047E-02  1.497047E-02  1.497047E-02  1.573294E-02  5.655578E-02  5.655578E-02  5.655578E-02  8.460973E-02  8.460973E-02  8.460973E-02  8.460973E-02  8.460973E-02  1.499371E-02  1.499371E-02  1.499371E-02  1.499371E-02  1.499371E-02  1.499371E-02  1.499371E-02
     8.2864  1.577641E-02  5.645389E-02  5.645389E-02  5.645389E-02  8.569260E-02  8.569260E-02  8.569260E-02  8.569260E-02  8.569260E-02  1.532437E-02  1.532437E-02  1.532437E-02  1.532437E-02  1.532437E-02  1.532437E-02  1.532437E-02  1.578260E-02  5.648173E-02  5.648173E-02  5.648173E-02  8.576729E-02  8.576729E-02  8.576729E-02  8.576729E-02  8.576729E-02  1.534795E-02  1.534795E-02  1.534795E-02  1.534795E-02  1.534795E-02  1.534795E-02  1.534795E-02
     8.5276  1.582597E-02  5.638842E-02  5.638842E-02  5.638842E-02  8.684678E-02  8.684678E-02  8.684678E-02  8.684678E-02  8.684678E-02  1.568261E-02  1.568261E-02  1.568261E-02  1.568261E-02  1.568261E-02  1.568261E-02  1.568261E-02  1.583213E-02  5.641613E-02  5.641613E-02  5.641613E-02  8.692104E-02  8.692104E-02  8.692104E-02  8.692104E-02  8.692104E-02  1.570658E-02  1.570658E-02  1.570658E-02  1.570658E-02  1.570658E-02  1.570658E-02  1.570658E-02
     8.7688  1.587537E-02  5.633109E-02  5.633109E-02  5.633109E-02  8.799684E-02  8.799684E-02  8.799684E-02  8.799684E-02  8.799684E-02  1.604528E-02  1.604528E-02  1.604528E-02  1.604528E-02  1.604528E-02  1.604528E-02  1.604528E-02  1.588149E-02  5.635868E-02  5.635868E-02  5.635868E-02  8.807065E-02  8.807065E-02  8.807065E-02  8.807065E-02  8.807065E-02  1.606959E-02  1.606959E-02  1.606959E-02  1.606959E-02  1.606959E-02  1.606959E-02  1.606959E-02
     9.0101  1.592462E-02  5.628161E-02  5.628161E-02  5.628161E-02  8.914246E-02  8.914246E-02  8.914246E-02  8.914246E-02  8.914246E-02  1.641231E-02  1.641231E-02  1.641231E-02  1.641231E-02  1.641231E-02  1.641231E-02  1.641231E-02  1.593070E-02  5.630908E-02  5.630908E-02  5.630908E-02  8.921578E-02  8.921578E-02  8.921578E-02  8.921578E-02  8.921578E-02  1.643695E-02  1.643695E-02  1.643695E-02  1.643695E-02  1.643695E-02  1.643695E-02  1.643695E-02
     9.2513  1.597368E-02  5.623974E-02  5.623974E-02  5.623974E-02  9.028331E-02  9.028331E-02  9.028331E-02  9.028331E-02  9.028331E-02  1.678368E-02  1.678368E-02  1.678368E-02  1.678368E-02  1.678368E-02  1.678368E-02  1.678368E-02  1.597973E-02  5.626707E-02  5.626707E-02  5.626707E-02  9.035612E-02  9.035612E-02  9.035612E-02  9.035612E-02  9.035612E-02  1.680866E-02  1.680866E-02  1.680866E-02  1.680866E-02  1.680866E-02  1.680866E-02  1.680866E-02
     9.4925  1.602257E-02  5.620517E-02  5.620517E-02  5.620517E-02  9.141908E-02  9.141908E-02  9.141908E-02  9.141908E-02  9.141908E-02  1.715932E-02  1.715932E-02  1.715932E-02  1.715932E-02  1.715932E-02  1.715932E-02  1.715932E-02  1.602857E-02  5.623238E-02  5.623238E-02  5.623238E-02  9.149134E-02  9.149134E-02  9.149134E-02  9.149134E-02  9.149134E-02  1.718469E-02  1.718469E-02  1.718469E-02  1.718469E-02  1.718469E-02  1.718469E-02  1.718469E-02
     9.7337  1.607126E-02  5.617765E-02  5.617765E-02  5.617765E-02  9.254945E-02  9.254945E-02  9.254945E-02  9.254945E-02  9.254945E-02  1.753931E-02  1.753931E-02  1.753931E-02  1.753931E-02  1.753931E-02  1.753931E-02  1.753931E-02  1.607722E-02  5.620474E-02  5.620474E-02  5.620474E-02  9.262113E-02  9.262113E-02  9.262113E-02  9.262113E-02  9.262113E-02  1.756502E-02  1.756502E-02  1.756502E-02  1.756502E-02  1.756502E-02  1.756502E-02  1.756502E-02
     9.9749  1.611976E-02  5.615694E-02  5.615694E-02  5.615694E-02  9.367410E-02  9.367410E-02  9.367410E-02  9.367410E-02  9.367410E-02  1.792358E-02  1.792358E-02  1.792358E-02  1.792358E-02  1.792358E-02  1.792358E-02  1.792358E-02  1.612568E-02  5.618390E-02  5.618390E-02  5.618390E-02  9.374517E-02  9.374517E-02  9.374517E-02  9.374517E-02  9.374517E-02  1.794964E-02  1.794964E-02  1.794964E-02  1.794964E-02  1.794964E-02  1.794964E-02  1.794964E-02
    10.2161  1.616804E-02  5.614278E-02  5.614278E-02  5.614278E-02  9.479273E-02  9.479273E-02  9.479273E-02  9.479273E-02  9.479273E-02  1.831211E-02  1.831211E-02  1.831211E-02  1.831211E-02  1.831211E-02  1.831211E-02  1.831211E-02  1.617392E-02  5.616961E-02  5.616961E-02  5.616961E-02  9.486316E-02  9.486316E-02  9.486316E-02  9.486316E-02  9.486316E-02  1.833845E-02  1.833845E-02  1.833845E-02  1.833845E-02  1.833845E-02  1.833845E-02  1.833845E-02
    10.4573  1.621610E-02  5.613494E-02  5.613494E-02  5.613494E-02  9.590502E-02  9.590502E-02  9.590502E-02  9.590502E-02  9.590502E-02  1.870488E-02  1.870488E-02  1.870488E-02  1.870488E-02  1.870488E-02  1.870488E-02  1.870488E-02  1.622194E-02  5.616164E-02  5.616164E-02  5.616164E-02  9.597478E-02  9.597478E-02  9.597478E-02  9.597478E-02  9.597478E-02  1.873155E-02  1.873155E-02  1.873155E-02  1.873155E-02  1.873155E-02  1.873155E-02  1.873155E-02
    10.6985  1.626394E-02  5.613318E-02  5.613318E-02  5.613318E-02  9.701067E-02  9.701067E-02  9.701067E-02  9.701067E-02  9.701067E-02  1.910186E-02  1.910186E-02  1.910186E-02  1.910186E-02  1.910186E-02  1.910186E-02  1.910186E-02  1.626974E-02  5.615975E-02  5.615975E-02  5.615975E-02  9.707973E-02  9.707973E-02  9.707973E-02  9.707973E-02  9.707973E-02  1.912887E-02  1.912887E-02  1.912887E-02  1.912887E-02  1.912887E-02  1.912887E-02  1.912887E-02
    10.9397  1.631154E-02  5.613729E-02  5.613729E-02  5.613729E-02  9.810938E-02  9.810938E-02  9.810938E-02  9.810938E-02  9.810938E-02  1.950302E-02  1.950302E-02  1.950302E-02  1.950302E-02  1.950302E-02  1.950302E-02  1.950302E-02  1.631729E-02  5.616375E-02  5.616375E-02  5.616375E-02  9.817771E-02  9.817771E-02  9.817771E-02  9.817771E-02  9.817771E-02  1.953037E-02  1.953037E-02  1.953037E-02  1.953037E-02  1.953037E-02  1.953037E-02  1.953037E-02
    11.1809  1.635889E-02  5.614704E-02  5.614704E-02  5.614704E-02  9.920085E-02  9.920085E-02  9.920085E-02  9.920085E-02  9.920085E-02  1.990835E-02  1.990835E-02  1.990835E-02  1.990835E-02  1.990835E-02  1.990835E-02  1.990835E-02  1.636460E-02  5.617337E-02  5.617337E-02  5.617337E-02  9.926843E-02  9.926843E-02  9.926843E-02  9.926843E-02  9.926843E-02  1.993603E-02  1.993603E-02  1.993603E-02  1.993603E-02  1.993603E-02  1.993603E-02  1.993603E-02
    11.4221  1.640598E-02  5.616222E-02  5.616222E-02  5.616222E-02  1.002848E-01  1.002848E-01  1.002848E-01  1.002848E-01  1.002848E-01  2.031781E-02  2.031781E-02  2.031781E-02  2.031781E-02  2.031781E-02  2.031781E-02  2.031781E-02  1.641165E-02  5.618841E-02  5.618841E-02  5.618841E-02  1.003516E-01  1.003516E-01  1.003516E-01  1.003516E-01  1.003516E-01  2.034583E-02  2.034583E-02  2.034583E-02  2.034583E-02  2.034583E-02  2.034583E-02  2.034583E-02
    11.6633  1.645282E-02  5.618264E-02  5.618264E-02  5.618264E-02  1.013609E-01  1.013609E-01  1.013609E-01  1.013609E-01  1.013609E-01  2.073138E-02  2.073138E-02  2.073138E-02  2.073138E-02  2.073138E-02  2.073138E-02  2.073138E-02  1.645844E-02  5.620868E-02  5.620868E-02  5.620868E-02  1.014269E-01  1.014269E-01  1.014269E-01  1.014269E-01  1.014269E-01  2.075967E-02  2.075967E-02  2.075967E-02  2.075967E-02  2.075967E-02  2.075967E-02  2.075967E-02
    11.9045  1.649938E-02  5.620806E-02  5.620806E-02  5.620806E-02  1.024289E-01  1.024289E-01  1.024289E-01  1.024289E-01  1.024289E-01  2.114904E-02  2.114904E-02  2.114904E-02  2.114904E-02  2.114904E-02  2.114904E-02  2.114904E-02  1.650496E-02  5.623398E-02  5.623398E-02  5.623398E-02  1.024941E-01  1.024941E-01  1.024941E-01  1.024941E-01  1.024941E-01  2.117766E-02  2.117766E-02  2.117766E-02  2.117766E-02  2.117766E-02  2.117766E-02  2.117766E-02
    12.1457  1.654567E-02  5.623833E-02  5.623833E-02  5.623833E-02  1.034886E-01  1.034886E-01  1.034886E-01  1.034886E-01  1.034886E-01  2.157074E-02  2.157074E-02  2.157074E-02  2.157074E-02  2.157074E-02  2.157074E-02  2.157074E-02  1.655120E-02  5.626411E-02  5.626411E-02  5.626411E-02  1.035528E-01  1.035528E-01  1.035528E-01  1.035528E-01  1.035528E-01  2.159969E-02  2.159969E-02  2.159969E-02  2.159969E-02  2.159969E-02  2.159969E-02  2.159969E-02
    12.3869  1.659167E-02  5.627323E-02  5.627323E-02  5.627323E-02  1.045395E-01  1.045395E-01  1.045395E-01  1.045395E-01  1.045395E-01  2.199647E-02  2.199647E-02  2.199647E-02  2.199647E-02  2.199647E-02  2.199647E-02  2.199647E-02  1.659716E-02  5.629888E-02  5.629888E-02  5.629888E-02  1.046029E-01  1.046029E-01  1.046029E-01  1.046029E-01  1.046029E-01  2.202576E-02  2.202576E-02  2.202576E-02  2.202576E-02  2.202576E-02  2.202576E-02  2.202576E-02
    12.6281  1.663738E-02  5.631258E-02  5.631258E-02  5.631258E-02  1.055816E-01  1.055816E-01  1.055816E-01  1.055816E-01  1.055816E-01  2.242620E-02  2.242620E-02  2.242620E-02  2.242620E-02  2.242620E-02  2.242620E-02  2.242620E-02  1.664282E-02  5.633809E-02  5.633809E-02  5.633809E-02  1.056441E-01  1.056441E-01  1.056441E-01  1.056441E-01  1.056441E-01  2.245581E-02  2.245581E-02  2.245581E-02  2.245581E-02  2.245581E-02  2.245581E-02  2.245581E-02
    12.8693  1.668278E-02  5.635622E-02  5.635622E-02  5.635622E-02  1.066144E-01  1.066144E-01  1.066144E-01  1.066144E-01  1.066144E-01  2.285988E-02  2.285988E-02  2.285988E-02  2.285988E-02  2.285988E-02  2.285988E-02  2.285988E-02  1.668818E-02  5.638164E-02  5.638164E-02  5.638164E-02  1.066760E-01  1.066760E-01  1.066760E-01  1.066760E-01  1.066760E-01  2.288982E-02  2.288982E-02  2.288982E-02  2.288982E-02  2.288982E-02  2.288982E-02  2.288982E-02
    13.1106  1.672788E-02  5.640402E-02  5.640402E-02  5.640402E-02  1.076378E-01  1.076378E-01  1.076378E-01  1.076378E-01  1.076378E-01  2.329750E-02  2.329750E-02  2.329750E-02  2.329750E-02  2.329750E-02  2.329750E-02  2.329750E-02  1.673323E-02  5.642923E-02  5.642923E-02  5.642923E-02  1.076984E-01  1.076984E-01  1.076984E-01  1.076984E-01  1.076984E-01  2.332777E-02  2.332777E-02  2.332777E-02  2.332777E-02  2.332777E-02  2.332777E-02  2.332777E-02
    13.3518  1.677266E-02  5.645567E-02  5.645567E-02  5.645567E-02  1.086515E-01  1.086515E-01  1.086515E-01  1.086515E-01  1.086515E-01  2.373901E-02  2.373901E-02  2.373901E-02  2.373901E-02  2.373901E-02  2.373901E-02  2.373901E-02  1.677796E-02  5.648077E-02  5.648077E-02  5.648077E-02  1.087111E-01  1.087111E-01  1.087111E-01  1.087111E-01  1.087111E-01  2.376961E-02  2.376961E-02  2.376961E-02  2.376961E-02  2.376961E-02  2.376961E-02  2.376961E-02
    13.5930  1.681712E-02  5.651112E-02  5.651112E-02  5.651112E-02  1.096553E-01  1.096553E-01  1.096553E-01  1.096553E-01  1.096553E-01  2.418439E-02  2.418439E-02  2.418439E-02  2.418439E-02  2.418439E-02  2.418439E-02  2.418439E-02  1.682237E-02  5.653607E-02  5.653607E-02  5.653607E-02  1.097138E-01  1.097138E-01  1.097138E-01  1.097138E-01  1.097138E-01  2.421532E-02  2.421532E-02  2.421532E-02  2.421532E-02  2.421532E-02  2.421532E-02  2.421532E-02
    13.8342  1.686124E-02  5.657017E-02  5.657017E-02  5.657017E-02  1.106488E-01  1.106488E-01  1.106488E-01  1.106488E-01  1.106488E-01  2.463359E-02  2.463359E-02  2.463359E-02  2.463359E-02  2.463359E-02  2.463359E-02  2.463359E-02  1.686646E-02  5.659498E-02  5.659498E-02  5.659498E-02  1.107063E-01  1.107063E-01  1.107063E-01  1.107063E-01  1.107063E-01  2.466485E-02  2.466485E-02  2.466485E-02  2.466485E-02  2.466485E-02  2.466485E-02  2.466485E-02
    14.0754  1.690504E-02  5.663267E-02  5.663267E-02  5.663267E-02  1.116318E-01  1.116318E-01  1.116318E-01  1.116318E-01  1.116318E-01  2.508660E-02  2.508660E-02  2.508660E-02  2.508660E-02  2.508660E-02  2.508660E-02  2.508660E-02  1.691020E-02  5.665734E-02  5.665734E-02  5.665734E-02  1.116883E-01  1.116883E-01  1.116883E-01  1.116883E-01  1.116883E-01  2.511818E-02  2.511818E-02  2.511818E-02  2.511818E-02  2.511818E-02  2.511818E-02  2.511818E-02
    14.3166  1.694848E-02  5.669848E-02  5.669848E-02  5.669848E-02  1.126042E-01  1.126042E-01  1.126042E-01  1.126042E-01  1.126042E-01  2.554337E-02  2.554337E-02  2.554337E-02  2.554337E-02  2.554337E-02  2.554337E-02  2.554337E-02  1.695360E-02  5.672300E-02  5.672300E-02  5.672300E-02  1.126596E-01  1.126596E-01  1.126596E-01  1.126596E-01  1.126596E-01  2.557527E-02  2.557527E-02  2.557527E-02  2.557527E-02  2.557527E-02  2.557527E-02  2.557527E-02
    14.5578  1.699158E-02  5.676743E-02  5.676743E-02  5.676743E-02  1.135657E-01  1.135657E-01  1.135657E-01  1.135657E-01  1.135657E-01  2.600386E-02  2.600386E-02  2.600386E-02  2.600386E-02  2.600386E-02  2.600386E-02  2.600386E-02  1.699665E-02  5.679181E-02  5.679181E-02  5.679181E-02  1.136200E-01  1.136200E-01  1.136200E-01  1.136200E-01  1.136200E-01  2.603608E-02  2.603608E-02  2.603608E-02  2.603608E-02  2.603608E-02  2.603608E-02  2.603608E-02
    14.7990  1.703432E-02  5.683939E-02  5.683939E-02  5.683939E-02  1.145161E-01  1.145161E-01  1.145161E-01  1.145161E-01  1.145161E-01  2.646804E-02  2.646804E-02  2.646804E-02  2.646804E-02  2.646804E-02  2.646804E-02  2.646804E-02  1.703934E-02  5.686362E-02  5.686362E-02  5.686362E-02  1.145692E-01  1.145692E-01  1.145692E-01  1.145692E-01  1.145692E-01  2.650058E-02  2.650058E-02  2.650058E-02  2.650058E-02  2.650058E-02  2.650058E-02  2.650058E-02
    15.0402  1.707670E-02  5.691421E-02  5.691421E-02  5.691421E-02  1.154551E-01  1.154551E-01  1.154551E-01  1.154551E-01  1.154551E-01  2.693587E-02  2.693587E-02  2.693587E-02  2.693587E-02  2.693587E-02  2.693587E-02  2.693587E-02  1.708167E-02  5.693829E-02  5.693829E-02  5.693829E-02  1.155071E-01  1.155071E-01  1.155071E-01  1.155071E-01  1.155071E-01  2.696873E-02  2.696873E-02  2.696873E-02  2.696873E-02  2.696873E-02  2.696873E-02  2.696873E-02
    15.2814  1.711871E-02  5.699175E-02  5.699175E-02  5.699175E-02  1.163826E-01  1.163826E-01  1.163826E-01  1.163826E-01  1.163826E-01  2.740731E-02  2.740731E-02  2.740731E-02  2.740731E-02  2.740731E-02  2.740731E-02  2.740731E-02  1.712363E-02  5.701568E-02  5.701568E-02  5.701568E-02  1.164333E-01  1.164333E-01  1.164333E-01  1.164333E-01  1.164333E-01  2.744049E-02  2.744049E-02  2.744049E-02  2.744049E-02  2.744049E-02  2.744049E-02  2.744049E-02
    15.5226  1.716035E-02  5.707188E-02  5.707188E-02  5.707188E-02  1.172983E-01  1.172983E-01  1.172983E-01  1.172983E-01  1.172983E-01  2.788232E-02  2.788232E-02  2.788232E-02  2.788232E-02  2.788232E-02  2.788232E-02  2.788232E-02  1.716522E-02  5.709565E-02  5.709565E-02  5.709565E-02  1.173478E-01  1.173478E-01  1.173478E-01  1.173478E-01  1.173478E-01  2.791582E-02  2.791582E-02  2.791582E-02  2.791582E-02  2.791582E-02  2.791582E-02  2.791582E-02
    15.7638  1.720160E-02  5.715447E-02  5.715447E-02  5.715447E-02  1.182020E-01  1.182020E-01  1.182020E-01  1.182020E-01  1.182020E-01  2.836087E-02  2.836087E-02  2.836087E-02  2.836087E-02  2.836087E-02  2.836087E-02  2.836087E-02  1.720642E-02  5.717809E-02  5.717809E-02  5.717809E-02  1.182504E-01  1.182504E-01  1.182504E-01  1.182504E-01  1.182504E-01  2.839468E-02  2.839468E-02  2.839468E-02  2.839468E-02  2.839468E-02  2.839468E-02  2.839468E-02
    16.0050  1.724247E-02  5.723939E-02  5.723939E-02  5.723939E-02  1.190936E-01  1.190936E-01  1.190936E-01  1.190936E-01  1.190936E-01  2.884291E-02  2.884291E-02  2.884291E-02  2.884291E-02  2.884291E-02  2.884291E-02  2.884291E-02  1.724724E-02  5.726285E-02  5.726285E-02  5.726285E-02  1.191407E-01  1.191407E-01  1.191407E-01  1.191407E-01  1.191407E-01  2.887704E-02  2.887704E-02  2.887704E-02  2.887704E-02  2.887704E-02  2.887704E-02  2.887704E-02
    16.2462  1.728295E-02  5.732652E-02  5.732652E-02  5.732652E-02  1.199728E-01  1.199728E-01  1.199728E-01  1.199728E-01  1.199728E-01  2.932841E-02  2.932841E-02  2.932841E-02  2.932841E-02  2.932841E-02  2.932841E-02  2.932841E-02  1.728766E-02  5.734982E-02  5.734982E-02  5.734982E-02  1.200187E-01  1.200187E-01  1.200187E-01  1.200187E-01  1.200187E-01  2.936285E-02  2.936285E-02  2.936285E-02  2.936285E-02  2.936285E-02  2.936285E-02  2.936285E-02
    16.4874  1.732303E-02  5.741573E-02  5.741573E-02  5.741573E-02  1.208396E-01  1.208396E-01  1.208396E-01  1.208396E-01  1.208396E-01  2.981732E-02  2.981732E-02  2.981732E-02  2.981732E-02  2.981732E-02  2.981732E-02  2.981732E-02  1.732769E-02  5.743887E-02  5.743887E-02  5.743887E-02  1.208842E-01  1.208842E-01  1.208842E-01  1.208842E-01  1.208842E-01  2.985206E-02  2.985206E-02  2.985206E-02  2.985206E-02  2.985206E-02  2.985206E-02  2.985206E-02
    16.7286  1.736271E-02  5.750690E-02  5.750690E-02  5.750690E-02  1.216936E-01  1.216936E-01  1.216936E-01  1.216936E-01  1.216936E-01  3.030960E-02  3.030960E-02  3.030960E-02  3.030960E-02  3.030960E-02  3.030960E-02  3.030960E-02  1.736732E-02  5.752987E-02  5.752987E-02  5.752987E-02  1.217370E-01  1.217370E-01  1.217370E-01  1.217370E-01  1.217370E-01  3.034465E-02  3.034465E-02  3.034465E-02  3.034465E-02  3.034465E-02  3.034465E-02  3.034465E-02
    16.9698  1.740198E-02  5.759992E-02  5.759992E-02  5.759992E-02  1.225348E-01  1.225348E-01  1.225348E-01  1.225348E-01  1.225348E-01  3.080520E-02  3.080520E-02  3.080520E-02  3.080520E-02  3.080520E-02  3.080520E-02  3.080520E-02  1.740654E-02  5.762273E-02  5.762273E-02  5.762273E-02  1.225769E-01  1.225769E-01  1.225769E-01  1.225769E-01  1.225769E-01  3.084056E-02  3.084056E-02  3.084056E-02  3.084056E-02  3.084056E-02  3.084056E-02  3.084056E-02
    17.2111  1.744084E-02  5.769467E-02  5.769467E-02  5.769467E-02  1.233630E-01  1.233630E-01  1.233630E-01  1.233630E-01  1.233630E-01  3.130409E-02  3.130409E-02  3.130409E-02  3.130409E-02  3.130409E-02  3.130409E-02  3.130409E-02  1.744534E-02  5.771731E-02  5.771731E-02  5.771731E-02  1.234038E-01  1.234038E-01  1.234038E-01  1.234038E-01  1.234038E-01  3.133975E-02  3.133975E-02  3.133975E-02  3.133975E-02  3.133975E-02  3.133975E-02  3.133975E-02
    17.4523  1.747928E-02  5.779105E-02  5.779105E-02  5.779105E-02  1.241780E-01  1.241780E-01  1.241780E-01  1.241780E-01  1.241780E-01  3.180622E-02  3.180622E-02  3.180622E-02  3.180622E-02  3.180622E-02  3.180622E-02  3.180622E-02  1.748373E-02  5.781352E-02  5.781352E-02  5.781352E-02  1.242175E-01  1.242175E-01  1.242175E-01  1.242175E-01  1.242175E-01  3.184217E-02  3.184217E-02  3.184217E-02  3.184217E-02  3.184217E-02  3.184217E-02  3.184217E-02
    17.6935  1.751730E-02  5.788894E-02  5.788894E-02  5.788894E-02  1.249797E-01  1.249797E-01  1.249797E-01  1.249797E-01  1.249797E-01  3.231154E-02  3.231154E-02  3.231154E-02  3.231154E-02  3.231154E-02  3.231154E-02  3.231154E-02  1.752170E-02  5.791128E-02  5.791128E-02  5.791128E-02  1.250178E-01  1.250178E-01  1.250178E-01  1.250178E-01  1.250178E-01  3.234779E-02  3.234779E-02  3.234779E-02  3.234779E-02  3.234779E-02  3.234779E-02  3.234779E-02
    17.9347  1.755489E-02  5.798827E-02  5.798827E-02  5.798827E-02  1.257679E-01  1.257679E-01  1.257679E-01  1.257679E-01  1.257679E-01  3.282002E-02  3.282002E-02  3.282002E-02  3.282002E-02  3.282002E-02  3.282002E-02  3.282002E-02  1.755924E-02  5.801041E-02  5.801041E-02  5.801041E-02  1.258047E-01  1.258047E-01  1.258047E-01  1.258047E-01  1.258047E-01  3.285655E-02  3.285655E-02  3.285655E-02  3.285655E-02  3.285655E-02  3.285655E-02  3.285655E-02
    18.1759  1.759205E-02  5.808889E-02  5.808889E-02  5.808889E-02  1.265426E-01  1.265426E-01  1.265426E-01  1.265426E-01  1.265426E-01  3.333159E-02  3.333159E-02  3.333159E-02  3.333159E-02  3.333159E-02  3.333159E-02  3.333159E-02  1.759635E-02  5.811086E-02  5.811086E-02  5.811086E-02  1.265780E-01  1.265780E-01  1.265780E-01  1.265780E-01  1.265780E-01  3.336842E-02  3.336842E-02  3.336842E-02  3.336842E-02  3.336842E-02  3.336842E-02  3.336842E-02
    18.4171  1.762878E-02  5.819072E-02  5.819072E-02  5.819072E-02  1.273035E-01  1.273035E-01  1.273035E-01  1.273035E-01  1.273035E-01  3.384623E-02  3.384623E-02  3.384623E-02  3.384623E-02  3.384623E-02  3.384623E-02  3.384623E-02  1.763302E-02  5.821251E-02  5.821251E-02  5.821251E-02  1.273376E-01  1.273376E-01  1.273376E-01  1.273376E-01  1.273376E-01  3.388335E-02  3.388335E-02  3.388335E-02  3.388335E-02  3.388335E-02  3.388335E-02  3.388335E-02
    18.6583  1.766507E-02  5.829366E-02  5.829366E-02  5.829366E-02  1.280506E-01  1.280506E-01  1.280506E-01  1.280506E-01  1.280506E-01  3.436388E-02  3.436388E-02  3.436388E-02  3.436388E-02  3.436388E-02  3.436388E-02  3.436388E-02  1.766925E-02  5.831527E-02  5.831527E-02  5.831527E-02  1.280834E-01  1.280834E-01  1.280834E-01  1.280834E-01  1.280834E-01  3.440128E-02  3.440128E-02  3.440128E-02  3.440128E-02  3.440128E-02  3.440128E-02  3.440128E-02
    18.8995  1.770091E-02  5.839761E-02  5.839761E-02  5.839761E-02  1.287838E-01  1.287838E-01  1.287838E-01  1.287838E-01  1.287838E-01  3.488449E-02  3.488449E-02  3.488449E-02  3.488449E-02  3.488449E-02  3.488449E-02  3.488449E-02  1.770504E-02  5.841904E-02  5.841904E-02  5.841904E-02  1.288151E-01  1.288151E-01  1.288151E-01  1.288151E-01  1.288151E-01  3.492218E-02  3.492218E-02  3.492218E-02  3.492218E-02  3.492218E-02  3.492218E-02  3.492218E-02
    19.1407  1.773631E-02  5.850248E-02  5.850248E-02  5.850248E-02  1.295029E-01  1.295029E-01  1.295029E-01  1.295029E-01  1.295029E-01  3.540802E-02  3.540802E-02  3.540802E-02  3.540802E-02  3.540802E-02  3.540802E-02  3.540802E-02  1.774038E-02  5.852373E-02  5.852373E-02  5.852373E-02  1.295328E-01  1.295328E-01  1.295328E-01  1.295328E-01  1.295328E-01  3.544599E-02  3.544599E-02  3.544599E-02  3.544599E-02  3.544599E-02  3.544599E-02  3.544599E-02
    19.3819  1.777125E-02  5.860819E-02  5.860819E-02  5.860819E-02  1.302078E-01  1.302078E-01  1.302078E-01  1.302078E-01  1.302078E-01  3.593442E-02  3.593442E-02  3.593442E-02  3.593442E-02  3.593442E-02  3.593442E-02  3.593442E-02  1.777527E-02  5.862925E-02  5.862925E-02  5.862925E-02  1.302364E-01  1.302364E-01  1.302364E-01  1.302364E-01  1.302364E-01  3.597266E-02  3.597266E-02  3.597266E-02  3.597266E-02  3.597266E-02  3.597266E-02  3.597266E-02
    19.6231  1.780574E-02  5.871464E-02  5.871464E-02  5.871464E-02  1.308985E-01  1.308985E-01  1.308985E-01  1.308985E-01  1.308985E-01  3.646364E-02  3.646364E-02  3.646364E-02  3.646364E-02  3.646364E-02  3.646364E-02  3.646364E-02  1.780970E-02  5.873552E-02  5.873552E-02  5.873552E-02  1.309257E-01  1.309257E-01  1.309257E-01  1.309257E-01  1.309257E-01  3.650216E-02  3.650216E-02  3.650216E-02  3.650216E-02  3.650216E-02  3.650216E-02  3.650216E-02
    19.8643  1.783977E-02  5.882175E-02  5.882175E-02  5.882175E-02  1.315749E-01  1.315749E-01  1.315749E-01  1.315749E-01  1.315749E-01  3.699563E-02  3.699563E-02  3.699563E-02  3.699563E-02  3.699563E-02  3.699563E-02  3.699563E-02  1.784368E-02  5.884244E-02  5.884244E-02  5.884244E-02  1.316007E-01  1.316007E-01  1.316007E-01  1.316007E-01  1.316007E-01  3.703441E-02  3.703441E-02  3.703441E-02  3.703441E-02  3.703441E-02  3.703441E-02  3.703441E-02
    20.1055  1.787334E-02  5.892943E-02  5.892943E-02  5.892943E-02  1.322368E-01  1.322368E-01  1.322368E-01  1.322368E-01  1.322368E-01  3.753033E-02  3.753033E-02  3.753033E-02  3.753033E-02  3.753033E-02  3.753033E-02  3.753033E-02  1.787719E-02  5.894993E-02  5.894993E-02  5.894993E-02  1.322612E-01  1.322612E-01  1.322612E-01  1.322612E-01  1.322612E-01  3.756939E-02  3.756939E-02  3.756939E-02  3.756939E-02  3.756939E-02  3.756939E-02  3.756939E-02
    20.3467  1.790645E-02  5.903760E-02  5.903760E-02  5.903760E-02  1.328843E-01  1.328843E-01  1.328843E-01  1.328843E-01  1.328843E-01  3.806771E-02  3.806771E-02  3.806771E-02  3.806771E-02  3.806771E-02  3.806771E-02  3.806771E-02  1.791024E-02  5.905791E-02  5.905791E-02  5.905791E-02  1.329072E-01  1.329072E-01  1.329072E-01  1.329072E-01  1.329072E-01  3.810703E-02  3.810703E-02  3.810703E-02  3.810703E-02  3.810703E-02  3.810703E-02  3.810703E-02
    20.5879  1.793909E-02  5.914620E-02  5.914620E-02  5.914620E-02  1.335172E-01  1.335172E-01  1.335172E-01  1.335172E-01  1.335172E-01  3.860771E-02  3.860771E-02  3.860771E-02  3.860771E-02  3.860771E-02  3.860771E-02  3.860771E-02  1.794282E-02  5.916632E-02  5.916632E-02  5.916632E-02  1.335387E-01  1.335387E-01  1.335387E-01  1.335387E-01  1.335387E-01  3.864729E-02  3.864729E-02  3.864729E-02  3.864729E-02  3.864729E-02  3.864729E-02  3.864729E-02
    20.8291  1.797127E-02  5.925511E-02  5.925511E-02  5.925511E-02  1.341354E-01  1.341354E-01  1.341354E-01  1.341354E-01  1.341354E-01  3.915027E-02  3.915027E-02  3.915027E-02  3.915027E-02  3.915027E-02  3.915027E-02  3.915027E-02  1.797494E-02  5.927503E-02  5.927503E-02  5.927503E-02  1.341556E-01  1.341556E-01  1.341556E-01  1.341556E-01  1.341556E-01  3.919012E-02  3.919012E-02  3.919012E-02  3.919012E-02  3.919012E-02  3.919012E-02  3.919012E-02
    21.0704  1.800296E-02  5.936428E-02  5.936428E-02  5.936428E-02  1.347390E-01  1.347390E-01  1.347390E-01  1.347390E-01  1.347390E-01  3.969536E-02  3.969536E-02  3.969536E-02  3.969536E-02  3.969536E-02  3.969536E-02  3.969536E-02  1.800658E-02  5.938401E-02  5.938401E-02  5.938401E-02  1.347578E-01  1.347578E-01  1.347578E-01  1.347578E-01  1.347578E-01  3.973545E-02  3.973545E-02  3.973545E-02  3.973545E-02  3.973545E-02  3.973545E-02  3.973545E-02
    21.3116  1.803418E-02  5.947363E-02  5.947363E-02  5.947363E-02  1.353279E-01  1.353279E-01  1.353279E-01  1.353279E-01  1.353279E-01  4.024290E-02  4.024290E-02  4.024290E-02  4.024290E-02  4.024290E-02  4.024290E-02  4.024290E-02  1.803774E-02  5.949313E-02  5.949313E-02  5.949313E-02  1.353453E-01  1.353453E-01  1.353453E-01  1.353453E-01  1.353453E-01  4.028325E-02  4.028325E-02  4.028325E-02  4.028325E-02  4.028325E-02  4.028325E-02  4.028325E-02
    21.5528  1.806491E-02  5.958305E-02  5.958305E-02  5.958305E-02  1.359021E-01  1.359021E-01  1.359021E-01  1.359021E-01  1.359021E-01  4.079290E-02  4.079290E-02  4.079290E-02  4.079290E-02  4.079290E-02  4.079290E-02  4.079290E-02  1.806842E-02  5.960236E-02  5.960236E-02  5.960236E-02  1.359180E-01  1.359180E-01  1.359180E-01  1.359180E-01  1.359180E-01  4.083345E-02  4.083345E-02  4.083345E-02  4.083345E-02  4.083345E-02  4.083345E-02  4.083345E-02
    21.7940  1.809517E-02  5.969255E-02  5.969255E-02  5.969255E-02  1.364614E-01  1.364614E-01  1.364614E-01  1.364614E-01  1.364614E-01  4.134522E-02  4.134522E-02  4.134522E-02  4.134522E-02  4.134522E-02  4.134522E-02  4.134522E-02  1.809862E-02  5.971166E-02  5.971166E-02  5.971166E-02  1.364759E-01  1.364759E-01  1.364759E-01  1.364759E-01  1.364759E-01  4.138602E-02  4.138602E-02  4.138602E-02  4.138602E-02  4.138602E-02  4.138602E-02  4.138602E-02
    22.0352  1.812494E-02  5.980201E-02  5.980201E-02  5.980201E-02  1.370059E-01  1.370059E-01  1.370059E-01  1.370059E-01  1.370059E-01  4.189984E-02  4.189984E-02  4.189984E-02  4.189984E-02  4.189984E-02  4.189984E-02  4.189984E-02  1.812833E-02  5.982092E-02  5.982092E-02  5.982092E-02  1.370191E-01  1.370191E-01  1.370191E-01  1.370191E-01  1.370191E-01  4.194088E-02  4.194088E-02  4.194088E-02  4.194088E-02  4.194088E-02  4.194088E-02  4.194088E-02
    22.2764  1.815423E-02  5.991137E-02  5.991137E-02  5.991137E-02  1.375356E-01  1.375356E-01  1.375356E-01  1.375356E-01  1.375356E-01  4.245672E-02  4.245672E-02  4.245672E-02  4.245672E-02  4.245672E-02  4.245672E-02  4.245672E-02  1.815756E-02  5.993008E-02  5.993008E-02  5.993008E-02  1.375473E-01  1.375473E-01  1.375473E-01  1.375473E-01  1.375473E-01  4.249799E-02  4.249799E-02  4.249799E-02  4.249799E-02  4.249799E-02  4.249799E-02  4.249799E-02
    22.5176  1.818302E-02  6.002058E-02  6.002058E-02  6.002058E-02  1.380505E-01  1.380505E-01  1.380505E-01  1.380505E-01  1.380505E-01  4.301579E-02  4.301579E-02  4.301579E-02  4.301579E-02  4.301579E-02  4.301579E-02  4.301579E-02  1.818629E-02  6.003907E-02  6.003907E-02  6.003907E-02  1.380608E-01  1.380608E-01  1.380608E-01  1.380608E-01  1.380608E-01  4.305729E-02  4.305729E-02  4.305729E-02  4.305729E-02  4.305729E-02  4.305729E-02  4.305729E-02
    22.7588  1.821133E-02  6.012955E-02  6.012955E-02  6.012955E-02  1.385505E-01  1.385505E-01  1.385505E-01  1.385505E-01  1.385505E-01  4.357701E-02  4.357701E-02  4.357701E-02  4.357701E-02  4.357701E-02  4.357701E-02  4.357701E-02  1.821454E-02  6.014783E-02  6.014783E-02  6.014783E-02  1.385594E-01  1.385594E-01  1.385594E-01  1.385594E-01  1.385594E-01  4.361874E-02  4.361874E-02  4.361874E-02  4.361874E-02  4.361874E-02  4.361874E-02  4.361874E-02
    23.0000  1.823914E-02  6.023825E-02  6.023825E-02  6.023825E-02  1.390355E-01  1.390355E-01  1.390355E-01  1.390355E-01  1.390355E-01  4.414031E-02  4.414031E-02  4.414031E-02  4.414031E-02  4.414031E-02  4.414031E-02  4.414031E-02  1.824229E-02  6.025630E-02  6.025630E-02  6.025630E-02  1.390431E-01  1.390431E-01  1.390431E-01  1.390431E-01  1.390431E-01  4.418231E-02  4.418231E-02  4.418231E-02  4.418231E-02  4.418231E-02  4.418231E-02  4.418231E-02
