# Once                                                             FEFF 10.0.1
# POT  SCF 100  6.0000   0, core-hole, AFOLP (folp(0)= 1.150)
# Abs   Z= 8 Rmt= 1.015 Rnm= 1.062 K  shell
# Pot 1 Z=58 Rmt= 1.608 Rnm= 1.689
# Pot 2 Z= 8 Rmt= 1.049 Rnm= 1.102
# Gam_ch=1.559E-01 H-L exch Vi= 0.000E+00 Vr= 0.000E+00
# Mu=-1.004E+01eV kf=2.190E+00 Vint=-1.978E+01eV Rs_int= 1.656
#  -----------------------------------------------------------------------
#   0.99893E+00  0.13043E+01  0.82453E+00 -0.3690303E+00  0.1962347E+02 method to calculate xsect
#   1.5586000E-01 100  11
#       em              xsnorm            xsec  
 -0.160905611E+02  0.77930E-01  0.13326E-01 -0.26598E-01  0.14048E-01
 -0.148210745E+02  0.77930E-01  0.10701E-01 -0.18302E-01  0.11065E-01
 -0.137009392E+02  0.77930E-01  0.93937E-02 -0.14150E-01  0.96234E-02
 -0.127301552E+02  0.77930E-01  0.86219E-02 -0.11715E-01  0.87872E-02
 -0.119087227E+02  0.77930E-01  0.81262E-02 -0.10164E-01  0.82558E-02
 -0.112366415E+02  0.77930E-01  0.77948E-02 -0.91345E-02  0.79031E-02
 -0.107139117E+02  0.77930E-01  0.75726E-02 -0.84480E-02  0.76676E-02
 -0.103405332E+02  0.77930E-01  0.74295E-02 -0.80080E-02  0.75164E-02
 -0.101165062E+02  0.77930E-01  0.73492E-02 -0.77617E-02  0.74318E-02
 -0.100807955E+02  0.77930E-01  0.73367E-02 -0.77236E-02  0.74186E-02
 -0.100418305E+02  0.77930E-01  0.73233E-02 -0.76823E-02  0.74045E-02
 -0.100231616E+02  0.77930E-01  0.73169E-02 -0.76627E-02  0.73977E-02
 -0.996715481E+01  0.77930E-01  0.72978E-02 -0.76043E-02  0.73776E-02
 -0.987381020E+01  0.77930E-01  0.72664E-02 -0.75085E-02  0.73446E-02
 -0.974312775E+01  0.77930E-01  0.72236E-02 -0.73776E-02  0.72996E-02
 -0.957510745E+01  0.77930E-01  0.71702E-02 -0.72147E-02  0.72435E-02
 -0.936974931E+01  0.77930E-01  0.71074E-02 -0.70234E-02  0.71775E-02
 -0.912705333E+01  0.77930E-01  0.70364E-02 -0.68075E-02  0.71030E-02
 -0.884701950E+01  0.77930E-01  0.69585E-02 -0.65714E-02  0.70215E-02
 -0.852964783E+01  0.77930E-01  0.68752E-02 -0.63191E-02  0.69343E-02
 -0.817493832E+01  0.77930E-01  0.67877E-02 -0.60550E-02  0.68429E-02
 -0.778289096E+01  0.77930E-01  0.66972E-02 -0.57827E-02  0.67485E-02
 -0.735350576E+01  0.77930E-01  0.66050E-02 -0.55060E-02  0.66524E-02
 -0.688678272E+01  0.77930E-01  0.65120E-02 -0.52280E-02  0.65557E-02
 -0.638272183E+01  0.77930E-01  0.64192E-02 -0.49515E-02  0.64593E-02
 -0.584132310E+01  0.77930E-01  0.63274E-02 -0.46789E-02  0.63641E-02
 -0.526258653E+01  0.77930E-01  0.62373E-02 -0.44122E-02  0.62708E-02
 -0.464651211E+01  0.77930E-01  0.61494E-02 -0.41531E-02  0.61799E-02
 -0.399309985E+01  0.77930E-01  0.60641E-02 -0.39029E-02  0.60918E-02
 -0.330234975E+01  0.77930E-01  0.59819E-02 -0.36624E-02  0.60070E-02
 -0.257426180E+01  0.77930E-01  0.59028E-02 -0.34325E-02  0.59255E-02
 -0.180883601E+01  0.77930E-01  0.58272E-02 -0.32136E-02  0.58477E-02
 -0.100607237E+01  0.77930E-01  0.57551E-02 -0.30060E-02  0.57736E-02
 -0.165970891E+00  0.77930E-01  0.56865E-02 -0.28098E-02  0.57031E-02
  0.711468431E+00  0.77930E-01  0.56214E-02 -0.26251E-02  0.56364E-02
  0.162624560E+01  0.77930E-01  0.55598E-02 -0.24517E-02  0.55732E-02
  0.257836061E+01  0.77930E-01  0.55016E-02 -0.22895E-02  0.55136E-02
  0.356781346E+01  0.77930E-01  0.54466E-02 -0.21382E-02  0.54574E-02
  0.459460415E+01  0.77930E-01  0.53947E-02 -0.19975E-02  0.54043E-02
  0.565873269E+01  0.77930E-01  0.53457E-02 -0.18672E-02  0.53543E-02
  0.676019908E+01  0.77930E-01  0.52995E-02 -0.17468E-02  0.53072E-02
  0.789900330E+01  0.77930E-01  0.52559E-02 -0.16360E-02  0.52627E-02
  0.907514537E+01  0.77930E-01  0.52146E-02 -0.15344E-02  0.52206E-02
  0.102886253E+02  0.77930E-01  0.51754E-02 -0.14416E-02  0.51807E-02
  0.115394430E+02  0.77930E-01  0.51381E-02 -0.13573E-02  0.51428E-02
  0.128275986E+02  0.77930E-01  0.51025E-02 -0.12811E-02  0.51066E-02
  0.141530921E+02  0.77930E-01  0.50684E-02 -0.12126E-02  0.50720E-02
  0.155159234E+02  0.77930E-01  0.50356E-02 -0.11514E-02  0.50387E-02
  0.169160925E+02  0.77930E-01  0.50037E-02 -0.10972E-02  0.50064E-02
  0.183535995E+02  0.77930E-01  0.49727E-02 -0.10495E-02  0.49750E-02
  0.198284443E+02  0.77930E-01  0.49423E-02 -0.10081E-02  0.49442E-02
  0.213406270E+02  0.77930E-01  0.49123E-02 -0.97249E-03  0.49139E-02
  0.228901475E+02  0.77930E-01  0.48825E-02 -0.94241E-03  0.48838E-02
  0.244770058E+02  0.77930E-01  0.48527E-02 -0.91749E-03  0.48538E-02
  0.261012020E+02  0.77930E-01  0.48228E-02 -0.89737E-03  0.48236E-02
  0.277627360E+02  0.77930E-01  0.47925E-02 -0.88172E-03  0.47932E-02
  0.294616079E+02  0.77930E-01  0.47619E-02 -0.87021E-03  0.47624E-02
  0.311978176E+02  0.77930E-01  0.47306E-02 -0.86248E-03  0.47310E-02
  0.329713652E+02  0.77930E-01  0.46987E-02 -0.85823E-03  0.46989E-02
  0.347822506E+02  0.77930E-01  0.46660E-02 -0.85713E-03  0.46661E-02
  0.366304739E+02  0.77930E-01  0.46324E-02 -0.85887E-03  0.46324E-02
  0.385160350E+02  0.77930E-01  0.45979E-02 -0.86315E-03  0.45978E-02
  0.404389339E+02  0.77930E-01  0.45624E-02 -0.86967E-03  0.45623E-02
  0.423991707E+02  0.77930E-01  0.45260E-02 -0.87815E-03  0.45258E-02
  0.443967453E+02  0.77930E-01  0.44885E-02 -0.88832E-03  0.44883E-02
  0.464316578E+02  0.77930E-01  0.44501E-02 -0.89993E-03  0.44497E-02
  0.485039081E+02  0.77930E-01  0.44106E-02 -0.91273E-03  0.44103E-02
  0.506134963E+02  0.77930E-01  0.43702E-02 -0.92650E-03  0.43698E-02
  0.527604223E+02  0.77930E-01  0.43289E-02 -0.94101E-03  0.43285E-02
  0.549446861E+02  0.77930E-01  0.42868E-02 -0.95608E-03  0.42864E-02
  0.571662878E+02  0.77930E-01  0.42439E-02 -0.97153E-03  0.42435E-02
  0.594252273E+02  0.77930E-01  0.42003E-02 -0.98720E-03  0.41999E-02
  0.617215047E+02  0.77930E-01  0.41561E-02 -0.10029E-02  0.41556E-02
  0.640551199E+02  0.77930E-01  0.41113E-02 -0.10186E-02  0.41109E-02
  0.664260730E+02  0.77930E-01  0.40662E-02 -0.10341E-02  0.40657E-02
  0.688343639E+02  0.77930E-01  0.40206E-02 -0.10494E-02  0.40201E-02
  0.712799926E+02  0.77930E-01  0.39748E-02 -0.10643E-02  0.39744E-02
  0.737629592E+02  0.77930E-01  0.39289E-02 -0.10788E-02  0.39284E-02
  0.762832637E+02  0.77930E-01  0.38828E-02 -0.10929E-02  0.38823E-02
  0.788409060E+02  0.77930E-01  0.38368E-02 -0.11065E-02  0.38363E-02
  0.814358861E+02  0.77930E-01  0.37909E-02 -0.11196E-02  0.37904E-02
  0.840682040E+02  0.77930E-01  0.37451E-02 -0.11321E-02  0.37446E-02
  0.867378599E+02  0.77930E-01  0.36995E-02 -0.11441E-02  0.36990E-02
  0.894448535E+02  0.77930E-01  0.36542E-02 -0.11556E-02  0.36537E-02
  0.921891850E+02  0.77930E-01  0.36093E-02 -0.11665E-02  0.36088E-02
  0.949708543E+02  0.77930E-01  0.35648E-02 -0.11769E-02  0.35643E-02
  0.977898615E+02  0.77930E-01  0.35207E-02 -0.11869E-02  0.35202E-02
  0.100646207E+03  0.77930E-01  0.34771E-02 -0.11964E-02  0.34766E-02
  0.103539889E+03  0.77930E-01  0.34340E-02 -0.12055E-02  0.34335E-02
  0.106470910E+03  0.77930E-01  0.33914E-02 -0.12141E-02  0.33909E-02
  0.109439269E+03  0.77930E-01  0.33493E-02 -0.12224E-02  0.33488E-02
  0.112444965E+03  0.77930E-01  0.33078E-02 -0.12304E-02  0.33073E-02
  0.115487999E+03  0.77930E-01  0.32669E-02 -0.12380E-02  0.32664E-02
  0.118568371E+03  0.77930E-01  0.32265E-02 -0.12454E-02  0.32260E-02
  0.121686081E+03  0.77930E-01  0.31867E-02 -0.12525E-02  0.31862E-02
  0.124841129E+03  0.77930E-01  0.31474E-02 -0.12594E-02  0.31469E-02
  0.128033515E+03  0.77930E-01  0.31087E-02 -0.12661E-02  0.31082E-02
  0.131263238E+03  0.77930E-01  0.30704E-02 -0.12727E-02  0.30700E-02
  0.134530300E+03  0.77930E-01  0.30327E-02 -0.12790E-02  0.30322E-02
  0.137834699E+03  0.77930E-01  0.29954E-02 -0.12853E-02  0.29950E-02
 -0.100418305E+02  0.50000E-02  0.73234E-02 -0.77072E-02  0.73284E-02
 -0.100418305E+02  0.10000E-01  0.73234E-02 -0.77055E-02  0.73337E-02
 -0.100418305E+02  0.12628E-01  0.73234E-02 -0.77046E-02  0.73364E-02
 -0.100418305E+02  0.18839E-01  0.73234E-02 -0.77025E-02  0.73429E-02
 -0.100418305E+02  0.28105E-01  0.73234E-02 -0.76994E-02  0.73526E-02
 -0.100418305E+02  0.41928E-01  0.73234E-02 -0.76948E-02  0.73670E-02
 -0.100418305E+02  0.62549E-01  0.73233E-02 -0.76877E-02  0.73885E-02
 -0.100418305E+02  0.93311E-01  0.73232E-02 -0.76770E-02  0.74204E-02
 -0.100418305E+02  0.13920E+00  0.73229E-02 -0.76605E-02  0.74680E-02
 -0.100418305E+02  0.20767E+00  0.73222E-02 -0.76352E-02  0.75387E-02
 -0.100418305E+02  0.30980E+00  0.73207E-02 -0.75953E-02  0.76433E-02
 -0.100418305E+02  0.46217E+00  0.73173E-02 -0.75316E-02  0.77975E-02
 -0.100418305E+02  0.68948E+00  0.73099E-02 -0.74270E-02  0.80229E-02
 -0.100418305E+02  0.10286E+01  0.72934E-02 -0.72512E-02  0.83472E-02
 -0.100418305E+02  0.15345E+01  0.72573E-02 -0.69482E-02  0.88001E-02
