   1.82313530767310        1.82313530767310        1.82313530767310     
   1.82313530767310        1.82313530767310        1.82313530767310     
   1.82313530767310        1.82313530767310        1.82313530767310     
   1.82313530767310     
   1.82313530767310        1.82313530767310        1.82313530767310     
   1.82313530767310        1.82313530767310        1.82313530767310     
   1.82313530767310        1.82313530767310        1.82313530767310     
   1.82313530767310     
   1.82313530767310        1.82313530767310        1.82313530767310     
   1.82313530767310        1.82313530767310        1.82313530767310     
   1.82313530767310        1.82313530767310        1.82313530767310     
   1.82313530767310     
