 #          32          32          32         120
#     2.6428894996643     6.2831897735596     2.6428894996643    10.0000000000000
 -1.029792580305265E-003 -1.394051974736773E-003 -1.737527231865562E-003
 -2.004659994619420E-003 -2.154276054166499E-003 -2.170685009983484E-003
 -2.038243503826601E-003 -1.772740845760585E-003 -1.386520645540181E-003
 -9.090876955727870E-004 -3.588324664489612E-004  2.481634134218769E-004
  8.814359070649260E-004  1.387131688752854E-003  1.540378768370622E-003
  1.166485011605912E-003  3.471584289747449E-004 -7.252688591198380E-004
 -1.264759134158113E-003 -1.275175147678954E-003 -9.758099471260828E-004
 -5.286395824484058E-004 -8.032069745808580E-005  2.914668559039471E-004
  5.602971125499317E-004  6.599867265980596E-004  6.605456446936449E-004
  5.735719684018427E-004  4.713055964725441E-004  3.654171230445978E-004
  2.620490508469513E-004  1.730734683323605E-004 -9.564220326829021E-004
 -1.318552981832457E-003 -1.674936251481310E-003 -1.973326447944356E-003
 -2.174220540289465E-003 -2.261699044455981E-003 -2.211531603654518E-003
 -2.034267419123930E-003 -1.724694320254013E-003 -1.312575137586374E-003
 -8.072820721086894E-004 -2.126791794146094E-004  4.506341140464167E-004
  1.024319256703997E-003  1.293189962298702E-003  1.073008619718634E-003
  3.673238369960355E-004 -6.776263173951404E-004 -1.214990868086439E-003
 -1.225025250272775E-003 -9.234630407253115E-004 -4.721047828563131E-004
 -2.050669109088576E-005  3.522992525297876E-004  6.193814901977318E-004
  7.154465307911938E-004  7.100423871275277E-004  6.154823411402166E-004
  5.050421126532859E-004  3.911456922183935E-004  2.805801226876217E-004
  1.855201685239985E-004 -8.837957358890741E-004 -1.246221001456227E-003
 -1.618887970899889E-003 -1.952587677260196E-003 -2.209064372074977E-003
 -2.371812708324989E-003 -2.407515469044646E-003 -2.321538046099816E-003
 -2.090357805551850E-003 -1.744326328675861E-003 -1.282577629387873E-003
 -6.967047589891713E-004  4.091926576042203E-006  6.570329679031940E-004
  1.055928249078454E-003  1.001930262647394E-003  4.042164303762917E-004
 -6.337663842040229E-004 -1.187779158923728E-003 -1.210930945197325E-003
 -9.157121471184500E-004 -4.639795081375839E-004 -9.297212315907339E-006
  3.665916299775404E-004  6.357364985149936E-004  7.336068035788366E-004
  7.283687128125277E-004  6.325976042858720E-004  5.198547117086814E-004
  4.032175782836184E-004  2.898903127004522E-004  1.922281224365660E-004
 -8.101925265022125E-004 -1.174753946934274E-003 -1.566383256345618E-003
 -1.938506623077125E-003 -2.253726982491216E-003 -2.494609107365704E-003
 -2.618461066215843E-003 -2.625569303356621E-003 -2.473881468379921E-003
 -2.193976349040093E-003 -1.774736714409110E-003 -1.194055361906436E-003
 -4.493925769737608E-004  2.927536639747276E-004  8.344782506567908E-004
  9.569474215877790E-004  4.586109120061263E-004 -5.944109845374216E-004
 -1.184206842340298E-003 -1.233977132535385E-003 -9.535757448714854E-004
 -5.051632661431045E-004 -4.771890494578956E-005  3.333902538216455E-004
  6.082941867168843E-004  7.133681854013452E-004  7.143192998587826E-004
  6.237367014084262E-004  5.146402820913031E-004  4.006501672255183E-004
  2.891737515364236E-004  1.925767976694767E-004 -7.333653289985536E-004
 -1.101392099530178E-003 -1.513997386123987E-003 -1.926775061155568E-003
 -2.302742622347318E-003 -2.623200281425059E-003 -2.836206437624633E-003
 -2.936703587897756E-003 -2.864946087030953E-003 -2.650698206688636E-003
 -2.272546191621244E-003 -1.694167798452426E-003 -9.002684712334177E-004
 -6.030975381897582E-005  6.353236892320009E-004  9.422535040036170E-004
  5.315763274056412E-004 -5.605388143140443E-004 -1.205867526948780E-003
 -1.295662806196266E-003 -1.038253426668940E-003 -5.966862215544470E-004
 -1.366166924426219E-004  2.518420555033537E-004  5.361305685367722E-004
  6.538040420508027E-004  6.668663750054806E-004  5.877894933637426E-004
  4.882767323738861E-004  3.823962805923944E-004  2.775696265836561E-004
  1.859141433897619E-004 -6.503704501984082E-004 -1.022754348193577E-003
 -1.457792879722464E-003 -1.912646449827873E-003 -2.350285629777611E-003
 -2.750449604254035E-003 -3.052338500411416E-003 -3.245491061319287E-003
 -3.253157200184793E-003 -3.103695920095398E-003 -2.765094410540728E-003
 -2.186654206662314E-003 -1.339223937096726E-003 -3.942232358004789E-004
  4.648093150899214E-004  9.622300956174559E-004  6.243654958040645E-004
 -5.328534407829152E-004 -1.254038598647267E-003 -1.397172679134732E-003
 -1.170618354684007E-003 -7.391500175191109E-004 -2.764478518445969E-004
  1.214720604307490E-004  4.187178148344988E-004  5.541302863072429E-004
  5.850445245585111E-004  5.236400980551303E-004  4.395686325166625E-004
  3.472733742394102E-004  2.540186843884534E-004  1.714063083855229E-004
 -5.576063104287463E-004 -9.346046544949122E-004 -1.392739920274364E-003
 -1.890113750130390E-003 -2.388951050422290E-003 -2.867154147524729E-003
 -3.255795210543438E-003 -3.539109965094718E-003 -3.624444763478305E-003
 -3.538469864066323E-003 -3.238022496741438E-003 -2.657708810381820E-003
 -1.754023574128291E-003 -6.987553301537901E-004  3.308305967812384E-004
  1.021544031280954E-003  7.366230698773965E-004 -5.134168877328576E-004
 -1.330479429385638E-003 -1.539639707146351E-003 -1.351268251239830E-003
 -9.328517801330206E-004 -4.674370096299778E-004 -5.798877665157312E-005
  2.556153746189547E-004  4.135777517661121E-004  4.677245756539288E-004
  4.297945774935154E-004  3.667720428869169E-004  2.934670827640105E-004
  2.168572101289038E-004  1.476696916676515E-004 -4.504275152827860E-004
 -8.316266091732039E-004 -1.312712262041061E-003 -1.851871564958031E-003
 -2.409982306547610E-003 -2.962840548701980E-003 -3.434359836696345E-003
 -3.803909867372807E-003 -3.964353767374667E-003 -3.939642036847689E-003
 -3.676034278019849E-003 -3.093097793776246E-003 -2.132094371196376E-003
 -9.635405021608069E-004  2.410014129033079E-004  1.124151906806739E-003
  8.667749273761341E-004 -5.062047626508188E-004 -1.438511475520815E-003
 -1.724967332547858E-003 -1.580899376913683E-003 -1.177774748615284E-003
 -7.092968541620322E-004 -2.863135526483174E-004  4.672930858556307E-005
  2.316022406595634E-004  3.138083082440997E-004  3.046379647741003E-004
  2.678623049294401E-004  2.187436869234811E-004  1.638916484904348E-004
  1.129451530165205E-004 -3.236858654968844E-004 -7.080017705459716E-004
 -1.210794181772992E-003 -1.789329263629084E-003 -2.402654716166221E-003
 -3.024378063276271E-003 -3.572666803667211E-003 -4.022497675504042E-003
 -4.254026811626541E-003 -4.287870992612260E-003 -4.059785548551821E-003
 -3.474357477810270E-003 -2.457032212542296E-003 -1.175037785116721E-003
  2.051411532415673E-004  1.274154226902216E-003  1.010353624278199E-003
 -5.176581341589440E-004 -1.582781728968443E-003 -1.955557203339453E-003
 -1.860157083158047E-003 -1.473537363244669E-003 -1.001203633469464E-003
 -5.627213716976383E-004 -2.075156020522990E-004  8.000831507322679E-006
  1.223347669608986E-004  1.463677842111761E-004  1.403606258889696E-004
  1.202905022750867E-004  9.236773490746482E-005  6.481046897258880E-005
 -1.716052016433817E-004 -5.574633133848458E-004 -1.079437708424382E-003
 -1.692706671805241E-003 -2.354280204572279E-003 -3.035970807144320E-003
 -3.652043680095261E-003 -4.173712966622421E-003 -4.470738700688222E-003
 -4.559421575999244E-003 -4.365455072294697E-003 -3.778854481430708E-003
 -2.708934092495854E-003 -1.317465788524333E-003  2.333592491013209E-004
  1.473453804036728E-003  1.157671495944456E-003 -5.597979667667337E-004
 -1.771517660130148E-003 -2.235193333324938E-003 -2.189496146201238E-003
 -1.818652848555886E-003 -1.340844055233871E-003 -8.848198133900384E-004
 -5.051938198700591E-004 -2.562113655506110E-004 -1.067610034589745E-004
 -4.620146441817708E-005 -1.791919802074180E-005 -4.854692209602316E-006
 -9.572815291713166E-007  2.841888094275474E-007  1.123289959774224E-005
 -3.741753813900896E-004 -9.110625597613196E-004 -1.551401604042839E-003
 -2.250303532056759E-003 -2.978696256752904E-003 -3.649464874208517E-003
 -4.231037844400386E-003 -4.585402794414227E-003 -4.723681235884505E-003
 -4.562290626030330E-003 -3.977325466269420E-003 -2.861956487806487E-003
 -1.370762272056674E-003  3.368931868652627E-004  1.719726067209935E-003
  1.289078292338455E-003 -6.531363696526940E-004 -2.017151863019971E-003
 -2.568304805628662E-003 -2.567771853537182E-003 -2.208823925076396E-003
 -1.722591594421789E-003 -1.246912581016874E-003 -8.413213256516504E-004
 -5.572727118719555E-004 -3.712954700449414E-004 -2.726168528258856E-004
 -2.082180789680336E-004 -1.593270662502039E-004 -1.196143588369744E-004
 -8.429009880995355E-005  2.280079738431824E-004 -1.548061681399613E-004
 -6.996990689991939E-004 -1.354640294962438E-003 -2.074029015944434E-003
 -2.829692402035491E-003 -3.536428344306655E-003 -4.161105748732885E-003
 -4.561098201781242E-003 -4.741383786495065E-003 -4.610195358008073E-003
 -4.031031160189324E-003 -2.881876696699074E-003 -1.309178983952487E-003
  5.276521339077017E-004  2.003239591226452E-003  1.369139850829503E-003
 -8.317353346492165E-004 -2.338831672212015E-003 -2.960105741780407E-003
 -2.990800661606537E-003 -2.634704593002189E-003 -2.134926282981009E-003
 -1.637232302712488E-003 -1.205092577508979E-003 -8.861335271354282E-004
 -6.644258734170645E-004 -5.285699254089441E-004 -4.288529980097592E-004
 -3.439692584478393E-004 -2.664160485300210E-004 -1.927260686061712E-004
  4.752341583395539E-004  9.725440855507645E-005 -4.445078659080118E-004
 -1.094384371658520E-003 -1.808939439612073E-003 -2.563906527664990E-003
 -3.280087305354962E-003 -3.924332113305676E-003 -4.352740329779199E-003
 -4.563397180809310E-003 -4.458065379457178E-003 -3.889884905958667E-003
 -2.724088786414909E-003 -1.100014807279039E-003  8.170394251112940E-004
  2.301165815635616E-003  1.337088039693261E-003 -1.150237781383426E-003
 -2.764374399659090E-003 -3.414718880346862E-003 -3.447363968951845E-003
 -3.076953164116976E-003 -2.555273204621195E-003 -2.032995990540978E-003
 -1.575265219729917E-003 -1.224139224709140E-003 -9.707174111578426E-004
 -8.022608672620134E-004 -6.719474864249835E-004 -5.549798822861472E-004
 -4.413161516074412E-004 -3.276636279334863E-004  7.340248011842696E-004
  3.637821006389520E-004 -1.562910531333717E-004 -7.703737361496766E-004
 -1.442528460559068E-003 -2.156976741680249E-003 -2.845381990386414E-003
 -3.476048424947155E-003 -3.907635977661604E-003 -4.130720509573227E-003
 -4.043044436621430E-003 -3.491129180494031E-003 -2.332280284290632E-003
 -7.035248076071796E-004  1.212680699396959E-003  2.568637940810601E-003
  1.093388819873378E-003 -1.693657148780636E-003 -3.332912169264636E-003
 -3.932334711550144E-003 -3.913317320094897E-003 -3.498991015643093E-003
 -2.942389518638260E-003 -2.392866434048178E-003 -1.912897578625675E-003
 -1.536055746964002E-003 -1.259412452289822E-003 -1.067965989054914E-003
 -9.173383784341519E-004 -7.784022154284342E-004 -6.367567645689181E-004
 -4.872463090675955E-004  9.526700475831489E-004  5.968316075110966E-004
  1.298382421527136E-004 -4.008847942802407E-004 -9.759853985143167E-004
 -1.594123276131821E-003 -2.203061334535784E-003 -2.773900616725167E-003
 -3.171752525682816E-003 -3.379349384376560E-003 -3.293935690597721E-003
 -2.761268979022409E-003 -1.639616070904003E-003 -7.516855664109430E-005
  1.711414750360701E-003  2.724312999079818E-003  4.847673741520004E-004
 -2.583068376080373E-003 -4.089370672075198E-003 -4.496851068312467E-003
 -4.336443854026327E-003 -3.831466153467036E-003 -3.221426879538258E-003
 -2.642918629465117E-003 -2.148298813510637E-003 -1.758004795967947E-003
 -1.473058328269508E-003 -1.275118706151153E-003 -1.121944631411303E-003
 -9.797397098939827E-004 -8.282213983981284E-004 -6.572859748996208E-004
  1.018996315846684E-003  6.968534961090093E-004  3.366569169724812E-004
 -3.976918575132768E-005 -4.414544793074601E-004 -8.880060135902653E-004
 -1.348038280284050E-003 -1.796354655153756E-003 -2.108229313282292E-003
 -2.258544907903884E-003 -2.148849991818597E-003 -1.633032753154176E-003
 -5.851370106479661E-004  8.169213823836368E-004  2.277882932441545E-003
  2.629686339332875E-003 -6.939194871259327E-004 -3.956563538474763E-003
 -5.056387657343809E-003 -5.046216532287685E-003 -4.609094026055458E-003
 -3.948100998651412E-003 -3.262808352222427E-003 -2.658035699671976E-003
 -2.164152554279760E-003 -1.781578831286925E-003 -1.512231078493948E-003
 -1.333191663830414E-003 -1.204394629513680E-003 -1.088144296057650E-003
 -9.578609160270368E-004 -7.958203396483638E-004  7.236716773083841E-004
  4.834698882544101E-004  3.158074082959834E-004  1.925126893206720E-004
  6.362987662185009E-005 -1.165277616544015E-004 -3.409562344639605E-004
 -5.874804555733796E-004 -7.454876174874087E-004 -7.820167033365725E-004
 -6.094668023301607E-004 -1.028009824834553E-004  8.245459496899238E-004
  1.924216068454768E-003  2.772603750029638E-003  2.049655371286875E-003
 -2.619116353882490E-003 -5.847463858783172E-003 -6.127363827144411E-003
 -5.391968746126678E-003 -4.510197701620390E-003 -3.623421892158184E-003
 -2.849892000981881E-003 -2.235380134934897E-003 -1.772392739341377E-003
 -1.432576058796304E-003 -1.214995639355702E-003 -1.090924680737046E-003
 -1.023216369912371E-003 -9.726014189001079E-004 -9.084811069795620E-004
 -8.052434264084266E-004 -2.072985873799433E-004 -2.732307286787673E-004
 -1.336415210777825E-004  1.096413543924552E-004  3.593894497958116E-004
  5.421380773570985E-004  6.390880784743480E-004  6.709002472138983E-004
  7.311494069189420E-004  8.595822741076196E-004  1.124350839886913E-003
  1.611370078711242E-003  2.334065420424831E-003  2.919392788244968E-003
  2.766856321362443E-003  6.112177519105552E-004 -5.077841468288392E-003
 -7.737034770407345E-003 -6.747263677510912E-003 -5.037763954734998E-003
 -3.619272001473987E-003 -2.503263052183026E-003 -1.679944884770549E-003
 -1.110234665155940E-003 -7.357374296914961E-004 -4.931968589308418E-004
 -3.768532010874773E-004 -3.525389628332268E-004 -3.880674560475680E-004
 -4.467491738410763E-004 -4.992471712861921E-004 -5.170410126836572E-004
 -1.744309705028695E-003 -1.536858926042513E-003 -1.009379122098345E-003
 -3.418342740479363E-004  3.256244188283929E-004  8.969267342937449E-004
  1.327348253879456E-003  1.637242861531176E-003  1.897802526425725E-003
  2.151485497115304E-003  2.435111682718729E-003  2.773587652610688E-003
  3.073973893936480E-003  2.809647127107388E-003  1.278601348417476E-003
 -2.083477163282086E-003 -6.560982593711211E-003 -7.464300088992194E-003
 -5.226618762457556E-003 -2.888430255324402E-003 -1.280735718083416E-003
 -2.112065180308971E-004  4.580149367171749E-004  8.355288498820849E-004
  1.015616862999932E-003  1.085155853323933E-003  1.046228149998387E-003
  9.319234696372190E-004  7.639473149376637E-004  5.703716318372925E-004
  3.719794314157885E-004  1.906630170981981E-004 -2.364445739164136E-003
 -1.988593902894947E-003 -1.241560402449332E-003 -3.554395164725016E-004
  5.011019130223801E-004  1.217186165617705E-003  1.719851571498253E-003
  2.024388406935384E-003  2.167926855691041E-003  2.185384664828182E-003
  2.068448848531906E-003  1.776159209292656E-003  1.153019552061129E-003
 -2.570013443223422E-004 -2.575005892749350E-003 -4.813849831869515E-003
 -4.662012245546124E-003 -2.146702730153990E-003  1.858607071790998E-004
  1.606726435948511E-003  2.246406361742812E-003  2.536398948198400E-003
  2.624803118428483E-003  2.581427862879454E-003  2.461023491557109E-003
  2.326143268373996E-003  2.145382722612872E-003  1.932170387560254E-003
  1.685660212523102E-003  1.417197330932669E-003  1.132485324914207E-003
  8.387011774140886E-004 -2.195112196251971E-003 -1.928813226686466E-003
 -1.316529706348691E-003 -5.992613212246532E-004  4.857305573745931E-005
  5.161761881081101E-004  7.091117942345025E-004  6.466839426916336E-004
  3.444951843197387E-004 -1.391962054684648E-004 -8.072169451929488E-004
 -1.679458447793613E-003 -2.837181690234895E-003 -4.494276495353092E-003
 -6.118726394675291E-003 -5.233110009228978E-003 -1.253146075910299E-003
  1.670200452150043E-003  2.801405908660833E-003  2.903679702306622E-003
  2.593358140602127E-003  2.311072496180094E-003  2.104937640122576E-003
  1.950712728072699E-003  1.835573633362794E-003  1.783629773507943E-003
  1.724804080587725E-003  1.651536127789593E-003  1.541288344394751E-003
  1.392080461869810E-003  1.198191674776982E-003  9.560771982477647E-004
 -1.879537425487009E-003 -1.644335276853047E-003 -1.153692372704490E-003
 -6.208963277031888E-004 -2.027893465508263E-004  7.318017330770723E-006
 -9.626135504128666E-005 -4.755123685413707E-004 -1.117806349988813E-003
 -1.907401862361256E-003 -2.789990060652397E-003 -3.691703734649982E-003
 -4.546311682488616E-003 -5.387555143409546E-003 -5.707616132761785E-003
 -3.383604483255092E-003  1.477444768415029E-003  3.052647260215749E-003
  2.803335726768486E-003  2.003773094953420E-003  1.202556418272871E-003
  7.143113073760309E-004  4.850250776697172E-004  4.188931673110921E-004
  4.560627368837043E-004  5.970745428559261E-004  7.444402703226663E-004
  8.774459283653041E-004  9.584954971213521E-004  9.796628945391503E-004
  9.308159775990435E-004  8.061039024304453E-004 -6.997088383508720E-004
 -3.843622759623785E-004  7.113611519446786E-005  4.900540958371585E-004
  7.439171460061006E-004  7.630009045495479E-004  4.298793603503908E-004
 -2.003410892254274E-004 -1.125910423203235E-003 -2.180310886409042E-003
 -3.265310008497911E-003 -4.230665364460438E-003 -4.879478719657294E-003
 -5.064047777345008E-003 -4.305562535556588E-003 -1.301328192007703E-003
  2.779328609622389E-003  3.138071750834513E-003  2.021879660078646E-003
  7.174163300817894E-004 -3.421283973527502E-004 -9.242754337461677E-004
 -1.138395277757255E-003 -1.120009211311825E-003 -9.567668252730473E-004
 -6.607731996848668E-004 -3.491087993941531E-004 -5.110862519545109E-005
  1.846679152817068E-004  3.492025995249285E-004  4.325486195237172E-004
  4.307731201509294E-004  7.566089493382527E-004  1.238586804991266E-003
  1.755922112603313E-003  2.160345860340006E-003  2.351013958415294E-003
  2.280884015632925E-003  1.817559015658787E-003  1.028788219663648E-003
 -1.050153683463663E-004 -1.377872729217847E-003 -2.670249506840703E-003
 -3.790642835984919E-003 -4.459220540872090E-003 -4.382217754041462E-003
 -3.065973205514173E-003  1.316587230659315E-004  3.150073021996282E-003
  2.725186002780785E-003  1.173180765779082E-003 -3.753553467041984E-004
 -1.567128771965795E-003 -2.204000739102841E-003 -2.414157976531031E-003
 -2.349720296245701E-003 -2.112263354547189E-003 -1.718972595084518E-003
 -1.300320153456889E-003 -8.906803279232289E-004 -5.464653333051347E-004
 -2.749443997199394E-004 -8.400816562891861E-005  2.416999296878768E-005
  2.067350514566704E-003  2.760546386140813E-003  3.412823848672573E-003
  3.891142453342832E-003  4.115312499690237E-003  4.056822924573238E-003
  3.563743419925846E-003  2.712618563966387E-003  1.454026082826663E-003
  2.555124784765167E-005 -1.448426582105427E-003 -2.713342504519355E-003
 -3.550064958214420E-003 -3.507837978796528E-003 -2.065997442188560E-003
  9.967244411028405E-004  3.086522018492958E-003  2.220506329082076E-003
  4.951916808681210E-004 -1.146336740160282E-003 -2.400378545975679E-003
 -3.078445506599607E-003 -3.297177576230471E-003 -3.218239611748944E-003
 -2.948021602405519E-003 -2.503802685849971E-003 -2.024238413774353E-003
 -1.546027183285933E-003 -1.131012866813030E-003 -7.836792386733279E-004
 -5.099856955692713E-004 -3.123281062899294E-004  3.109626198509197E-003
  4.024609849473536E-003  4.854450237508657E-003  5.469992031109981E-003
  5.803383582946162E-003  5.838951006129106E-003  5.400378484994207E-003
  4.569128402462642E-003  3.259450118963400E-003  1.736092813540443E-003
  1.855934568462151E-004 -1.202310124865697E-003 -2.276652103249698E-003
 -2.440522989814850E-003 -1.148102276386027E-003  1.583258282902005E-003
  2.928026788625522E-003  1.841262069528017E-003  9.050118089340460E-005
 -1.560641324914646E-003 -2.840306782253256E-003 -3.580797617257631E-003
 -3.840530557411366E-003 -3.768438333344815E-003 -3.494293019456447E-003
 -3.032486105325977E-003 -2.525658749920803E-003 -2.010924444535451E-003
 -1.553806758955394E-003 -1.156100394017728E-003 -8.228038835124885E-004
 -5.582753659152585E-004  3.900557781176910E-003  5.029700814997238E-003
  6.057218983356859E-003  6.850653365622212E-003  7.347082053750942E-003
  7.538353896025032E-003  7.218660133979583E-003  6.471440325077379E-003
  5.168666331096249E-003  3.608315859679235E-003  1.980668118648904E-003
  4.197180909311084E-004 -9.056716707909017E-004 -1.350542944665615E-003
 -3.497556791572610E-004  1.959553028188411E-003  2.726804061206759E-003
  1.572465984870001E-003 -1.023002013024927E-004 -1.698403602264643E-003
 -2.966423576268636E-003 -3.747397506414530E-003 -4.079806145643840E-003
 -4.062467898448288E-003 -3.804289026148329E-003 -3.348827098950677E-003
 -2.839376258623720E-003 -2.312181201602722E-003 -1.835138169374273E-003
 -1.408039559886603E-003 -1.035739959440590E-003 -7.253932301715110E-004
  4.500171743999557E-003  5.829774978172270E-003  7.062444971477474E-003
  8.058242993661141E-003  8.754250885332687E-003  9.145293311940065E-003
  8.991768787370525E-003  8.376210125598903E-003  7.048102552807256E-003
  5.417810912526622E-003  3.692656540346096E-003  1.981884140187351E-003
  4.142360768453469E-004 -3.383040095870483E-004  3.041564191469438E-004
  2.158990913645493E-003  2.480218146069745E-003  1.365284297122012E-003
 -1.612961317099589E-004 -1.652013718080209E-003 -2.874776703230452E-003
 -3.678969638163367E-003 -4.055784593254869E-003 -4.117385848235647E-003
 -3.928827719225989E-003 -3.497614667898707E-003 -3.004224790054634E-003
 -2.483299944303631E-003 -2.004010492551909E-003 -1.564866122536016E-003
 -1.171131280834841E-003 -8.327656501446699E-004  4.970320075298469E-003
  6.487761198041644E-003  7.927348623248856E-003  9.140367671337976E-003
  1.006057962639392E-002  1.068274419703824E-002  1.072940504660080E-002
  1.012806126049605E-002  8.736280693920247E-003  7.070107188141615E-003
  5.253114667324931E-003  3.401655730258656E-003  1.604073569405115E-003
  5.375844348764104E-004  7.945037430317427E-004  2.192298878374920E-003
  2.167423509491753E-003  1.169849459094772E-003 -1.536586099747544E-004
 -1.497202743817615E-003 -2.643565068888752E-003 -3.452346925987023E-003
 -3.863690902084204E-003 -3.968885320054906E-003 -3.863663154479135E-003
 -3.516001053947193E-003 -3.053578594814636E-003 -2.554154751900119E-003
 -2.087173978826629E-003 -1.650431850026962E-003 -1.249762041924105E-003
 -8.976370204901567E-004  5.361388565486908E-003  7.057516103335056E-003
  8.704564059058445E-003  1.014449650102100E-002  1.130606263838963E-002
  1.218166964490903E-002  1.229681636749576E-002  1.168066050974887E-002
  1.031498167633437E-002  8.596397700146238E-003  6.663515071008878E-003
  4.658469009459207E-003  2.638267563566037E-003  1.257230444378391E-003
  1.119359649443272E-003  2.070814364659519E-003  1.775830185464825E-003
  9.559639655007966E-004 -1.193333269667105E-004 -1.279597943448707E-003
 -2.321076573327335E-003 -3.115279278914380E-003 -3.549650292301254E-003
 -3.694166467229669E-003 -3.636908644176248E-003 -3.387571467445844E-003
 -3.013220252493982E-003 -2.548255391456359E-003 -2.105931591481187E-003
 -1.683717378795989E-003 -1.287964435540273E-003 -9.331736680145629E-004
  5.710953910039807E-003  7.581533077660662E-003  9.437883208420355E-003
  1.111283460158161E-002  1.252901279978979E-002  1.358546788031253E-002
  1.379620660956390E-002  1.333713491856382E-002  1.197168207497814E-002
  1.015388206618867E-002  8.042870717486394E-003  5.834948488651928E-003
  3.580118200423729E-003  1.869506466166267E-003  1.320484327618088E-003
  1.827031670838940E-003  1.308480912785101E-003  7.070217330279353E-004
 -8.718902402965497E-005 -1.036262579686907E-003 -1.948696258045803E-003
 -2.709174090983832E-003 -3.154260276743026E-003 -3.333371282039790E-003
 -3.324772341570814E-003 -3.129760195959672E-003 -2.857789042799281E-003
 -2.482248557090984E-003 -2.075500785977082E-003 -1.678297980934324E-003
 -1.297296967770498E-003 -9.485636389104178E-004  6.045816792366812E-003
  8.090122546022052E-003  1.015922447491177E-002  1.207637585573968E-002
  1.374653056637109E-002  1.508329570660044E-002  1.556646585516230E-002
  1.526507669522546E-002  1.386740636069598E-002  1.188601924690438E-002
  9.502440337588552E-003  7.006073828153302E-003  4.487391720859811E-003
  2.415455267418659E-003  1.425463129426007E-003  1.474410990346955E-003
  7.553263865160947E-004  3.994364168368505E-004 -8.734936972118901E-005
 -7.997721963318628E-004 -1.558916632403218E-003 -2.260708670110405E-003
 -2.699369451633138E-003 -2.906014770320952E-003 -2.945787057127352E-003
 -2.809814559638486E-003 -2.596439159220248E-003 -2.327595114245437E-003
 -2.006243985052521E-003 -1.643340191508484E-003 -1.285472260670482E-003
 -9.498124786102499E-004  6.381427421640914E-003  8.602770748709639E-003
  1.088908017752336E-002  1.314225073657927E-002  1.524952290576483E-002
  1.698714486580711E-002  1.777251568914959E-002  1.764211892226959E-002
  1.618455959166757E-002  1.396524441077808E-002  1.118201731165949E-002
  8.265227933177854E-003  5.427497203282850E-003  2.933026454202588E-003
  1.443339813882458E-003  9.953650252177021E-004  7.203928171203013E-005
 -2.380544447842032E-005 -1.786189743910340E-004 -6.238607873004876E-004
 -1.197200105987279E-003 -1.799269252027269E-003 -2.202571822270400E-003
 -2.423754214776292E-003 -2.508686842137444E-003 -2.435160110934839E-003
 -2.284606410549155E-003 -2.074896585637005E-003 -1.860865777410455E-003
 -1.584762115263699E-003 -1.257325951819167E-003 -9.406944892397862E-004
  6.730317946750795E-003  9.133619329387442E-003  1.180131454393426E-002
  1.459391355437035E-002  1.714675898889224E-002  1.935099818015935E-002
  2.050447292284410E-002  2.059891550020105E-002  1.909027804309647E-002
  1.658104229241185E-002  1.326336034869892E-002  9.754645813026137E-003
  6.515381195118942E-003  3.493768078308469E-003  1.391456735120161E-003
  3.512619170641185E-004 -8.240201314385539E-004 -6.614239551549754E-004
 -4.572117397827229E-004 -5.929357050992011E-004 -9.329654989110288E-004
 -1.368676464822840E-003 -1.690607056274979E-003 -1.905305928489086E-003
 -2.028744005579700E-003 -2.019691235474914E-003 -1.935759909369560E-003
 -1.789061169245536E-003 -1.632025523331748E-003 -1.462301554209908E-003
 -1.215459170415023E-003 -9.231483441077736E-004  7.096678699653722E-003
  9.866357870717315E-003  1.312963471014816E-002  1.637272073204372E-002
  1.944049272141117E-002  2.220344698656993E-002  2.382943731127933E-002
  2.425480771840798E-002  2.276166799010560E-002  1.996631520934322E-002
  1.600650987252288E-002  1.171038099039341E-002  7.956786438532053E-003
  4.241270098067433E-003  1.324311166734708E-003 -4.958163660813692E-004
 -2.037994853346130E-003 -1.641512594940724E-003 -1.036615106711368E-003
 -7.904198741956563E-004 -8.214034532265612E-004 -9.874974847756599E-004
 -1.162612481156686E-003 -1.343677120355405E-003 -1.498242863136941E-003
 -1.556764417815899E-003 -1.544671413849987E-003 -1.466424838569795E-003
 -1.370595327708820E-003 -1.256240803423484E-003 -1.118709684224974E-003
 -8.984125946764835E-004  7.655864402595604E-003  1.098511394733558E-002
  1.465788483950004E-002  1.841034268513382E-002  2.207817578402097E-002
  2.551893098490533E-002  2.776568528840246E-002  2.869449602798899E-002
  2.737283683216916E-002  2.440397795522570E-002  1.979935341562752E-002
  1.456536466087303E-002  1.017977310988283E-002  5.541840141079554E-003
  1.472772046309495E-003 -1.488012109391068E-003 -3.639215643493515E-003
 -3.065765543682990E-003 -1.987470068869270E-003 -1.245763101235879E-003
 -8.673002157010177E-004 -6.338076505785690E-004 -5.913216198494426E-004
 -7.165502345362962E-004 -9.011681785085600E-004 -1.035465008185156E-003
 -1.104074229693168E-003 -1.102385932673053E-003 -1.074018651742251E-003
 -1.020338538299060E-003 -9.361111776239386E-004 -8.226240860749240E-004
  8.504767459290158E-003  1.216100149170594E-002  1.628125239531203E-002
  2.060321330196424E-002  2.496208239404138E-002  2.921399572670399E-002
  3.226267116028626E-002  3.392949519284405E-002  3.303919208518012E-002
  3.016941885754501E-002  2.512859154147516E-002  1.898230270646047E-002
  1.390500204961425E-002  8.098731880385584E-003  2.360354542276451E-003
 -2.416064416168719E-003 -5.650220329742125E-003 -4.967028110773410E-003
 -3.249450023148847E-003 -1.835166320790094E-003 -9.406129343176294E-004
 -1.928160124244851E-004  1.065851580201627E-004  3.187819964539804E-005
 -2.005580290417835E-004 -4.306160189505337E-004 -5.961381062342721E-004
 -6.837493153539670E-004 -7.324756313508069E-004 -7.471691017353805E-004
 -7.229665752126226E-004 -6.594181023878356E-004  9.281264693256526E-003
  1.327760867427985E-002  1.787007697012926E-002  2.280663941831054E-002
  2.793133884202700E-002  3.311533044963079E-002  3.714554646242358E-002
  3.980961517315927E-002  3.968266429253287E-002  3.733819403990975E-002
  3.235018384430548E-002  2.565999204523084E-002  2.001969240694241E-002
  1.301805691542824E-002  5.113409841639928E-003 -2.519474892240713E-003
 -7.654431982134215E-003 -6.899782123715739E-003 -4.305022992418840E-003
 -2.105753151981345E-003 -7.183679671949447E-004  5.173621426294872E-004
  1.014361960797454E-003  9.313915424400989E-004  6.074829852927261E-004
  2.505970126193450E-004 -3.171596875560906E-005 -2.220229624174479E-004
 -3.567095156531222E-004 -4.466457117567052E-004 -4.880282266294094E-004
 -4.796831799333585E-004  9.914109940844452E-003  1.424442783744620E-002
  1.930939464364618E-002  2.487428750147141E-002  3.080138073463935E-002
  3.699149137523703E-002  4.213375706078703E-002  4.600881643955749E-002
  4.695381765793914E-002  4.559718569879474E-002  4.132032860997307E-002
  3.475206333491569E-002  2.878466114733867E-002  2.095128777436264E-002
  1.100095150227634E-002 -3.641616895894190E-004 -8.421193314804093E-003
 -7.605885005373370E-003 -4.197931420732963E-003 -1.494145114643429E-003
  9.111503258798874E-005  1.563008565525750E-003  2.090827055541029E-003
  1.907820063686955E-003  1.446935684413504E-003  9.405191445680091E-004
  5.323745354759440E-004  2.363499607506293E-004  1.544977060150965E-005
 -1.494633695287907E-004 -2.568052567741887E-004 -3.046774355213844E-004
  1.039765968927070E-002  1.503892981610013E-002  2.055393214203637E-002
  2.673038412510844E-002  3.345597749073123E-002  4.067229121759845E-002
  4.698817710999148E-002  5.220203181051394E-002  5.443527987428567E-002
  5.443273595611738E-002  5.147068927772625E-002  4.569972416655482E-002
  3.939420090315966E-002  3.094702915833372E-002  1.956060983034868E-002
  4.857502396706659E-003 -6.570546845834638E-003 -6.092711015262088E-003
 -2.650278427598134E-003 -1.334541686475908E-005  1.430222911592788E-003
  2.799944071231389E-003  3.178944319098917E-003  2.828394005706309E-003
  2.213614984452426E-003  1.559531997609590E-003  1.035499019896408E-003
  6.446472683448227E-004  3.476980826367929E-004  1.160037870006338E-004
 -5.190073077625201E-005 -1.526808133855287E-004  1.076653214784863E-002
  1.567893584697637E-002  2.159919476379956E-002  2.834020001368495E-002
  3.581885465752728E-002  4.402315447201594E-002  5.149534392001689E-002
  5.806578354687780E-002  6.165985672969352E-002  6.317667679901529E-002
  6.185371013663899E-002  5.724725955326442E-002  5.030814760812281E-002
  4.092371433152488E-002  2.809913525958683E-002  1.128606649098971E-002
 -2.566001709082350E-003 -3.737529909206467E-003 -9.419007074198424E-004
  1.473327819802185E-003  2.783911638308088E-003  3.867880883553692E-003
  4.019668751767942E-003  3.507170668705380E-003  2.772274906408017E-003
  2.006685102058974E-003  1.400255582517995E-003  9.419560951271854E-004
  5.910427425524544E-004  3.093085008392649E-004  9.270321568352026E-005
 -5.306722732736957E-005  1.114006291068245E-002  1.628906094558897E-002
  2.257218816311865E-002  2.982894431056887E-002  3.800694156397115E-002
  4.714155094499620E-002  5.571843980696438E-002  6.360395143412159E-002
  6.854261958945876E-002  7.158820023398435E-002  7.195082145665306E-002
  6.855678540855435E-002  6.086266270074641E-002  5.031385653938294E-002
  3.594013735400708E-002  1.777829528681098E-002  3.255676807045588E-003
  8.747993122207446E-004  2.524798796107999E-003  4.233785795216834E-003
  5.093765803009651E-003  5.501631562212312E-003  5.173571936977477E-003
  4.367920778616459E-003  3.444293245955874E-003  2.527305676882043E-003
  1.815613765186414E-003  1.275228578852771E-003  8.610401563064910E-004
  5.224728201500075E-004  2.511628047174612E-004  5.466560782936765E-005
  1.148904280372985E-002  1.684996188421656E-002  2.346136200237118E-002
  3.118928503684290E-002  4.001218818657861E-002  5.000952040606807E-002
  5.961682650939160E-002  6.873128816000285E-002  7.492840396435566E-002
  7.938520468923599E-002  8.125128479416738E-002  7.887906754333415E-002
  7.054676404655352E-002  5.886570615069358E-002  4.288646181141927E-002
  2.318739172080110E-002  8.441394946183694E-003  6.385942512806465E-003
  7.628799324145665E-003  8.627998493225233E-003  8.804255766520658E-003
  8.206541792342594E-003  7.105558454047104E-003  5.796149022687596E-003
  4.537583744402832E-003  3.363939600967619E-003  2.472532966776870E-003
  1.795822599891081E-003  1.279131340002086E-003  8.544796519031505E-004
  5.057694172824515E-004  2.403775094869145E-004  1.182252479392052E-002
  1.738057840100069E-002  2.429548841920519E-002  3.245808125376922E-002
  4.187770906777672E-002  5.267104902267412E-002  6.322876252860671E-002
  7.346857063157415E-002  8.081053766270334E-002  8.650973926235253E-002
  8.961748207439195E-002  8.803195172547403E-002  7.928437203286166E-002
  6.657226940269348E-002  4.878627132587359E-002  2.685706006110029E-002
  1.146917985123095E-002  1.050735808009670E-002  1.244772118170658E-002
  1.344990659166670E-002  1.325307642307704E-002  1.174292683055497E-002
  9.801802769697745E-003  7.872592652016799E-003  6.163823430165431E-003
  4.630993846080973E-003  3.476470931232639E-003  2.596761258891086E-003
  1.926093226318793E-003  1.375203377961675E-003  9.171630174320519E-004
  5.572022313727504E-004  1.210936633971466E-002  1.791448817789145E-002
  2.512196291227952E-002  3.369945046584496E-002  4.368448953056624E-002
  5.522739513505769E-002  6.667871765406323E-002  7.796653241253740E-002
  8.637347503789451E-002  9.319529129356310E-002  9.736676287347473E-002
  9.646123828498623E-002  8.756388010617482E-002  7.391397053984305E-002
  5.400426813739521E-002  2.896029976403667E-002  1.214421607136783E-002
  1.233597149177161E-002  1.560456568192679E-002  1.733783193448574E-002
  1.733756443013118E-002  1.534749204872981E-002  1.277955082634617E-002
  1.030260212675643E-002  8.147027495575321E-003  6.225130842290218E-003
  4.768240482197534E-003  3.645686557063578E-003  2.786213785962319E-003
  2.079335294460881E-003  1.486573834654193E-003  9.823321321762904E-004
  1.223714496845117E-002  1.844589573486481E-002  2.600553279870474E-002
  3.499689775334661E-002  4.554109832208351E-002  5.781666575124351E-002
  7.014332144759879E-002  8.245320162568585E-002  9.191750622068066E-002
  9.984582333828169E-002  0.105055984538842       0.104892409991585     
  9.612771548987921E-002  8.161656122802539E-002  5.920005315431269E-002
  3.005700681627826E-002  1.090516715381223E-002  1.202935599944979E-002
  1.683315817444744E-002  1.971237335970959E-002  2.036265224622363E-002
  1.836033590317884E-002  1.549310880980178E-002  1.266163622145376E-002
  1.016520462427522E-002  7.904432427404830E-003  6.165731853929502E-003
  4.804519900740773E-003  3.753703171938952E-003  2.885246961961491E-003
  2.122440742563374E-003  1.338167835115501E-003  1.243822554940715E-002
  1.886425502754945E-002  2.699957059448313E-002  3.647749305807960E-002
  4.760383482033932E-002  6.063611925815486E-002  7.387358579616950E-002
  8.725243016247407E-002  9.785890385712984E-002  0.107002103251258     
  0.113389650471828       0.114185230394318       0.105859636239619     
  9.055276407544550E-002  6.516284008422564E-002  3.076531030471996E-002
  8.247033769382114E-003  1.002220667932596E-002  1.640118553740781E-002
  2.061348733719234E-002  2.217751746803435E-002  2.050776077605216E-002
  1.763369764438533E-002  1.465594345104052E-002  1.195959499188122E-002
  9.449432126461828E-003  7.486304776734849E-003  5.922695451535839E-003
  4.705153047913364E-003  3.682351680354227E-003  2.667236298284786E-003
  1.749846426910748E-003  1.272218787749824E-002  1.941238163556065E-002
  2.793397112600841E-002  3.821077489577116E-002  5.005505545951054E-002
  6.391531589344560E-002  7.816345614384748E-002  9.274426397508170E-002
  0.104689107208731       0.115300660984484       0.123184672969854     
  0.125333047786336       0.117849287243965       0.101870052940237     
  7.298031259287462E-002  3.192843770279340E-002  4.781467963321723E-003
  6.852957623980484E-003  1.475524422478322E-002  2.033793532883320E-002
  2.291254295540794E-002  2.176319909589375E-002  1.907565298662174E-002
  1.611221823077639E-002  1.334228929325532E-002  1.067691342632186E-002
  8.560704943491738E-003  6.849051499743432E-003  5.528910364391115E-003
  4.404403140843698E-003  3.283079460519327E-003  2.226985203538549E-003
  1.310080097779278E-002  2.010871213636511E-002  2.908857754556968E-002
  3.998299621303494E-002  5.291251633643856E-002  6.774953842766646E-002
  8.316907624830867E-002  9.917098990835355E-002  0.112764173082707     
  0.125250357478081       0.135143644834261       0.139248176438210     
  0.133187361403692       0.116794079347272       8.383579422615495E-002
  3.438738289758589E-002  1.029404184421343E-003  3.024165941835543E-003
  1.242341266541371E-002  1.938444831007804E-002  2.298699701059910E-002
  2.242854919711382E-002  2.001451288737531E-002  1.714531040941478E-002
  1.437111206361788E-002  1.160651238281739E-002  9.384021860413094E-003
  7.586601766154548E-003  6.350211301233442E-003  5.180068890219311E-003
  3.970095995631231E-003  2.777099388806435E-003  1.357975240038822E-002
  2.096621078140797E-002  3.048340552934693E-002  4.209808816965512E-002
  5.595830250748420E-002  7.239459233625645E-002  8.926495255459385E-002
  0.107021542093661       0.122718194279732       0.137671356686715     
  0.150317416735028       0.157240628229554       0.153435066797784     
  0.137070387729618       9.939963068410276E-002  3.928167256206411E-002
 -2.447244450030340E-003 -1.074282593101254E-003  9.764642531057251E-003
  1.809120730524548E-002  2.270132606390230E-002  2.273930319927402E-002
  2.062006365976408E-002  1.787073201496921E-002  1.511955578442525E-002
  1.228076519744778E-002  1.000795760152524E-002  8.394107458175764E-003
  7.153068907615887E-003  5.981166762744791E-003  4.718710008078289E-003
  3.404617200554578E-003  1.415790163962113E-002  2.198415867004749E-002
  3.212163053569959E-002  4.456957404824757E-002  5.951443930721005E-002
  7.735646908790371E-002  9.643058470837773E-002  0.116432255245551     
  0.134828836895878       0.153045267732323       0.169468006185396     
  0.180433780527620       0.180132319580071       0.164609946544002     
  0.121617182352801       4.791060016827528E-002 -5.138066394981492E-003
 -5.163173682262545E-003  7.038767774391269E-003  1.673439702619836E-002
  2.234258667360970E-002  2.296999894381592E-002  2.114362990941272E-002
  1.851334776899423E-002  1.578621928832073E-002  1.285911097076751E-002
  1.069555617680152E-002  9.051763441159410E-003  7.859657926270950E-003
  6.753821907390039E-003  5.501577889008057E-003  4.105252766124395E-003
  1.481589158221374E-002  2.313534220748543E-002  3.396919678549289E-002
  4.736074152169289E-002  6.355434443876017E-002  8.304354867738570E-002
  0.104285314643457       0.127474454592863       0.149358328825014     
  0.171895386590645       0.193491549138113       0.210229223872144     
  0.215303107050185       0.202037429984436       0.153271990525171     
  6.219883408745926E-002 -6.350718619163896E-003 -9.066449731778144E-003
  4.241503722483648E-003  1.524123882431973E-002  2.181663099218688E-002
  2.302023103221581E-002  2.148880725204697E-002  1.898747099934930E-002
  1.630134424332045E-002  1.328257492770273E-002  1.104746040294253E-002
  9.415440041913846E-003  8.343135582784286E-003  7.399287975221713E-003
  6.257632960939737E-003  4.855006361528578E-003  1.550184836852583E-002
  2.434061182354636E-002  3.591872660554387E-002  5.034394669105220E-002
  6.794193967984502E-002  8.933374613033698E-002  0.113149693790123     
  0.139765387678751       0.166461048241872       0.194716641233917     
  0.223358182938557       0.248297001124020       0.261561415756478     
  0.252995565044306       0.198524622046079       8.533790952755008E-002
 -4.676937399890707E-003 -1.227451373274274E-002  1.493081061952128E-003
  1.355138406628320E-002  2.098575443516995E-002  2.272602448779927E-002
  2.149054879812260E-002  1.910615975290704E-002  1.625633203575701E-002
  1.311064052740192E-002  1.083347936486822E-002  9.263597255171466E-003
  8.399116051453883E-003  7.747517441172644E-003  6.867258943842229E-003
  5.590811546530881E-003  1.610435236315144E-002  2.542634569544652E-002
  3.772906384486950E-002  5.321603172892744E-002  7.232936613615720E-002
  9.585588651947331E-002  0.122668520775008       0.153409449246395     
  0.185700539238822       0.221659124604660       0.259850810572918     
  0.296376136127867       0.322055073539856       0.322366504000607     
  0.263526895594412       0.122638694195033       2.644613259096223E-003
 -1.363410206123184E-002 -8.815314003527319E-004  1.156617022866335E-002
  1.954802741732777E-002  2.170069464312361E-002  2.068783697152876E-002
  1.807883585899641E-002  1.523412847836679E-002  1.199353670292888E-002
  9.714268328520981E-003  8.265896116681383E-003  7.714074695848945E-003
  7.518872206290575E-003  7.111058263622864E-003  6.174619223842572E-003
  1.639848720225676E-002  2.604222576773327E-002  3.891491613442206E-002
  5.535680780745887E-002  7.596905955017239E-002  0.101748343990927     
  0.131893559519533       0.167421093754149       0.206485737191615     
  0.251784305345628       0.302807785745026       0.355493345547553     
  0.399777993178680       0.415980662429564       0.356910900446433     
  0.182766557131558       2.084681871552896E-002 -1.070468269362323E-002
 -2.049953851914173E-003  9.273327009894840E-003  1.708223449640897E-002
  1.928969762137776E-002  1.801437151602414E-002  1.548162760580438E-002
  1.270083749578046E-002  9.422647283968934E-003  7.200772842656365E-003
  5.945247390210189E-003  5.822004831884891E-003  6.272543920149799E-003
  6.610969151422692E-003  6.331866688403250E-003  1.595074461530897E-002
  2.552613243758842E-002  3.856555205684188E-002  5.559250044107968E-002
  7.740477017043097E-002  0.105245082603343       0.138728761379274     
  0.179371163440832       0.226095354847922       0.282526098561628     
  0.349357642282212       0.423825506632895       0.495235791426061     
  0.538655287190739       0.489277435953525       0.279397362526321     
  5.979079808666586E-002  1.459119458688858E-003 -2.251017879893939E-004
  6.800164397571929E-003  1.293063363114926E-002  1.430799892352108E-002
  1.292285911877646E-002  1.048179773045998E-002  7.865737648676790E-003
  4.659027277241376E-003  2.596695290135373E-003  1.628755749975813E-003
  2.059249404056512E-003  3.354924064844869E-003  4.754643092833938E-003
  5.557266553371210E-003  1.396504133702849E-002  2.269819314169260E-002
  3.507281838733600E-002  5.182190339817932E-002  7.394827916240236E-002
  0.102941120876508       0.138891320961574       0.183916601230285     
  0.237944050710870       0.305936242038265       0.390602733371157     
  0.491643893213252       0.600110918473591       0.687491723519019     
  0.668781000269612       0.432374138853446       0.138039459104282     
  3.316246574021031E-002  8.813493371067835E-003  5.149027241256029E-003
  6.604739145114617E-003  6.142491621969083E-003  4.254160646031815E-003
  1.915311006397332E-003 -3.660423535657173E-004 -3.300916459284207E-003
 -5.025618747528258E-003 -5.565247599964919E-003 -4.446399754933889E-003
 -2.126155857605031E-003  6.393058674062179E-004  3.007199716878313E-003
  9.144939416735472E-003  1.569673397971262E-002  2.589664097307662E-002
  4.064684837241123E-002  6.108693645967456E-002  8.885701078831218E-002
  0.124460951005148       0.170570469528237       0.228180688515232     
  0.303840806179979       0.403073019702279       0.529958944124761     
  0.681283176551603       0.831776498772751       0.882261062151872     
  0.661244378524624       0.287855606148384       0.105372037272945     
  3.518637182019936E-002  8.394818644529274E-003 -6.965581525722143E-004
 -5.510797162329330E-003 -8.795783871611153E-003 -1.117868161892131E-002
 -1.295655726882089E-002 -1.536249674348905E-002 -1.650825697250758E-002
 -1.644045834384861E-002 -1.450821391149409E-002 -1.106066171086958E-002
 -6.752171001925550E-003 -2.438907595854078E-003 -1.329020498610735E-005
  2.443438315744287E-003  8.144457366352208E-003  1.800914693426884E-002
  3.311481252118561E-002  5.496946109180782E-002  8.414733622431350E-002
  0.123416699026988       0.174311428232839       0.244419744606935     
  0.341910720807470       0.476493094752156       0.655959053233451     
  0.873177436214454        1.04378977901227       0.947571472015132     
  0.550006176819822       0.256818100045428       0.103966167498690     
  3.182577212396946E-002  5.679932788131186E-004 -1.442872225078253E-002
 -2.197827157499169E-002 -2.577453339555709E-002 -2.766784263232272E-002
 -2.981325251184699E-002 -3.051492299845469E-002 -2.996200808381124E-002
 -2.737220027117519E-002 -2.301202101288963E-002 -1.738103259971520E-002
 -1.121272734406433E-002 -1.316804910408808E-002 -1.633503856106540E-002
 -1.727829161801727E-002 -1.526710059464125E-002 -9.571815752189449E-003
  7.436230825217995E-004  1.567473441412527E-002  3.710431217537168E-002
  6.566665152460087E-002  0.107878153219765       0.171742315701694     
  0.269675596525012       0.420464892769688       0.648870092575312     
  0.939247991238843        1.12480191755409       0.912984180991413     
  0.545633681903691       0.282660799069589       0.134006499476479     
  5.719130545389643E-002  1.594657066695169E-002 -6.772052364482471E-003
 -1.946525187212816E-002 -2.670107875669503E-002 -3.233222365218743E-002
 -3.537424540227976E-002 -3.650434805557037E-002 -3.504205933329656E-002
 -3.135858780693025E-002 -2.589498095721999E-002 -1.926055670252065E-002
 -1.926053592240180E-002 -2.589496044562499E-002 -3.135857638881958E-002
 -3.504206912590465E-002 -3.650437693130978E-002 -3.537429278600155E-002
 -3.233230904194372E-002 -2.670121362354365E-002 -1.946545469029497E-002
 -6.772366564593069E-003  1.594610251673585E-002  5.719054790714515E-002
  0.134005459384217       0.282658968095432       0.545631567229014     
  0.912981633928081        1.12480188619829       0.939249737633215     
  0.648872593195812       0.420466774719677       0.269677269476676     
  0.171743533698664       0.107879111308360       6.566735944716849E-002
  3.710484510700772E-002  1.567515397118737E-002  7.439502888910394E-004
 -9.571566716703001E-003 -1.526690896811110E-002 -1.727814860658873E-002
 -1.633493412414008E-002 -1.316797343104347E-002 -1.121272723169650E-002
 -1.738102811148501E-002 -2.301201506734296E-002 -2.737220009466415E-002
 -2.996200790932308E-002 -3.051491487680705E-002 -2.981324845992255E-002
 -2.766784256445891E-002 -2.577453063005861E-002 -2.197827024965665E-002
 -1.442872612085842E-002  5.679668084147419E-004  3.182577212514390E-002
  0.103966021912107       0.256818099988069       0.550005647609257     
  0.947571045412476        1.04378977923209       0.873177740954317     
  0.655959053504037       0.476493310664057       0.341910797071581     
  0.244419849499181       0.174311464184383       0.123416699043178     
  8.414735269679752E-002  5.496948297450097E-002  3.311481235625239E-002
  1.800914675206238E-002  8.144462544693722E-003  2.443441239758560E-003
 -1.329035120242923E-005 -2.438907518775237E-003 -6.752168677189903E-003
 -1.106065812024033E-002 -1.450821386164287E-002 -1.644045831194708E-002
 -1.650825117941401E-002 -1.536249381186428E-002 -1.295655733234695E-002
 -1.117867897470205E-002 -8.795779742521567E-003 -5.510796699703260E-003
 -6.965640013200458E-004  8.394818781826064E-003  3.518631244615397E-002
  0.105372037396092       0.287855215294079       0.661243849683369     
  0.882261062361022       0.831776673085653       0.681283176842404     
  0.529959138390381       0.403073094786044       0.303840916817731     
  0.228180728862486       0.170570469714231       0.124460971754298     
  8.885704002898125E-002  6.108693644525882E-002  4.064684831968725E-002
  2.589665026972702E-002  1.569674002285136E-002  9.144939298939846E-003
  3.007221266584204E-003  6.393382069676281E-004 -2.126114091996831E-003
 -4.446353450739031E-003 -5.565197010182052E-003 -5.025561580184410E-003
 -3.300858528806743E-003 -3.659841482803506E-004  1.915373699396170E-003
  4.254225986151034E-003  6.142550047963233E-003  6.604783079539505E-003
  5.149028646433384E-003  8.813393206320359E-003  3.316219941187191E-002
  0.138038588784756       0.432372592812414       0.668779846468024     
  0.687490908549369       0.600110335920017       0.491643695159850     
  0.390602608481661       0.305936251956619       0.237944062694990     
  0.183916612794041       0.138891371645665       0.102941189428517     
  7.394832016530044E-002  5.182194192026169E-002  3.507286179312212E-002
  2.269822586385735E-002  1.396505918178373E-002  5.557274996748152E-003
  4.754658682230603E-003  3.354947331775846E-003  2.059277624983616E-003
  1.628787484188725E-003  2.596731105010096E-003  4.659063426078791E-003
  7.865773531364539E-003  1.048183649980521E-002  1.292290089471216E-002
  1.430803813519706E-002  1.293067179233273E-002  6.800179817691650E-003
 -2.251166985289934E-004  1.459011051166512E-003  5.979031638472884E-002
  0.279396293663451       0.489276554315061       0.538654521101027     
  0.495235207222826       0.423825207369880       0.349357425110426     
  0.282526008801113       0.226095286375102       0.179371109718346     
  0.138728753582975       0.105245101127552       7.740477271069029E-002
  5.559250802557297E-002  3.856557073998831E-002  2.552614704015008E-002
  1.595075057865182E-002  6.331866660954142E-003  6.610968193478495E-003
  6.272543407219619E-003  5.822004671030698E-003  5.945247187904929E-003
  7.200773606127923E-003  9.422647602409608E-003  1.270083719799397E-002
  1.548162831931564E-002  1.801437438607554E-002  1.928969994738854E-002
  1.708224290373773E-002  9.273327075578576E-003 -2.049936911240004E-003
 -1.070468237177941E-002  2.084670388678302E-002  0.182766259598616     
  0.356910900712776       0.415980646010250       0.399777993466128     
  0.355493414186451       0.302807818986894       0.251784362312057     
  0.206485760764473       0.167421094136697       0.131893574186706     
  0.101748366152336       7.596905978058960E-002  5.535680799258901E-002
  3.891492463029061E-002  2.604223147116688E-002  1.639848724401337E-002
  6.174616718899633E-003  7.111057280564868E-003  7.518874867144475E-003
  7.714081278207157E-003  8.265904752859351E-003  9.714278012486862E-003
  1.199354645306875E-002  1.523413759289593E-002  1.807884574767036E-002
  2.068784909952695E-002  2.170070818603335E-002  1.954804912927573E-002
  1.156618557069023E-002 -8.814970093684624E-004 -1.363409949209131E-002
  2.644473924474788E-003  0.122638201572151       0.263526459136321     
  0.322366018704263       0.322054686724401       0.296375878377592     
  0.259850609430058       0.221659003902275       0.185700442175315     
  0.153409369734647       0.122668478065023       9.585586824112902E-002
  7.232934263498336E-002  5.321601691902735E-002  3.772906187165982E-002
  2.542634522434423E-002  1.610434960853052E-002  5.590807577733838E-003
  6.867254918551486E-003  7.747515509848325E-003  8.399117258399194E-003
  9.263599854715915E-003  1.083348208793882E-002  1.311064329926572E-002
  1.625633424608450E-002  1.910616210612765E-002  2.149055359136028E-002
  2.272603138862018E-002  2.098577032223274E-002  1.355139719294352E-002
  1.493119068496931E-003 -1.227449527560841E-002 -4.677008124964868E-003
  8.533757020272947E-002  0.198524320503623       0.252995195175348     
  0.261561119895715       0.248296787893155       0.223358013732381     
  0.194716532126462       0.166460958995759       0.139765314055169     
  0.113149650492877       8.933372383075434E-002  6.794191463611463E-002
  5.034392993819731E-002  3.591872153458751E-002  2.434060906497376E-002
  1.550184466258884E-002  4.855002031421995E-003  6.257627651302970E-003
  7.399283643941588E-003  8.343133668274239E-003  9.415439008900801E-003
  1.104745881951361E-002  1.328257340360602E-002  1.630134220518920E-002
  1.898746919668216E-002  2.148880737908002E-002  2.302023351781093E-002
  2.181664225992297E-002  1.524124956899090E-002  4.241540476968733E-003
 -9.066425319224535E-003 -6.350750872204061E-003  6.219859655903257E-002
  0.153271781709521       0.202037148749451       0.215302883257689     
  0.210229051331870       0.193491410950651       0.171895292695367     
  0.149358251453430       0.127474389586649       0.104285274213118     
  8.304352590890693E-002  6.355432055734410E-002  4.736072517433557E-002
  3.396919064252726E-002  2.313533862315344E-002  1.481588779838807E-002
  4.105252745791147E-003  5.501576683566696E-003  6.753820609421380E-003
  7.859657832808937E-003  9.051763321569095E-003  1.069555504077646E-002
  1.285911032304278E-002  1.578621866101232E-002  1.851334661010202E-002
  2.114362915804587E-002  2.296999859526831E-002  2.234259063512519E-002
  1.673439571578305E-002  7.038782954647997E-003 -5.163174496262563E-003
 -5.138093380140058E-003  4.791048914500190E-002  0.121617181916926     
  0.164609908233767       0.180132319346101       0.180433786271432     
  0.169468012180613       0.153045281549501       0.134828843790158     
  0.116432255463581       9.643059015975722E-002  7.735647794317786E-002
  5.951443948403478E-002  4.456957421807382E-002  3.212163436611419E-002
  2.198416125421839E-002  1.415790174188817E-002  3.404613414561605E-003
  4.718704529438655E-003  5.981160991762508E-003  7.153064469629058E-003
  8.394103120251276E-003  1.000795182887481E-002  1.228075901100186E-002
  1.511954913163113E-002  1.787072462484696E-002  2.062005694992419E-002
  2.273929880749020E-002  2.270132886583585E-002  1.809121221989932E-002
  9.764670417751184E-003 -1.074259487387857E-003 -2.447244518483843E-003
  3.928154955540326E-002  9.939952898952165E-002  0.137070222549844     
  0.153434939952133       0.157240517673623       0.150317328135641     
  0.137671291553467       0.122718140795287       0.107021497081743     
  8.926492193992573E-002  7.239457294333919E-002  5.595828392295060E-002
  4.209807532276138E-002  3.048339996741255E-002  2.096620750717585E-002
  1.357974950236050E-002  2.777096062687266E-003  3.970090934173496E-003
  5.180063246023961E-003  6.350206633939316E-003  7.586596936193611E-003
  9.384014591117266E-003  1.160650444198543E-002  1.437110346834153E-002
  1.714530048922998E-002  2.001450282963627E-002  2.242854114607941E-002
  2.298699493023835E-002  1.938444919791993E-002  1.242343409760884E-002
  3.024184820423148E-003  1.029408316135527E-003  3.438729062402705E-002
  8.383572159384640E-002  0.116793950076827       0.133187264942367     
  0.139248087045323       0.135143573718869       0.125250303364301     
  0.112764129136402       9.917095331806658E-002  8.316905091819458E-002
  6.774952202864754E-002  5.291250053485373E-002  3.998298533648051E-002
  2.908857271496040E-002  2.010870934600782E-002  1.310079864397891E-002
  2.226983779671892E-003  3.283076757577524E-003  4.404399992927346E-003
  5.528908106652092E-003  6.849048625804254E-003  8.560699755831154E-003
  1.067690786253671E-002  1.334228337604155E-002  1.611221067175682E-002
  1.907564440155189E-002  2.176319151885691E-002  2.291253841086098E-002
  2.033793158863810E-002  1.475525434177668E-002  6.852962477536539E-003
  4.781462729819904E-003  3.192837067164110E-002  7.298028413381852E-002
  0.101869984407619       0.117849248477307       0.125333006487177     
  0.123184642629810       0.115300638174268       0.104689089089965     
  9.274424854138322E-002  7.816344623729342E-002  6.391531053900433E-002
  5.005504911797189E-002  3.821077035716877E-002  2.793396994499890E-002
  1.941238110051005E-002  1.272218704473717E-002  1.749846475565074E-003
  2.667235562239263E-003  3.682350785427004E-003  4.705152920429462E-003
  5.922695015909674E-003  7.486302489664185E-003  9.449429952420213E-003
  1.195959303083366E-002  1.465594000922708E-002  1.763369289184358E-002
  2.050775667967078E-002  2.217751423037046E-002  2.061348336349801E-002
  1.640118944090073E-002  1.002220298118304E-002  8.247021218698245E-003
  3.076525841956178E-002  6.516283721197534E-002  9.055273370298740E-002
  0.105859634022687       0.114185220326327       0.113389647245874     
  0.107002101587190       9.785890353669841E-002  8.725242953858810E-002
  7.387358653787474E-002  6.063612128873712E-002  4.760383479013651E-002
  3.647749311124868E-002  2.699957189198729E-002  1.886425592918714E-002
  1.243822564537537E-002  1.338165729631866E-003  2.122437222891503E-003
  2.885242474450581E-003  3.753698589991095E-003  4.804514139041942E-003
  6.165723232055940E-003  7.904422542729847E-003  1.016519330729489E-002
  1.266162177429253E-002  1.549309111497735E-002  1.836031733857123E-002
  2.036263360711320E-002  1.971235774017473E-002  1.683315312419833E-002
  1.202935195963428E-002  1.090515819924877E-002  3.005694888938440E-002
  5.920001151329107E-002  8.161648125804886E-002  9.612765890434183E-002
  0.104892347966284       0.105055935835319       9.984578244608285E-002
  9.191747454459108E-002  8.245317682408869E-002  7.014330343342293E-002
  5.781665368578835E-002  4.554108925498930E-002  3.499689189734611E-002
  2.600553000886716E-002  1.844589430211106E-002  1.223714412471699E-002
  9.823312879941521E-004  1.486571994898193E-003  2.079332855330531E-003
  2.786211548161866E-003  3.645683643349485E-003  4.768235521429596E-003
  6.225125249040397E-003  8.147021190835243E-003  1.030259346332825E-002
  1.277953943695294E-002  1.534747978468847E-002  1.733755070946268E-002
  1.733781950242631E-002  1.560455828386653E-002  1.233596258746941E-002
  1.214420047417630E-002  2.896025043903166E-002  5.400424429757376E-002
  7.391391838626570E-002  8.756385032706870E-002  9.646120009970954E-002
  9.736673497034698E-002  9.319526718640193E-002  8.637345739276243E-002
  7.796651913923908E-002  6.667870794649285E-002  5.522738875872436E-002
  4.368448497681755E-002  3.369944767682642E-002  2.512196179092135E-002
  1.791448773947617E-002  1.210936614776962E-002  5.572014938385667E-004
  9.171614402146655E-004  1.375201290845886E-003  1.926091292854486E-003
  2.596758751023977E-003  3.476466725104380E-003  4.630989057921322E-003
  6.163817929311724E-003  7.872585038510857E-003  9.801792544879038E-003
  1.174291514327152E-002  1.325306234996248E-002  1.344989291888230E-002
  1.244770980151235E-002  1.050734511907648E-002  1.146915855552406E-002
  2.685701030331540E-002  4.878624442045389E-002  6.657221703288904E-002
  7.928433991062116E-002  8.803191047212358E-002  8.961745132953541E-002
  8.650971242590449E-002  8.081051808394157E-002  7.346855614820416E-002
  6.322875160585131E-002  5.267104146664500E-002  4.187770411641872E-002
  3.245807822895683E-002  2.429548691371396E-002  1.738057772811483E-002
  1.182252462597038E-002  2.403773842032335E-004  5.057687613559866E-004
  8.544787660010445E-004  1.279130808821293E-003  1.795821857294655E-003
  2.472531197756265E-003  3.363937801993964E-003  4.537581944751923E-003
  5.796146308352057E-003  7.105554777770513E-003  8.206538160924261E-003
  8.804251708241532E-003  8.627994329236858E-003  7.628796552785049E-003
  6.385937415221692E-003  8.441380061159329E-003  2.318735752530863E-002
  4.288645609519533E-002  5.886568158537271E-002  7.054675896970544E-002
  7.887905290734913E-002  8.125127731439548E-002  7.938519696246123E-002
  7.492839995625485E-002  6.873128618293206E-002  5.961682467855116E-002
  5.000951911124887E-002  4.001218773737961E-002  3.118928487374643E-002
  2.346136196456454E-002  1.684996190420246E-002  1.148904293122186E-002
  5.466461812231104E-005  2.511610487226230E-004  5.224705426961975E-004
  8.610378687725565E-004  1.275225734690067E-003  1.815609547285287E-003
  2.527300819747244E-003  3.444287478754000E-003  4.367913182561245E-003
  5.173561996581812E-003  5.501618821421702E-003  5.093749541007723E-003
  4.233766992114613E-003  2.524780306272002E-003  8.747741897741480E-004
  3.255634418590418E-003  1.777822201162896E-002  3.594007657283744E-002
  5.031377085873858E-002  6.086259098319496E-002  6.855670335563463E-002
  7.195075457370174E-002  7.158814353045320E-002  6.854257602075813E-002
  6.360391816834635E-002  5.571841424159311E-002  4.714153219312494E-002
  3.800692935727980E-002  2.982893640404409E-002  2.257218317533419E-002
  1.628905814581448E-002  1.114006169918518E-002 -5.306779828918305E-005
  9.270206996072598E-005  3.093070283250701E-004  5.910414512589907E-004
  9.419545026742574E-004  1.400252990748989E-003  2.006682321865420E-003
  2.772271863094479E-003  3.507166700359153E-003  4.019663882586779E-003
  3.867875304331379E-003  2.783905581583732E-003  1.473319772667728E-003
 -9.419059054264806E-004 -3.737541589232813E-003 -2.566027849490860E-003
  1.128601460448304E-002  2.809910167128375E-002  4.092366171865362E-002
  5.030810829790781E-002  5.724721071621022E-002  6.185367146595436E-002
  6.317664290527364E-002  6.165983126183136E-002  5.806576454200391E-002
  5.149532880301293E-002  4.402314302966721E-002  3.581884757381635E-002
  2.834019540112286E-002  2.159919160408092E-002  1.567893399864709E-002
  1.076653138195994E-002 -1.526813628826330E-004 -5.190182620032666E-005
  1.160023838020296E-004  3.476968680185256E-004  6.446457888326654E-004
  1.035496609819434E-003  1.559529480676042E-003  2.213612339349195E-003
  2.828390656943425E-003  3.178940487189441E-003  2.799940257138164E-003
  1.430219809416697E-003 -1.335035805305029E-005 -2.650279625465054E-003
 -6.092718770919581E-003 -6.570565765248856E-003  4.857457735474574E-003
  1.956057997436229E-002  3.094698163267055E-002  3.939416471728872E-002
  4.569967880780869E-002  5.147065214147063E-002  5.443270243369432E-002
  5.443525409887295E-002  5.220201227978805E-002  4.698816124226365E-002
  4.067227890944372E-002  3.345596987835921E-002  2.673037907890789E-002
  2.055392850918624E-002  1.503892762677506E-002  1.039765875161701E-002
 -3.046782017595807E-004 -2.568066484593705E-004 -1.494651841056922E-004
  1.544797786416969E-005  2.363477729080880E-004  5.323713298324423E-004
  9.405156547869402E-004  1.446931880168751E-003  1.907815574093515E-003
  2.090822379623198E-003  1.563004657475535E-003  9.111349048446617E-005
 -1.494148187704209E-003 -4.197930311781245E-003 -7.605890822527167E-003
 -8.421210657237764E-003 -3.642050969742236E-004  1.100091086510832E-002
  2.095122654911709E-002  2.878460740029887E-002  3.475199906068016E-002
  4.132027061422781E-002  4.559713166910340E-002  4.695377318794808E-002
  4.600878074111703E-002  4.213372794053868E-002  3.699146860019913E-002
  3.080136564286013E-002  2.487427716185660E-002  1.930938728345126E-002
  1.424442325758783E-002  9.914107634350936E-003 -4.796838387448594E-004
 -4.880294574217821E-004 -4.466473427150629E-004 -3.567111653385013E-004
 -2.220249899285551E-004 -3.171890416332977E-005  2.505938132106525E-004
  6.074795345879981E-004  9.313876333277633E-004  1.014358261107790E-003
  5.173598415577089E-004 -7.183670193724168E-004 -2.105753067488697E-003
 -4.305019163956828E-003 -6.899783221700010E-003 -7.654440118526273E-003
 -2.519500714358604E-003  5.113383274288751E-003  1.301801192343725E-002
  2.001965306818963E-002  2.565994258487296E-002  3.235013641158023E-002
  3.733814649394924E-002  3.968262363661295E-002  3.980958164462535E-002
  3.714551822034989E-002  3.311530773783781E-002  2.793132370267845E-002
  2.280662885477081E-002  1.787006917047454E-002  1.327760370249981E-002
  9.281262148241164E-003 -6.594184668219798E-004 -7.229673453153842E-004
 -7.471701257288839E-004 -7.324765809911007E-004 -6.837504801414325E-004
 -5.961399064972205E-004 -4.306178957525494E-004 -2.005599358085019E-004
  3.187601541762197E-005  1.065831227263066E-004 -1.928171473418881E-004
 -9.406122333511221E-004 -1.835166296938292E-003 -3.249447573663582E-003
 -4.967028245246835E-003 -5.650222889583684E-003 -2.416075526559738E-003
  2.360345073716015E-003  8.098710387432028E-003  1.390498638082657E-002
  1.898227903724847E-002  2.512856955302770E-002  3.016939459841387E-002
  3.303917170291248E-002  3.392947880086444E-002  3.226265637588609E-002
  2.921398312731072E-002  2.496207470741732E-002  2.060320792720398E-002
  1.628124789665627E-002  1.216099856461091E-002  8.504766175215228E-003
 -8.226243476026136E-004 -9.361118054776052E-004 -1.020339413131292E-003
 -1.074019507524411E-003 -1.102387005809641E-003 -1.104075878207374E-003
 -1.035466767305200E-003 -9.011699891554901E-004 -7.165523571323734E-004
 -5.913237593891377E-004 -6.338090475001419E-004 -8.673004412670003E-004
 -1.245763347914499E-003 -1.987468652220050E-003 -3.065765134485342E-003
 -3.639216058181298E-003 -1.488017911859925E-003  1.472766757455203E-003
  5.541825450608331E-003  1.017976245523271E-002  1.456534677194039E-002
  1.979933633069376E-002  2.440395769507085E-002  2.737281935236263E-002
  2.869448171436815E-002  2.776567183382439E-002  2.551891912911020E-002
  2.207816863649753E-002  1.841033762553230E-002  1.465788041403478E-002
  1.098511104408196E-002  7.655863179248420E-003 -8.984128640075963E-004
 -1.118710338617696E-003 -1.256241831940006E-003 -1.370596537037611E-003
 -1.466426429189006E-003 -1.544673712840146E-003 -1.556767056319469E-003
 -1.498245765920451E-003 -1.343680493179525E-003 -1.162616004413046E-003
 -9.875000865326470E-004 -8.214048380363043E-004 -7.904201707839202E-004
 -1.036613625092059E-003 -1.641510364367041E-003 -2.037992376262789E-003
 -4.958184069622199E-004  1.324306959207113E-003  4.241256527813048E-003
  7.956774114318428E-003  1.171036112702057E-002  1.600648838192331E-002
  1.996628860860356E-002  2.276164281700918E-002  2.425478531253198E-002
  2.382941633123960E-002  2.220342862105886E-002  1.944048050135976E-002
  1.637271192647284E-002  1.312962767363580E-002  9.866353384062018E-003
  7.096676457744297E-003 -9.231485480757920E-004 -1.215459657983563E-003
 -1.462302360505786E-003 -1.632026564908943E-003 -1.789062596485450E-003
 -1.935761991221771E-003 -2.019693683399972E-003 -2.028746732196643E-003
 -1.905309183539933E-003 -1.690610673071865E-003 -1.368679457385331E-003
 -9.329679550653131E-004 -5.929367285115947E-004 -4.572114448798140E-004
 -6.614220314783479E-004 -8.240174368799639E-004  3.512618584460572E-004
  1.391454450888299E-003  3.493758250654864E-003  6.515372010601652E-003
  9.754629935067226E-003  1.326334327869845E-002  1.658102046996864E-002
  1.909025711179640E-002  2.059889664618628E-002  2.050445475858847E-002
  1.935098192276499E-002  1.714674831447842E-002  1.459390589230975E-002
  1.180130836266095E-002  9.133615160418787E-003  6.730315774460393E-003
 -9.406945836960447E-004 -1.257326200573089E-003 -1.584762510542354E-003
 -1.860866290116116E-003 -2.074897334983583E-003 -2.284607586134922E-003
 -2.435161501372023E-003 -2.508688348511515E-003 -2.423756161057516E-003
 -2.202574251725619E-003 -1.799271401263174E-003 -1.197202493256195E-003
 -6.238619833749679E-004 -1.786199586598987E-004 -2.380501226729015E-005
  7.203996236036767E-005  9.953649385298757E-004  1.443338854743851E-003
  2.933020746590707E-003  5.427492891779989E-003  8.265218476412853E-003
  1.118200842844493E-002  1.396523257496490E-002  1.618454912902130E-002
  1.764211020429988E-002  1.777250654391776E-002  1.698713607640603E-002
  1.524951790343503E-002  1.314224714170721E-002  1.088907649478481E-002
  8.602768108099379E-003  6.381426293181842E-003 -9.498125087863383E-004
 -1.285472342800294E-003 -1.643340304952069E-003 -2.006244110217872E-003
 -2.327595315194177E-003 -2.596439571717991E-003 -2.809815063795452E-003
 -2.945787544598606E-003 -2.906015587392992E-003 -2.699370776725879E-003
 -2.260709867004384E-003 -1.558918516464156E-003 -7.997731380870161E-004
 -8.735118404433650E-005  3.994356220584762E-004  7.553250725117926E-004
  1.474410474053212E-003  1.425462814792472E-003  2.415452507842928E-003
  4.487391016320207E-003  7.006069270956648E-003  9.502437395388598E-003
  1.188601457751549E-002  1.386740348411560E-002  1.526507545508099E-002
  1.556646349295949E-002  1.508329258823892E-002  1.374652981390044E-002
  1.207637525331397E-002  1.015922285742169E-002  8.090121325764737E-003
  6.045816591466970E-003 -9.485636009195203E-004 -1.297296998519748E-003
 -1.678298135484324E-003 -2.075501161131757E-003 -2.482249223939204E-003
 -2.857790105846114E-003 -3.129761675720281E-003 -3.324774117968702E-003
 -3.333373606511666E-003 -3.154263267592842E-003 -2.709176962934990E-003
 -1.948699669983394E-003 -1.036264102237418E-003 -8.719063148306432E-005
  7.070229998046040E-004  1.308482527370699E-003  1.827033364458856E-003
  1.320482894091407E-003  1.869500574644770E-003  3.580111678729552E-003
  5.834936872520134E-003  8.042859060470926E-003  1.015386739224913E-002
  1.197166828886374E-002  1.333712257658163E-002  1.379619403275977E-002
  1.358545602842648E-002  1.252900507665981E-002  1.111282852553047E-002
  9.437877417947049E-003  7.581528881721721E-003  5.710951744463444E-003
 -9.331735778772418E-004 -1.287964326103613E-003 -1.683717297272818E-003
 -2.105931657283028E-003 -2.548255600969198E-003 -3.013220619404397E-003
 -3.387572125558935E-003 -3.636909480377529E-003 -3.694167712162915E-003
 -3.549652155773528E-003 -3.115281088661099E-003 -2.321079202246869E-003
 -1.279598981691822E-003 -1.193354668556130E-004  9.559641739360226E-004
  1.775829901186511E-003  2.070815466360679E-003  1.119358513052246E-003
  1.257226842292953E-003  2.638263992037278E-003  4.658461448892674E-003
  6.663508175159583E-003  8.596388636899802E-003  1.031497386115332E-002
  1.168065411513460E-002  1.229680917225031E-002  1.218166226005450E-002
  1.130605836652811E-002  1.014449309126580E-002  8.704560202648180E-003
  7.057513227789922E-003  5.361387256016343E-003 -8.976368349916921E-004
 -1.249761771845912E-003 -1.650431561801302E-003 -2.087173840636186E-003
 -2.554154717989818E-003 -3.053578615470497E-003 -3.516001356141032E-003
 -3.863663660701820E-003 -3.968886194492496E-003 -3.863692390372033E-003
 -3.452348406243183E-003 -2.643567484658175E-003 -1.497203524922750E-003
 -1.536609028568904E-004  1.169849652136194E-003  2.167422904260268E-003
  2.192300118983317E-003  7.945021731111573E-004  5.375810450133240E-004
  1.604069809739934E-003  3.401648281952702E-003  5.253107810162676E-003
  7.070098289213935E-003  8.736273013654589E-003  1.012805494926366E-002
  1.072939794276020E-002  1.068273684837872E-002  1.006057530969453E-002
  9.140364140867073E-003  7.927344569051762E-003  6.487758100014754E-003
  4.970318574625989E-003 -8.327655756973227E-004 -1.171131108210186E-003
 -1.564865920765186E-003 -2.004010448958007E-003 -2.483299944880089E-003
 -3.004224700882162E-003 -3.497614769422032E-003 -3.928827950080076E-003
 -4.117386297358783E-003 -4.055785529362792E-003 -3.678970511570134E-003
 -2.874778567026192E-003 -1.652014115256927E-003 -1.612987542846521E-004
  1.365283733517767E-003  2.480216312222058E-003  2.158992402212399E-003
  3.041558200697898E-004 -3.383046175512913E-004  4.142356982553567E-004
  1.981881154611545E-003  3.692654529995852E-003  5.417807288304013E-003
  7.048100275029011E-003  8.376209197786633E-003  8.991766684345311E-003
  9.145290339173075E-003  8.754250207123650E-003  8.058242415759618E-003
  7.062443210172168E-003  5.829773563969286E-003  4.500171405257609E-003
 -7.253923682801311E-004 -1.035738760533701E-003 -1.408038153153297E-003
 -1.835136833816562E-003 -2.312179840473909E-003 -2.839374735360589E-003
 -3.348825812952068E-003 -3.804287961045454E-003 -4.062467133006228E-003
 -4.079805989744306E-003 -3.747397469264997E-003 -2.966424625974117E-003
 -1.698402895286564E-003 -1.023014078184653E-004  1.572467588462759E-003
  2.726804278407715E-003  1.959554053938930E-003 -3.497600963592179E-004
 -1.350548806118962E-003 -9.056795053552767E-004  4.197064640176025E-004
  1.980656280526991E-003  3.608301721478551E-003  5.168653193799277E-003
  6.471428694729265E-003  7.218647985603734E-003  7.538341705095900E-003
  7.347073103998803E-003  6.850645532075830E-003  6.057211054203519E-003
  5.029694354883910E-003  3.900553547851152E-003 -5.582746637048636E-004
 -8.228028652414779E-004 -1.156099193254211E-003 -1.553805652504012E-003
 -2.010923275749579E-003 -2.525657320690414E-003 -3.032484825225233E-003
 -3.494291844057345E-003 -3.768437288188902E-003 -3.840529952884497E-003
 -3.580796996292742E-003 -2.840307169268142E-003 -1.560640100086573E-003
  9.050001622032102E-005  1.841263173458197E-003  2.928026293773602E-003
  1.583259843317620E-003 -1.148105565369538E-003 -2.440525938279911E-003
 -2.276656263536986E-003 -1.202316875515731E-003  1.855868568044834E-004
  1.736084440290840E-003  3.259442791311576E-003  4.569122277630191E-003
  5.400371445445611E-003  5.838943398467534E-003  5.803378445804528E-003
  5.469987353556107E-003  4.854444870720359E-003  4.024605299585385E-003
  3.109623244818109E-003 -3.123271439692127E-004 -5.099843388869575E-004
 -7.836776374880489E-004 -1.131011298463841E-003 -1.546025466844698E-003
 -2.024236332754320E-003 -2.503800646562608E-003 -2.948019553474603E-003
 -3.218237567145228E-003 -3.297175843815761E-003 -3.078443640748583E-003
 -2.400377576465394E-003 -1.146334218393778E-003  4.951916680758998E-004
  2.220508135008695E-003  3.086521964843774E-003  9.967258065722746E-004
 -2.066001527590980E-003 -3.507840811913367E-003 -3.550068788294913E-003
 -2.713348364427327E-003 -1.448432382527263E-003  2.554380592250853E-005
  1.454019414170462E-003  2.712612815187446E-003  3.563736667419822E-003
  4.056815483315222E-003  4.115307135253220E-003  3.891137355124371E-003
  3.412818027116912E-003  2.760541242431494E-003  2.067346829417799E-003
  2.417227417561996E-005 -8.400514991938765E-005 -2.749408133171391E-004
 -5.464614238147391E-004 -8.906759135630151E-004 -1.300315032402635E-003
 -1.718967124768025E-003 -2.112257501541210E-003 -2.349714153853101E-003
 -2.414151901044092E-003 -2.203994394609496E-003 -1.567123294311251E-003
 -3.753486423685050E-004  1.173184472793826E-003  2.725189970689953E-003
  3.150073216252954E-003  1.316562271371526E-004 -3.065981535565974E-003
 -4.382222983034393E-003 -4.459225675398222E-003 -3.790649601676061E-003
 -2.670256703446717E-003 -1.377881968716539E-003 -1.050246580113731E-004
  1.028779038530131E-003  1.817548456962568E-003  2.280872446690013E-003
  2.351003822664513E-003  2.160335715642231E-003  1.755911343462984E-003
  1.238576789073394E-003  7.566006498208437E-004  4.307732150269626E-004
  4.325488314349172E-004  3.492028187786015E-004  1.846680045637466E-004
 -5.110851938598028E-005 -3.491085638214667E-004 -6.607730079628499E-004
 -9.567665769594774E-004 -1.120008945057625E-003 -1.138395158805152E-003
 -9.242748826316292E-004 -3.421282076583396E-004  7.174183351723484E-004
  2.021880222727996E-003  3.138073818615380E-003  2.779331278830612E-003
 -1.301323887696955E-003 -4.305565209620107E-003 -5.064049760348736E-003
 -4.879480422912148E-003 -4.230667797916479E-003 -3.265311725547842E-003
 -2.180313192258428E-003 -1.125911820411667E-003 -2.003415871134406E-004
  4.298783656222528E-004  7.629995852302518E-004  7.439170701190386E-004
  4.900540953864868E-004  7.113565344774635E-005 -3.843626359842392E-004
 -6.997089391003171E-004  8.061047379717666E-004  9.308171780248241E-004
  9.796644686541204E-004  9.584975126765614E-004  8.774484639023044E-004
  7.444433064602311E-004  5.970781680722249E-004  4.560670272230544E-004
  4.188978519400427E-004  4.850299301808842E-004  7.143167663037545E-004
  1.202561469149596E-003  2.003778939929074E-003  2.803339443755288E-003
  3.052648689741643E-003  1.477444484602732E-003 -3.383606322445223E-003
 -5.707622796549705E-003 -5.387558857893629E-003 -4.546311416556303E-003
 -3.691703215442359E-003 -2.789988547347357E-003 -1.907401072795333E-003
 -1.117805514890450E-003 -4.755116866049157E-004 -9.626164491583282E-005
  7.316966644379156E-006 -2.027903196442993E-004 -6.208977716960928E-004
 -1.153694221663349E-003 -1.644337307578176E-003 -1.879539566794846E-003
  9.560769162386115E-004  1.198191806274692E-003  1.392081295893854E-003
  1.541290280672569E-003  1.651539138920727E-003  1.724807942283602E-003
  1.783634894375273E-003  1.835579982391653E-003  1.950719630420023E-003
  2.104944637545906E-003  2.311079536581894E-003  2.593363610679761E-003
  2.903682681769063E-003  2.801404033190433E-003  1.670189737054586E-003
 -1.253158619160907E-003 -5.233112214949103E-003 -6.118723271274653E-003
 -4.494269720777712E-003 -2.837168618867984E-003 -1.679445375040224E-003
 -8.072032999867670E-004 -1.391839515102106E-004  3.445061776815033E-004
  6.466933438939713E-004  7.091194852124122E-004  5.161824801903166E-004
  4.857798503400961E-005 -5.992575823837018E-004 -1.316526452546925E-003
 -1.928810770870789E-003 -2.195110877403145E-003  8.387008454649259E-004
  1.132484673592482E-003  1.417196561419586E-003  1.685659706737489E-003
  1.932169820919997E-003  2.145381635265993E-003  2.326142290506498E-003
  2.461022628625456E-003  2.581426689797862E-003  2.624801777231131E-003
  2.536397863465228E-003  2.246405870664315E-003  1.606725726188911E-003
  1.858631595931318E-004 -2.146702104365760E-003 -4.662008347378151E-003
 -4.813851163839219E-003 -2.575006550892588E-003 -2.570054784455860E-004
  1.153017932567479E-003  1.776157298957733E-003  2.068447710136039E-003
  2.185384040522055E-003  2.167926504529100E-003  2.024388187781563E-003
  1.719851895052569E-003  1.217187150636086E-003  5.011024737328489E-004
 -3.554387674270485E-004 -1.241558521778456E-003 -1.988591977719245E-003
 -2.364444872334435E-003  1.906579669587131E-004  3.719731886900218E-004
  5.703644924995317E-004  7.639396152006137E-004  9.319149408120985E-004
  1.046218448696129E-003  1.085145150535246E-003  1.015604844567316E-003
  8.355151619010254E-004  4.579995868036236E-004 -2.112240983997202E-004
 -1.280754345291351E-003 -2.888452418799006E-003 -5.226637232617085E-003
 -7.464316876847568E-003 -6.560988071656990E-003 -2.083462462902852E-003
  1.278618369094273E-003  2.809654262552510E-003  3.073975428593469E-003
  2.773585854310371E-003  2.435107682924281E-003  2.151481138643184E-003
  1.897797963700896E-003  1.637238723036967E-003  1.327345731384599E-003
  8.969262761488176E-004  3.256253179749932E-004 -3.418311369622461E-004
 -1.009372805772223E-003 -1.536850507022819E-003 -1.744300542373530E-003
 -5.170452672798638E-004 -4.992528351613983E-004 -4.467560757341926E-004
 -3.880754125788052E-004 -3.525480427898456E-004 -3.768634196172737E-004
 -4.932082866003107E-004 -7.357502223156873E-004 -1.110248581113035E-003
 -1.679959391706402E-003 -2.503278098160243E-003 -3.619284847367823E-003
 -5.037774683792654E-003 -6.747264090242758E-003 -7.737025381080209E-003
 -5.077830261384565E-003  6.112310139032344E-004  2.766863812997952E-003
  2.919390325915355E-003  2.334056144111321E-003  1.611358695870854E-003
  1.124337902809345E-003  8.595698854559306E-004  7.311378497723508E-004
  6.708902973509352E-004  6.390807906912278E-004  5.421339164730204E-004
  3.593883315359685E-004  1.096438047085530E-004 -1.336351409771462E-004
 -2.732213551534302E-004 -2.072876592439909E-004 -8.052433064688181E-004
 -9.084809948174812E-004 -9.726013182773364E-004 -1.023216332081590E-003
 -1.090924701031352E-003 -1.214995554099352E-003 -1.432576149589130E-003
 -1.772393145859090E-003 -2.235380464261990E-003 -2.849892119380682E-003
 -3.623422580153891E-003 -4.510198039387649E-003 -5.391970643934331E-003
 -6.127365451924442E-003 -5.847466209508747E-003 -2.619125399424314E-003
  2.049652643735826E-003  2.772606272715568E-003  1.924220451708837E-003
  8.245483376204157E-004 -1.027981382517587E-004 -6.094652934701711E-004
 -7.820155901385704E-004 -7.454872008901159E-004 -5.874804177714835E-004
 -3.409563480487797E-004 -1.165280057404931E-004  6.362956393118987E-005
  1.925123165267844E-004  3.158069752356336E-004  4.834693503608031E-004
  7.236711495582031E-004 -7.958196117440180E-004 -9.578602840303702E-004
 -1.088143867443458E-003 -1.204394567667840E-003 -1.333191869802226E-003
 -1.512231238980923E-003 -1.781579377267630E-003 -2.164153572075135E-003
 -2.658036657605807E-003 -3.262809007459528E-003 -3.948101779732096E-003
 -4.609093696425069E-003 -5.046215277561441E-003 -5.056384138162386E-003
 -3.956556325141419E-003 -6.939187391874596E-004  2.629686553443066E-003
  2.277881563775960E-003  8.169201186148767E-004 -5.851419167722627E-004
 -1.633037508511271E-003 -2.148856181534150E-003 -2.258551310833604E-003
 -2.108235916212705E-003 -1.796360914608900E-003 -1.348043918291790E-003
 -8.880108717171729E-004 -4.414579610597229E-004 -3.977150012453151E-005
  3.366553902429353E-004  6.968527152909535E-004  1.018996114685215E-003
 -6.572857798366135E-004 -8.282210742762684E-004 -9.797393190246358E-004
 -1.121944377491006E-003 -1.275118464513972E-003 -1.473057754492397E-003
 -1.758004435578580E-003 -2.148298798702345E-003 -2.642918444495826E-003
 -3.221426528525401E-003 -3.831466409275147E-003 -4.336444285138212E-003
 -4.496852300293735E-003 -4.089373468583603E-003 -2.583070252650555E-003
  4.847605954671964E-004  2.724312539557940E-003  1.711416039536497E-003
 -7.516422336367430E-005 -1.639614267326715E-003 -2.761266280816003E-003
 -3.293934307838517E-003 -3.379348426520602E-003 -3.171752198486284E-003
 -2.773900560303052E-003 -2.203061615276009E-003 -1.594123931352417E-003
 -9.759857672268502E-004 -4.008852432254763E-004  1.298373014925065E-004
  5.968306338186350E-004  9.526695110107125E-004 -4.872456387696270E-004
 -6.367558529870583E-004 -7.784011542847795E-004 -9.173374134547466E-004
 -1.067964979964533E-003 -1.259411013747823E-003 -1.536054464499859E-003
 -1.912896570124680E-003 -2.392865172229570E-003 -2.942388010610622E-003
 -3.498989974125882E-003 -3.913316357869983E-003 -3.932334116134835E-003
 -3.332913083417030E-003 -1.693656785671047E-003  1.093384228424879E-003
  2.568637430651927E-003  1.212680271931266E-003 -7.035222435510779E-004
 -2.332280341989246E-003 -3.491128246576335E-003 -4.043044804652506E-003
 -4.130721272209704E-003 -3.907637331143187E-003 -3.476049971855541E-003
 -2.845383779114829E-003 -2.156978781437881E-003 -1.442529958769404E-003
 -7.703751163108956E-004 -1.562928172179267E-004  3.637804325917074E-004
  7.340236524490570E-004 -3.276626053124607E-004 -4.413147448940896E-004
 -5.549781808953756E-004 -6.719457494179563E-004 -8.022589555280969E-004
 -9.707149251371838E-004 -1.224136764732919E-003 -1.575262904264022E-003
 -2.032993316382001E-003 -2.555270206845991E-003 -3.076950574241144E-003
 -3.447361505729476E-003 -3.414716837100680E-003 -2.764374184081937E-003
 -1.150236784863635E-003  1.337083885809607E-003  2.301164623389948E-003
  8.170380240127447E-004 -1.100012854042507E-003 -2.724089135901637E-003
 -3.889884069707545E-003 -4.458065799314367E-003 -4.563398017564043E-003
 -4.352741850578126E-003 -3.924333937903045E-003 -3.280089468886827E-003
 -2.563909032860578E-003 -1.808941466725543E-003 -1.094386337660515E-003
 -4.445102674498982E-004  9.725208541353345E-005  4.752323555412427E-004
 -1.927258998644379E-004 -2.664157212872210E-004 -3.439688177677869E-004
 -4.288526649626114E-004 -5.285695553578213E-004 -6.644250822214746E-004
 -8.861329017372861E-004 -1.205092242116858E-003 -1.637231730347381E-003
 -2.134925516891032E-003 -2.634704365002406E-003 -2.990800689150257E-003
 -2.960106274773593E-003 -2.338833951777692E-003 -8.317364790383044E-004
  1.369135754319545E-003  2.003240197200776E-003  5.276524480816794E-004
 -1.309175730987583E-003 -2.881875794726227E-003 -4.031029050948391E-003
 -4.610194352177526E-003 -4.741382992616289E-003 -4.561097934663682E-003
 -4.161105672286471E-003 -3.536428534341198E-003 -2.829692937875317E-003
 -2.074029193148296E-003 -1.354640519176617E-003 -6.996997937623250E-004
 -1.548068654534980E-004  2.280077232131836E-004 -8.428939854580700E-005
 -1.196133011555586E-004 -1.593256807401549E-004 -2.082165758398997E-004
 -2.726150973493217E-004 -3.712930773694899E-004 -5.572702551569527E-004
 -8.413189347259637E-004 -1.246909789050653E-003 -1.722588469247606E-003
 -2.208821250209674E-003 -2.567769434864575E-003 -2.568303120306445E-003
 -2.017152221708611E-003 -6.531365733218161E-004  1.289074165860059E-003
  1.719725192588926E-003  3.368925364386234E-004 -1.370759378350518E-003
 -2.861955267346657E-003 -3.977322795269937E-003 -4.562289006237913E-003
 -4.723679935026880E-003 -4.585402258775284E-003 -4.231037789387060E-003
 -3.649465330039732E-003 -2.978697271445527E-003 -2.250304439221769E-003
 -1.551402714968244E-003 -9.110642373117029E-004 -3.741770951976622E-004
  1.123158982132352E-005  2.847535293859929E-007 -9.563973291736710E-007
 -4.853498189609355E-006 -1.791787711274811E-005 -4.619988773209031E-005
 -1.067587993645833E-004 -2.562090789636152E-004 -5.051915829527652E-004
 -8.848171724385551E-004 -1.340841074508093E-003 -1.818650318631291E-003
 -2.189493858064870E-003 -2.235191855438017E-003 -1.771518102862771E-003
 -5.597984097537310E-004  1.157667648096825E-003  1.473453095678254E-003
  2.333589419325722E-004 -1.317462674604451E-003 -2.708932392312395E-003
 -3.778851287989461E-003 -4.365452841190119E-003 -4.559419608857934E-003
 -4.470737514194609E-003 -4.173712314885579E-003 -3.652043558237121E-003
 -3.035971278475221E-003 -2.354280708226847E-003 -1.692707443454071E-003
 -1.079439039585274E-003 -5.574647140581988E-004 -1.716062678444331E-004
  6.481060634725588E-005  9.236800227309608E-005  1.202908852107614E-004
  1.403609557109749E-004  1.463681746354292E-004  1.223355619530617E-004
  8.001524227731693E-006 -2.075151353832755E-004 -5.627206383912525E-004
 -1.001202648688881E-003 -1.473536849558045E-003 -1.860156679506117E-003
 -1.955557369647019E-003 -1.582783120945183E-003 -5.176588161999627E-004
  1.010350962355809E-003  1.274154672494356E-003  2.051411443521297E-004
 -1.175035557850330E-003 -2.457031805507257E-003 -3.474355884979030E-003
 -4.059784849367271E-003 -4.287870308047566E-003 -4.254026595632071E-003
 -4.022497651379758E-003 -3.572666878125553E-003 -3.024378327563291E-003
 -2.402654766518823E-003 -1.789329326991672E-003 -1.210794562020378E-003
 -7.080021279520857E-004 -3.236859419826063E-004  1.129455178825579E-004
  1.638922514480833E-004  2.187445416210884E-004  2.678632736616494E-004
  3.046391609191981E-004  3.138100749214728E-004  2.316040947916807E-004
  4.673111765823504E-005 -2.863113531782878E-004 -7.092943037888693E-004
 -1.177772632714140E-003 -1.580897413000149E-003 -1.724966239225756E-003
 -1.438511908192615E-003 -5.062053332815531E-004  8.667717683938774E-004
  1.124151480050431E-003  2.410017146036729E-004 -9.635372191792564E-004
 -2.132092074241723E-003 -3.093094029410377E-003 -3.676031327990357E-003
 -3.939639253468640E-003 -3.964351779231657E-003 -3.803908497325354E-003
 -3.434358983575783E-003 -2.962840284919672E-003 -2.409982295258791E-003
 -1.851871883221987E-003 -1.312713062090804E-003 -8.316275191630933E-004
 -4.504282184890809E-004  1.476701495879434E-004  2.168579583662085E-004
  2.934681599046591E-004  3.667733408549058E-004  4.297962130682922E-004
  4.677268908137857E-004  4.135802902571888E-004  2.556180001220920E-004
 -5.798567331505139E-005 -4.674334844577889E-004 -9.328486660968778E-004
 -1.351265320406084E-003 -1.539637889315417E-003 -1.330479340783809E-003
 -5.134175483743565E-004  7.366195226571866E-004  1.021543222952626E-003
  3.308317771662177E-004 -6.987504435550234E-004 -1.754018857337118E-003
 -2.657702350645459E-003 -3.238016785819927E-003 -3.538464488272689E-003
 -3.624440546509451E-003 -3.539106829494102E-003 -3.255793072225040E-003
 -2.867153057868877E-003 -2.388950728573345E-003 -1.890114106270803E-003
 -1.392740944279324E-003 -9.346059288373755E-004 -5.576074580680718E-004
  1.714064379875354E-004  2.540189182186464E-004  3.472737166784371E-004
  4.395689621841505E-004  5.236404979874103E-004  5.850452949021172E-004
  5.541309985922006E-004  4.187183424600825E-004  1.214728626275919E-004
 -2.764467603089755E-004 -7.391493600380803E-004 -1.170617683049828E-003
 -1.397172680489224E-003 -1.254039388650449E-003 -5.328538858478751E-004
  6.243634605733578E-004  9.622299838047829E-004  4.648091692129493E-004
 -3.942218785655918E-004 -1.339223847029979E-003 -2.186653078169911E-003
 -2.765094006203343E-003 -3.103695386170212E-003 -3.253157105156474E-003
 -3.245491190697374E-003 -3.052338560285121E-003 -2.750449688376851E-003
 -2.350285677757785E-003 -1.912646476628155E-003 -1.457793029739418E-003
 -1.022754490826387E-003 -6.503704589850651E-004  1.859143353048545E-004
  2.775699574781756E-004  3.823967700481472E-004  4.882772807039704E-004
  5.877901852568588E-004  6.668675118628863E-004  6.538052153088808E-004
  5.361316513458939E-004  2.518434766979556E-004 -1.366149275001338E-004
 -5.966848691093223E-004 -1.038252080948230E-003 -1.295662312257725E-003
 -1.205867987644952E-003 -5.605393874881772E-004  5.315739036394347E-004
  9.422531493756683E-004  6.353245501771600E-004 -6.030671181994998E-005
 -9.002659520104933E-004 -1.694164003796503E-003 -2.272543080007849E-003
 -2.650695155210289E-003 -2.864943842266100E-003 -2.936702031386980E-003
 -2.836205287270685E-003 -2.623199609790460E-003 -2.302742419540250E-003
 -1.926775171174836E-003 -1.513997790404933E-003 -1.101392622831306E-003
 -7.333657809169766E-004  1.925769353373859E-004  2.891739847917384E-004
  4.006505061604757E-004  5.146406246388812E-004  6.237371165100788E-004
  7.143200674900081E-004  7.133689102322186E-004  6.082947393067973E-004
  3.333910776389556E-004 -4.771778332231188E-005 -5.051625705292984E-004
 -9.535749910828187E-004 -1.233977099286456E-003 -1.184207426163916E-003
 -5.944113694136416E-004  4.586089781707299E-004  9.569468415202229E-004
  8.344780238464686E-004  2.927545128977956E-004 -4.493926718340986E-004
 -1.194054528587400E-003 -1.774736521750149E-003 -2.193975952557028E-003
 -2.473881504642802E-003 -2.625569593351996E-003 -2.618461182288424E-003
 -2.494609143507643E-003 -2.253727091491005E-003 -1.938506684736116E-003
 -1.566383320442440E-003 -1.174754008580461E-003 -8.101925292552552E-004
  1.922282460819004E-004  2.898905272239924E-004  4.032178938864963E-004
  5.198550371745523E-004  6.325980069550571E-004  7.283694749116011E-004
  7.336075450771044E-004  6.357370964278420E-004  3.665925169056678E-004
 -9.296003426090258E-006 -4.639787095980730E-004 -9.157112902894685E-004
 -1.210930885471780E-003 -1.187779784192086E-003 -6.337670017627912E-004
  4.042142136954095E-004  1.001929767973100E-003  1.055929284433941E-003
  6.570356618863810E-004  4.094291916738407E-006 -6.967012882069535E-004
 -1.282574807948688E-003 -1.744323516843313E-003 -2.090355798408907E-003
 -2.321536761057705E-003 -2.407514481772832E-003 -2.371812085045101E-003
 -2.209064305147709E-003 -1.952587871725857E-003 -1.618888317130175E-003
 -1.246221445424796E-003 -8.837961606893027E-004  1.855202669938219E-004
  2.805802929354954E-004  3.911459378352440E-004  5.050423405624740E-004
  6.154826114406937E-004  7.100429747391798E-004  7.154470620493875E-004
  6.193818443700555E-004  3.522998700901768E-004 -2.050576837994401E-005
 -4.721042710132975E-004 -9.234624471437600E-004 -1.225025411253083E-003
 -1.214991614084021E-003 -6.776269713224987E-004  3.673216440655784E-004
  1.073008008413000E-003  1.293191018865853E-003  1.024321727646247E-003
  4.506363232992643E-004 -2.126759473577614E-004 -8.072794832134075E-004
 -1.312572533808848E-003 -1.724692525103259E-003 -2.034266352016437E-003
 -2.211530773602105E-003 -2.261698516829834E-003 -2.174220598588152E-003
 -1.973326735257131E-003 -1.674936615722162E-003 -1.318553424671331E-003
 -9.564224721538815E-004  1.730736358756371E-004  2.620493156859197E-004
  3.654174944499499E-004  4.713059800532908E-004  5.735724239979178E-004
  6.605464404244295E-004  6.599874810534348E-004  5.602976912720541E-004
  2.914676909878959E-004 -8.031957749367829E-005 -5.286388977035515E-004
 -9.758092018767226E-004 -1.275175144598928E-003 -1.264759680254005E-003
 -7.252692711530844E-004  3.471562881960853E-004  1.166483666961837E-003
  1.540378384514478E-003  1.387131879560986E-003  8.814355272423891E-004
  2.481638256595031E-004 -3.588326221891400E-004 -9.090875585683752E-004
 -1.386520953544237E-003 -1.772741458563525E-003 -2.038243798507791E-003
 -2.170685080735206E-003 -2.154276336583321E-003 -2.004660184007787E-003
 -1.737527254912000E-003 -1.394051990218991E-003 -1.029792618026528E-003
