natx =      531
    x       y        z       iph  
      0.00000      0.00000      0.00000   0      0.00000
      0.00000     -1.80500      1.80500   1      2.55266
      1.80500      0.00000     -1.80500   1      2.55266
     -1.80500      0.00000     -1.80500   1      2.55266
      1.80500     -1.80500      0.00000   1      2.55266
     -1.80500      1.80500      0.00000   1      2.55266
     -1.80500     -1.80500      0.00000   1      2.55266
      0.00000     -1.80500     -1.80500   1      2.55266
      0.00000      1.80500      1.80500   1      2.55266
      1.80500      1.80500      0.00000   1      2.55266
      0.00000      1.80500     -1.80500   1      2.55266
     -1.80500      0.00000      1.80500   1      2.55266
      1.80500      0.00000      1.80500   1      2.55266
      0.00000     -3.61000      0.00000   1      3.61000
      3.61000      0.00000      0.00000   1      3.61000
      0.00000      3.61000      0.00000   1      3.61000
      0.00000      0.00000     -3.61000   1      3.61000
      0.00000      0.00000      3.61000   1      3.61000
     -3.61000      0.00000      0.00000   1      3.61000
     -1.80500      3.61000      1.80500   1      4.42133
      3.61000     -1.80500      1.80500   1      4.42133
      1.80500     -3.61000      1.80500   1      4.42133
     -3.61000     -1.80500     -1.80500   1      4.42133
     -1.80500     -3.61000      1.80500   1      4.42133
     -1.80500      3.61000     -1.80500   1      4.42133
      1.80500     -3.61000     -1.80500   1      4.42133
     -3.61000      1.80500      1.80500   1      4.42133
     -1.80500     -3.61000     -1.80500   1      4.42133
      1.80500      3.61000      1.80500   1      4.42133
      3.61000     -1.80500     -1.80500   1      4.42133
      1.80500      3.61000     -1.80500   1      4.42133
      3.61000      1.80500      1.80500   1      4.42133
     -3.61000      1.80500     -1.80500   1      4.42133
      3.61000      1.80500     -1.80500   1      4.42133
      1.80500     -1.80500     -3.61000   1      4.42133
      1.80500     -1.80500      3.61000   1      4.42133
     -1.80500     -1.80500      3.61000   1      4.42133
     -1.80500      1.80500      3.61000   1      4.42133
     -1.80500     -1.80500     -3.61000   1      4.42133
     -1.80500      1.80500     -3.61000   1      4.42133
      1.80500      1.80500      3.61000   1      4.42133
      1.80500      1.80500     -3.61000   1      4.42133
     -3.61000     -1.80500      1.80500   1      4.42133
      0.00000      3.61000      3.61000   1      5.10531
      3.61000      0.00000     -3.61000   1      5.10531
      0.00000      3.61000     -3.61000   1      5.10531
      0.00000     -3.61000     -3.61000   1      5.10531
      3.61000      3.61000      0.00000   1      5.10531
     -3.61000     -3.61000      0.00000   1      5.10531
     -3.61000      3.61000      0.00000   1      5.10531
      0.00000     -3.61000      3.61000   1      5.10531
     -3.61000      0.00000      3.61000   1      5.10531
     -3.61000      0.00000     -3.61000   1      5.10531
      3.61000     -3.61000      0.00000   1      5.10531
      3.61000      0.00000      3.61000   1      5.10531
      1.80500      5.41500      0.00000   1      5.70791
      5.41500      0.00000     -1.80500   1      5.70791
     -1.80500      5.41500      0.00000   1      5.70791
      5.41500      0.00000      1.80500   1      5.70791
     -5.41500      0.00000     -1.80500   1      5.70791
      0.00000      1.80500     -5.41500   1      5.70791
      0.00000     -1.80500      5.41500   1      5.70791
     -1.80500     -5.41500      0.00000   1      5.70791
     -5.41500      1.80500      0.00000   1      5.70791
      1.80500      0.00000     -5.41500   1      5.70791
     -5.41500     -1.80500      0.00000   1      5.70791
     -5.41500      0.00000      1.80500   1      5.70791
      0.00000      1.80500      5.41500   1      5.70791
      0.00000      5.41500     -1.80500   1      5.70791
      0.00000      5.41500      1.80500   1      5.70791
     -1.80500      0.00000     -5.41500   1      5.70791
      0.00000     -5.41500      1.80500   1      5.70791
      0.00000     -1.80500     -5.41500   1      5.70791
      0.00000     -5.41500     -1.80500   1      5.70791
     -1.80500      0.00000      5.41500   1      5.70791
      5.41500     -1.80500      0.00000   1      5.70791
      1.80500      0.00000      5.41500   1      5.70791
      5.41500      1.80500      0.00000   1      5.70791
      1.80500     -5.41500      0.00000   1      5.70791
      3.61000     -3.61000     -3.61000   1      6.25270
     -3.61000     -3.61000      3.61000   1      6.25270
     -3.61000      3.61000     -3.61000   1      6.25270
     -3.61000     -3.61000     -3.61000   1      6.25270
     -3.61000      3.61000      3.61000   1      6.25270
      3.61000     -3.61000      3.61000   1      6.25270
      3.61000      3.61000      3.61000   1      6.25270
      3.61000      3.61000     -3.61000   1      6.25270
     -3.61000     -1.80500      5.41500   1      6.75369
      1.80500     -3.61000      5.41500   1      6.75369
      3.61000     -1.80500      5.41500   1      6.75369
      3.61000      1.80500      5.41500   1      6.75369
      1.80500      3.61000      5.41500   1      6.75369
     -1.80500      3.61000     -5.41500   1      6.75369
     -3.61000      1.80500     -5.41500   1      6.75369
     -3.61000      1.80500      5.41500   1      6.75369
      3.61000      1.80500     -5.41500   1      6.75369
      1.80500      3.61000     -5.41500   1      6.75369
     -1.80500     -3.61000     -5.41500   1      6.75369
     -3.61000     -1.80500     -5.41500   1      6.75369
     -1.80500     -3.61000      5.41500   1      6.75369
     -1.80500      3.61000      5.41500   1      6.75369
      1.80500     -3.61000     -5.41500   1      6.75369
     -5.41500     -3.61000     -1.80500   1      6.75369
      5.41500      3.61000     -1.80500   1      6.75369
      5.41500     -3.61000     -1.80500   1      6.75369
      3.61000      5.41500      1.80500   1      6.75369
      5.41500     -3.61000      1.80500   1      6.75369
      3.61000     -5.41500      1.80500   1      6.75369
     -5.41500      1.80500      3.61000   1      6.75369
      5.41500      1.80500      3.61000   1      6.75369
     -1.80500      5.41500      3.61000   1      6.75369
     -5.41500      3.61000      1.80500   1      6.75369
      5.41500      3.61000      1.80500   1      6.75369
     -3.61000      5.41500      1.80500   1      6.75369
      5.41500      1.80500     -3.61000   1      6.75369
      3.61000     -5.41500     -1.80500   1      6.75369
      5.41500     -1.80500     -3.61000   1      6.75369
      1.80500     -5.41500      3.61000   1      6.75369
     -1.80500      5.41500     -3.61000   1      6.75369
     -1.80500     -5.41500      3.61000   1      6.75369
      5.41500     -1.80500      3.61000   1      6.75369
     -3.61000      5.41500     -1.80500   1      6.75369
     -5.41500     -1.80500     -3.61000   1      6.75369
     -5.41500     -1.80500      3.61000   1      6.75369
      1.80500      5.41500      3.61000   1      6.75369
      1.80500      5.41500     -3.61000   1      6.75369
     -5.41500     -3.61000      1.80500   1      6.75369
      1.80500     -5.41500     -3.61000   1      6.75369
     -5.41500      1.80500     -3.61000   1      6.75369
     -3.61000     -5.41500     -1.80500   1      6.75369
     -3.61000     -5.41500      1.80500   1      6.75369
     -1.80500     -5.41500     -3.61000   1      6.75369
     -5.41500      3.61000     -1.80500   1      6.75369
      3.61000      5.41500     -1.80500   1      6.75369
      3.61000     -1.80500     -5.41500   1      6.75369
     -7.22000      0.00000      0.00000   1      7.22000
      0.00000      0.00000     -7.22000   1      7.22000
      0.00000      7.22000      0.00000   1      7.22000
      0.00000     -7.22000      0.00000   1      7.22000
      0.00000      0.00000      7.22000   1      7.22000
      7.22000      0.00000      0.00000   1      7.22000
     -1.80500     -7.22000      1.80500   1      7.65797
     -7.22000      1.80500     -1.80500   1      7.65797
     -7.22000     -1.80500     -1.80500   1      7.65797
     -1.80500     -7.22000     -1.80500   1      7.65797
      1.80500     -1.80500      7.22000   1      7.65797
      1.80500      7.22000      1.80500   1      7.65797
      7.22000     -1.80500     -1.80500   1      7.65797
     -1.80500      7.22000      1.80500   1      7.65797
      1.80500     -7.22000      1.80500   1      7.65797
      1.80500     -1.80500     -7.22000   1      7.65797
      7.22000      1.80500     -1.80500   1      7.65797
     -1.80500      1.80500      7.22000   1      7.65797
     -7.22000     -1.80500      1.80500   1      7.65797
     -1.80500      1.80500     -7.22000   1      7.65797
     -1.80500      7.22000     -1.80500   1      7.65797
      1.80500      7.22000     -1.80500   1      7.65797
      7.22000     -1.80500      1.80500   1      7.65797
      1.80500     -7.22000     -1.80500   1      7.65797
      7.22000      1.80500      1.80500   1      7.65797
     -1.80500     -1.80500      7.22000   1      7.65797
      1.80500      1.80500     -7.22000   1      7.65797
     -7.22000      1.80500      1.80500   1      7.65797
      1.80500      1.80500      7.22000   1      7.65797
     -1.80500     -1.80500     -7.22000   1      7.65797
      0.00000     -5.41500      5.41500   1      7.65797
      5.41500     -5.41500      0.00000   1      7.65797
      0.00000     -5.41500     -5.41500   1      7.65797
     -5.41500      0.00000     -5.41500   1      7.65797
     -5.41500      5.41500      0.00000   1      7.65797
      0.00000      5.41500     -5.41500   1      7.65797
      0.00000      5.41500      5.41500   1      7.65797
     -5.41500     -5.41500      0.00000   1      7.65797
     -5.41500      0.00000      5.41500   1      7.65797
      5.41500      0.00000     -5.41500   1      7.65797
      5.41500      0.00000      5.41500   1      7.65797
      5.41500      5.41500      0.00000   1      7.65797
     -7.22000     -3.61000      0.00000   1      8.07221
      7.22000      0.00000     -3.61000   1      8.07221
     -7.22000      3.61000      0.00000   1      8.07221
      7.22000      0.00000      3.61000   1      8.07221
      0.00000     -7.22000     -3.61000   1      8.07221
     -3.61000      0.00000      7.22000   1      8.07221
      3.61000     -7.22000      0.00000   1      8.07221
      3.61000      7.22000      0.00000   1      8.07221
      3.61000      0.00000     -7.22000   1      8.07221
     -3.61000      0.00000     -7.22000   1      8.07221
      0.00000      7.22000     -3.61000   1      8.07221
      7.22000      3.61000      0.00000   1      8.07221
      0.00000      3.61000      7.22000   1      8.07221
     -7.22000      0.00000      3.61000   1      8.07221
      0.00000     -7.22000      3.61000   1      8.07221
      3.61000      0.00000      7.22000   1      8.07221
     -7.22000      0.00000     -3.61000   1      8.07221
     -3.61000      7.22000      0.00000   1      8.07221
      0.00000     -3.61000      7.22000   1      8.07221
     -3.61000     -7.22000      0.00000   1      8.07221
      0.00000     -3.61000     -7.22000   1      8.07221
      0.00000      7.22000      3.61000   1      8.07221
      0.00000      3.61000     -7.22000   1      8.07221
      7.22000     -3.61000      0.00000   1      8.07221
      3.61000      5.41500     -5.41500   1      8.46620
      5.41500      5.41500     -3.61000   1      8.46620
      5.41500     -3.61000     -5.41500   1      8.46620
      5.41500      5.41500      3.61000   1      8.46620
      5.41500     -3.61000      5.41500   1      8.46620
     -5.41500      3.61000      5.41500   1      8.46620
     -5.41500      5.41500      3.61000   1      8.46620
      5.41500      3.61000      5.41500   1      8.46620
     -3.61000      5.41500     -5.41500   1      8.46620
     -5.41500      5.41500     -3.61000   1      8.46620
      5.41500     -5.41500      3.61000   1      8.46620
     -5.41500      3.61000     -5.41500   1      8.46620
      5.41500     -5.41500     -3.61000   1      8.46620
      3.61000     -5.41500     -5.41500   1      8.46620
     -5.41500     -5.41500      3.61000   1      8.46620
      3.61000     -5.41500      5.41500   1      8.46620
     -5.41500     -5.41500     -3.61000   1      8.46620
     -3.61000     -5.41500     -5.41500   1      8.46620
     -5.41500     -3.61000      5.41500   1      8.46620
     -3.61000     -5.41500      5.41500   1      8.46620
     -5.41500     -3.61000     -5.41500   1      8.46620
      3.61000      5.41500      5.41500   1      8.46620
     -3.61000      5.41500      5.41500   1      8.46620
      5.41500      3.61000     -5.41500   1      8.46620
     -7.22000     -3.61000      3.61000   1      8.84266
      7.22000     -3.61000     -3.61000   1      8.84266
      7.22000     -3.61000      3.61000   1      8.84266
      3.61000      7.22000      3.61000   1      8.84266
     -3.61000      7.22000     -3.61000   1      8.84266
     -7.22000     -3.61000     -3.61000   1      8.84266
     -7.22000      3.61000      3.61000   1      8.84266
      3.61000     -7.22000      3.61000   1      8.84266
     -7.22000      3.61000     -3.61000   1      8.84266
      3.61000     -7.22000     -3.61000   1      8.84266
      7.22000      3.61000      3.61000   1      8.84266
     -3.61000     -7.22000      3.61000   1      8.84266
     -3.61000     -7.22000     -3.61000   1      8.84266
     -3.61000      7.22000      3.61000   1      8.84266
      3.61000      7.22000     -3.61000   1      8.84266
      3.61000     -3.61000     -7.22000   1      8.84266
      3.61000     -3.61000      7.22000   1      8.84266
     -3.61000      3.61000     -7.22000   1      8.84266
      3.61000      3.61000      7.22000   1      8.84266
     -3.61000     -3.61000      7.22000   1      8.84266
     -3.61000     -3.61000     -7.22000   1      8.84266
     -3.61000      3.61000      7.22000   1      8.84266
      3.61000      3.61000     -7.22000   1      8.84266
      7.22000      3.61000     -3.61000   1      8.84266
      0.00000     -1.80500      9.02500   1      9.20373
      0.00000      1.80500      9.02500   1      9.20373
     -9.02500      0.00000      1.80500   1      9.20373
      1.80500      9.02500      0.00000   1      9.20373
      9.02500      0.00000      1.80500   1      9.20373
      0.00000      9.02500      1.80500   1      9.20373
      1.80500      0.00000     -9.02500   1      9.20373
      9.02500      0.00000     -1.80500   1      9.20373
      0.00000      9.02500     -1.80500   1      9.20373
      0.00000     -9.02500     -1.80500   1      9.20373
     -9.02500     -1.80500      0.00000   1      9.20373
      9.02500      1.80500      0.00000   1      9.20373
     -1.80500     -9.02500      0.00000   1      9.20373
     -9.02500      1.80500      0.00000   1      9.20373
      0.00000      1.80500     -9.02500   1      9.20373
     -1.80500      0.00000     -9.02500   1      9.20373
     -1.80500      0.00000      9.02500   1      9.20373
      9.02500     -1.80500      0.00000   1      9.20373
      1.80500     -9.02500      0.00000   1      9.20373
     -1.80500      9.02500      0.00000   1      9.20373
      0.00000     -1.80500     -9.02500   1      9.20373
     -9.02500      0.00000     -1.80500   1      9.20373
      0.00000     -9.02500      1.80500   1      9.20373
      1.80500      0.00000      9.02500   1      9.20373
      5.41500      7.22000      1.80500   1      9.20373
     -5.41500      7.22000      1.80500   1      9.20373
      1.80500      5.41500      7.22000   1      9.20373
     -7.22000      1.80500      5.41500   1      9.20373
     -7.22000     -5.41500     -1.80500   1      9.20373
      5.41500      7.22000     -1.80500   1      9.20373
      7.22000     -1.80500      5.41500   1      9.20373
      7.22000     -5.41500     -1.80500   1      9.20373
     -5.41500      1.80500      7.22000   1      9.20373
      1.80500     -7.22000     -5.41500   1      9.20373
      7.22000      5.41500     -1.80500   1      9.20373
     -1.80500      7.22000      5.41500   1      9.20373
      5.41500     -7.22000     -1.80500   1      9.20373
      5.41500     -7.22000      1.80500   1      9.20373
      5.41500     -1.80500     -7.22000   1      9.20373
      7.22000      1.80500      5.41500   1      9.20373
     -1.80500      5.41500     -7.22000   1      9.20373
     -7.22000      5.41500      1.80500   1      9.20373
      5.41500     -1.80500      7.22000   1      9.20373
     -1.80500      5.41500      7.22000   1      9.20373
     -5.41500     -1.80500     -7.22000   1      9.20373
     -7.22000      5.41500     -1.80500   1      9.20373
      5.41500      1.80500     -7.22000   1      9.20373
      7.22000     -1.80500     -5.41500   1      9.20373
     -7.22000     -1.80500     -5.41500   1      9.20373
      1.80500      7.22000      5.41500   1      9.20373
     -7.22000     -1.80500      5.41500   1      9.20373
     -5.41500     -7.22000      1.80500   1      9.20373
      1.80500      7.22000     -5.41500   1      9.20373
     -7.22000     -5.41500      1.80500   1      9.20373
      5.41500      1.80500      7.22000   1      9.20373
      1.80500     -5.41500     -7.22000   1      9.20373
      1.80500      5.41500     -7.22000   1      9.20373
     -5.41500     -7.22000     -1.80500   1      9.20373
      7.22000     -5.41500      1.80500   1      9.20373
     -1.80500     -5.41500      7.22000   1      9.20373
     -1.80500     -7.22000      5.41500   1      9.20373
     -7.22000      1.80500     -5.41500   1      9.20373
     -1.80500      7.22000     -5.41500   1      9.20373
      1.80500     -5.41500      7.22000   1      9.20373
     -1.80500     -7.22000     -5.41500   1      9.20373
     -5.41500      7.22000     -1.80500   1      9.20373
     -5.41500     -1.80500      7.22000   1      9.20373
     -1.80500     -5.41500     -7.22000   1      9.20373
      1.80500     -7.22000      5.41500   1      9.20373
      7.22000      5.41500      1.80500   1      9.20373
     -5.41500      1.80500     -7.22000   1      9.20373
      7.22000      1.80500     -5.41500   1      9.20373
      9.02500      1.80500     -3.61000   1      9.88639
     -3.61000     -9.02500      1.80500   1      9.88639
      1.80500     -9.02500      3.61000   1      9.88639
      9.02500     -3.61000      1.80500   1      9.88639
     -3.61000     -9.02500     -1.80500   1      9.88639
      9.02500     -3.61000     -1.80500   1      9.88639
      9.02500     -1.80500     -3.61000   1      9.88639
     -1.80500     -9.02500     -3.61000   1      9.88639
     -1.80500      9.02500      3.61000   1      9.88639
      3.61000      9.02500      1.80500   1      9.88639
     -9.02500     -3.61000     -1.80500   1      9.88639
     -9.02500      1.80500     -3.61000   1      9.88639
     -3.61000      9.02500     -1.80500   1      9.88639
     -1.80500      9.02500     -3.61000   1      9.88639
      3.61000      9.02500     -1.80500   1      9.88639
     -1.80500      3.61000      9.02500   1      9.88639
     -9.02500      3.61000      1.80500   1      9.88639
      3.61000      1.80500      9.02500   1      9.88639
      3.61000      1.80500     -9.02500   1      9.88639
     -9.02500      3.61000     -1.80500   1      9.88639
      3.61000     -1.80500      9.02500   1      9.88639
     -1.80500      3.61000     -9.02500   1      9.88639
     -3.61000      1.80500      9.02500   1      9.88639
      3.61000     -1.80500     -9.02500   1      9.88639
      9.02500     -1.80500      3.61000   1      9.88639
      3.61000     -9.02500      1.80500   1      9.88639
      3.61000     -9.02500     -1.80500   1      9.88639
     -9.02500     -1.80500      3.61000   1      9.88639
     -1.80500     -9.02500      3.61000   1      9.88639
      1.80500     -9.02500     -3.61000   1      9.88639
      1.80500      9.02500      3.61000   1      9.88639
     -9.02500     -3.61000      1.80500   1      9.88639
     -3.61000      1.80500     -9.02500   1      9.88639
      1.80500      9.02500     -3.61000   1      9.88639
     -1.80500     -3.61000      9.02500   1      9.88639
     -3.61000     -1.80500      9.02500   1      9.88639
     -9.02500      1.80500      3.61000   1      9.88639
     -9.02500     -1.80500     -3.61000   1      9.88639
      1.80500      3.61000      9.02500   1      9.88639
      1.80500      3.61000     -9.02500   1      9.88639
     -1.80500     -3.61000     -9.02500   1      9.88639
     -3.61000     -1.80500     -9.02500   1      9.88639
      1.80500     -3.61000      9.02500   1      9.88639
      1.80500     -3.61000     -9.02500   1      9.88639
     -3.61000      9.02500      1.80500   1      9.88639
      9.02500      3.61000      1.80500   1      9.88639
      9.02500      3.61000     -1.80500   1      9.88639
      9.02500      1.80500      3.61000   1      9.88639
      7.22000      0.00000     -7.22000   1     10.21062
     -7.22000      7.22000      0.00000   1     10.21062
      7.22000     -7.22000      0.00000   1     10.21062
      0.00000     -7.22000     -7.22000   1     10.21062
      0.00000      7.22000      7.22000   1     10.21062
     -7.22000      0.00000      7.22000   1     10.21062
      0.00000      7.22000     -7.22000   1     10.21062
     -7.22000     -7.22000      0.00000   1     10.21062
     -7.22000      0.00000     -7.22000   1     10.21062
      7.22000      7.22000      0.00000   1     10.21062
      0.00000     -7.22000      7.22000   1     10.21062
      7.22000      0.00000      7.22000   1     10.21062
     -7.22000      5.41500     -5.41500   1     10.52487
     -5.41500     -7.22000      5.41500   1     10.52487
     -7.22000      5.41500      5.41500   1     10.52487
     -7.22000     -5.41500      5.41500   1     10.52487
      7.22000     -5.41500      5.41500   1     10.52487
      7.22000      5.41500     -5.41500   1     10.52487
     -5.41500     -5.41500      7.22000   1     10.52487
     -5.41500     -7.22000     -5.41500   1     10.52487
      5.41500     -5.41500      7.22000   1     10.52487
      5.41500     -5.41500     -7.22000   1     10.52487
      5.41500     -7.22000     -5.41500   1     10.52487
      7.22000     -5.41500     -5.41500   1     10.52487
      5.41500      5.41500      7.22000   1     10.52487
     -5.41500      7.22000     -5.41500   1     10.52487
      5.41500      5.41500     -7.22000   1     10.52487
      7.22000      5.41500      5.41500   1     10.52487
     -7.22000     -5.41500     -5.41500   1     10.52487
     -5.41500      7.22000      5.41500   1     10.52487
     -5.41500     -5.41500     -7.22000   1     10.52487
      5.41500      7.22000      5.41500   1     10.52487
     -5.41500      5.41500      7.22000   1     10.52487
     -5.41500      5.41500     -7.22000   1     10.52487
      5.41500      7.22000     -5.41500   1     10.52487
      5.41500     -7.22000      5.41500   1     10.52487
      9.02500     -5.41500      0.00000   1     10.52487
      9.02500      5.41500      0.00000   1     10.52487
      0.00000     -9.02500     -5.41500   1     10.52487
      9.02500      0.00000     -5.41500   1     10.52487
     -9.02500     -5.41500      0.00000   1     10.52487
      5.41500      0.00000     -9.02500   1     10.52487
     -5.41500      9.02500      0.00000   1     10.52487
     -5.41500      0.00000     -9.02500   1     10.52487
      0.00000      5.41500     -9.02500   1     10.52487
     -9.02500      0.00000     -5.41500   1     10.52487
      5.41500      9.02500      0.00000   1     10.52487
      0.00000      5.41500      9.02500   1     10.52487
      0.00000      9.02500     -5.41500   1     10.52487
      5.41500      0.00000      9.02500   1     10.52487
      0.00000      9.02500      5.41500   1     10.52487
     -5.41500      0.00000      9.02500   1     10.52487
     -9.02500      5.41500      0.00000   1     10.52487
     -9.02500      0.00000      5.41500   1     10.52487
      5.41500     -9.02500      0.00000   1     10.52487
      0.00000     -5.41500      9.02500   1     10.52487
      0.00000     -9.02500      5.41500   1     10.52487
      0.00000     -5.41500     -9.02500   1     10.52487
     -5.41500     -9.02500      0.00000   1     10.52487
      9.02500      0.00000      5.41500   1     10.52487
    -10.83000      0.00000      0.00000   1     10.83000
      0.00000      0.00000    -10.83000   1     10.83000
      0.00000     10.83000      0.00000   1     10.83000
     10.83000      0.00000      0.00000   1     10.83000
      0.00000      0.00000     10.83000   1     10.83000
      0.00000    -10.83000      0.00000   1     10.83000
     -7.22000      7.22000      3.61000   1     10.83000
      3.61000      7.22000      7.22000   1     10.83000
      7.22000     -3.61000     -7.22000   1     10.83000
     -3.61000      7.22000     -7.22000   1     10.83000
     -7.22000      3.61000      7.22000   1     10.83000
     -7.22000     -3.61000     -7.22000   1     10.83000
      3.61000     -7.22000      7.22000   1     10.83000
      3.61000     -7.22000     -7.22000   1     10.83000
     -7.22000      7.22000     -3.61000   1     10.83000
     -3.61000      7.22000      7.22000   1     10.83000
     -7.22000     -7.22000     -3.61000   1     10.83000
     -3.61000     -7.22000      7.22000   1     10.83000
     -7.22000     -3.61000      7.22000   1     10.83000
      7.22000      7.22000      3.61000   1     10.83000
      7.22000      7.22000     -3.61000   1     10.83000
      7.22000      3.61000      7.22000   1     10.83000
     -3.61000     -7.22000     -7.22000   1     10.83000
      3.61000      7.22000     -7.22000   1     10.83000
     -7.22000     -7.22000      3.61000   1     10.83000
     -7.22000      3.61000     -7.22000   1     10.83000
      7.22000     -7.22000     -3.61000   1     10.83000
      7.22000     -7.22000      3.61000   1     10.83000
      7.22000     -3.61000      7.22000   1     10.83000
      7.22000      3.61000     -7.22000   1     10.83000
     -1.80500      1.80500    -10.83000   1     11.12677
     -1.80500     10.83000     -1.80500   1     11.12677
     -1.80500     -1.80500     10.83000   1     11.12677
     -1.80500      1.80500     10.83000   1     11.12677
     10.83000     -1.80500      1.80500   1     11.12677
    -10.83000     -1.80500      1.80500   1     11.12677
      1.80500     -1.80500    -10.83000   1     11.12677
      1.80500      1.80500     10.83000   1     11.12677
      1.80500    -10.83000     -1.80500   1     11.12677
    -10.83000      1.80500     -1.80500   1     11.12677
      1.80500     -1.80500     10.83000   1     11.12677
     10.83000      1.80500     -1.80500   1     11.12677
     -1.80500    -10.83000     -1.80500   1     11.12677
     -1.80500    -10.83000      1.80500   1     11.12677
     10.83000     -1.80500     -1.80500   1     11.12677
     10.83000      1.80500      1.80500   1     11.12677
      1.80500      1.80500    -10.83000   1     11.12677
    -10.83000      1.80500      1.80500   1     11.12677
      1.80500     10.83000     -1.80500   1     11.12677
     -1.80500     10.83000      1.80500   1     11.12677
    -10.83000     -1.80500     -1.80500   1     11.12677
      1.80500     10.83000      1.80500   1     11.12677
     -1.80500     -1.80500    -10.83000   1     11.12677
      1.80500    -10.83000      1.80500   1     11.12677
     -9.02500     -3.61000     -5.41500   1     11.12677
      5.41500      9.02500     -3.61000   1     11.12677
      5.41500      9.02500      3.61000   1     11.12677
      3.61000     -9.02500     -5.41500   1     11.12677
      5.41500      3.61000      9.02500   1     11.12677
      3.61000      5.41500      9.02500   1     11.12677
      3.61000      9.02500      5.41500   1     11.12677
     -5.41500      9.02500      3.61000   1     11.12677
      3.61000     -9.02500      5.41500   1     11.12677
      9.02500     -5.41500     -3.61000   1     11.12677
      5.41500     -9.02500      3.61000   1     11.12677
     -9.02500      3.61000     -5.41500   1     11.12677
     -9.02500      3.61000      5.41500   1     11.12677
      9.02500     -3.61000      5.41500   1     11.12677
      9.02500     -5.41500      3.61000   1     11.12677
     -9.02500     -5.41500      3.61000   1     11.12677
     -9.02500     -3.61000      5.41500   1     11.12677
     -9.02500      5.41500     -3.61000   1     11.12677
      5.41500     -3.61000     -9.02500   1     11.12677
     -5.41500     -3.61000     -9.02500   1     11.12677
      3.61000     -5.41500      9.02500   1     11.12677
      3.61000     -5.41500     -9.02500   1     11.12677
     -5.41500     -9.02500     -3.61000   1     11.12677
      5.41500     -9.02500     -3.61000   1     11.12677
     -3.61000      9.02500     -5.41500   1     11.12677
     -5.41500      3.61000     -9.02500   1     11.12677
     -3.61000     -9.02500     -5.41500   1     11.12677
     -3.61000      5.41500     -9.02500   1     11.12677
      5.41500     -3.61000      9.02500   1     11.12677
      3.61000      5.41500     -9.02500   1     11.12677
     -9.02500     -5.41500     -3.61000   1     11.12677
      5.41500      3.61000     -9.02500   1     11.12677
     -3.61000     -5.41500      9.02500   1     11.12677
      3.61000      9.02500     -5.41500   1     11.12677
     -5.41500      3.61000      9.02500   1     11.12677
      9.02500      5.41500      3.61000   1     11.12677
     -5.41500     -3.61000      9.02500   1     11.12677
     -3.61000      5.41500      9.02500   1     11.12677
     -5.41500      9.02500     -3.61000   1     11.12677
     -9.02500      5.41500      3.61000   1     11.12677
      9.02500      3.61000      5.41500   1     11.12677
     -3.61000      9.02500      5.41500   1     11.12677
      9.02500     -3.61000     -5.41500   1     11.12677
      9.02500      5.41500     -3.61000   1     11.12677
     -3.61000     -5.41500     -9.02500   1     11.12677
     -5.41500     -9.02500      3.61000   1     11.12677
     -3.61000     -9.02500      5.41500   1     11.12677
      9.02500      3.61000     -5.41500   1     11.12677
