  1.507330463454269E-004  0.000000000000000E+000
  1.584612948916551E-004  0.000000000000000E+000
  1.665857792139145E-004  0.000000000000000E+000
  1.751268147548663E-004  0.000000000000000E+000
  1.841057585521890E-004  0.000000000000000E+000
  1.935450626422994E-004  0.000000000000000E+000
  2.034683302021365E-004  0.000000000000000E+000
  2.139003745693987E-004  0.000000000000000E+000
  2.248672812888141E-004  0.000000000000000E+000
  2.363964733395872E-004  0.000000000000000E+000
  2.485167797071335E-004  0.000000000000000E+000
  2.612585074705573E-004  0.000000000000000E+000
  2.746535175861361E-004  0.000000000000000E+000
  2.887353045563091E-004  0.000000000000000E+000
  3.035390801833760E-004  0.000000000000000E+000
  3.191018616173477E-004  0.000000000000000E+000
  3.354625639180997E-004  0.000000000000000E+000
  3.526620973632923E-004  0.000000000000000E+000
  3.707434697453767E-004  0.000000000000000E+000
  3.897518939134734E-004  0.000000000000000E+000
  4.097349008290490E-004  0.000000000000000E+000
  4.307424584180757E-004  0.000000000000000E+000
  4.528270965168743E-004  0.000000000000000E+000
  4.760440382240664E-004  0.000000000000000E+000
  5.004513379870841E-004  0.000000000000000E+000
  5.261100267685300E-004  0.000000000000000E+000
  5.530842646553719E-004  0.000000000000000E+000
  5.814415012925796E-004  0.000000000000000E+000
  6.112526445423721E-004  0.000000000000000E+000
  6.425922377908035E-004  0.000000000000000E+000
  6.755386463450606E-004  0.000000000000000E+000
  7.101742533875469E-004  0.000000000000000E+000
  7.465856659767505E-004  0.000000000000000E+000
  7.848639316100032E-004  0.000000000000000E+000
  8.251047658896447E-004  0.000000000000000E+000
  8.674087918618893E-004  0.000000000000000E+000
  9.118817916268506E-004  0.000000000000000E+000
  9.586349708488921E-004  0.000000000000000E+000
  1.007785236828714E-003  0.000000000000000E+000
  1.059455490832492E-003  0.000000000000000E+000
  1.113774935409073E-003  0.000000000000000E+000
  1.170879397463632E-003  0.000000000000000E+000
  1.230911667895690E-003  0.000000000000000E+000
  1.294021858650743E-003  0.000000000000000E+000
  1.360367778078307E-003  0.000000000000000E+000
  1.430115325534997E-003  0.000000000000000E+000
  1.503438906219332E-003  0.000000000000000E+000
  1.580521867275566E-003  0.000000000000000E+000
  1.661556956257066E-003  0.000000000000000E+000
  1.746746803095575E-003  0.000000000000000E+000
  1.836304426781600E-003  0.000000000000000E+000
  1.930453768022840E-003  0.000000000000000E+000
  2.029430249212595E-003  0.000000000000000E+000
  2.133481363108394E-003  0.000000000000000E+000
  2.242867291692776E-003  0.000000000000000E+000
  2.357861556763788E-003  0.000000000000000E+000
  2.478751703881948E-003  0.000000000000000E+000
  2.605840021383910E-003  0.000000000000000E+000
  2.739444296260787E-003  0.000000000000000E+000
  2.879898608791123E-003  0.000000000000000E+000
  3.027554167915629E-003  0.000000000000000E+000
  3.182780189442467E-003  0.000000000000000E+000
  3.345964819279069E-003  0.000000000000000E+000
  3.517516103999114E-003  0.000000000000000E+000
  3.697863011171468E-003  0.000000000000000E+000
  3.887456502002575E-003  0.000000000000000E+000
  4.086770658974353E-003  0.000000000000000E+000
  4.296303871297329E-003  0.000000000000000E+000
  4.516580081143303E-003  0.000000000000000E+000
  4.748150093773631E-003  0.000000000000000E+000
  4.991592954839325E-003  0.000000000000000E+000
  5.247517398296779E-003  0.000000000000000E+000
  5.516563368559710E-003  0.000000000000000E+000
  5.799403620693583E-003  0.000000000000000E+000
  6.096745402653625E-003  0.000000000000000E+000
  6.409332223773160E-003  0.000000000000000E+000
  6.737945713924194E-003  0.000000000000000E+000
  7.083407577999213E-003  0.000000000000000E+000
  7.446581650601474E-003  0.000000000000000E+000
  7.828376056081394E-003  0.000000000000000E+000
  8.229745479320500E-003  0.000000000000000E+000
  8.651693552940888E-003  0.000000000000000E+000
  9.095275366909553E-003  0.000000000000000E+000
  9.561600106812848E-003  0.000000000000000E+000
  1.005183382739825E-002  0.000000000000000E+000
  1.056720236831856E-002  0.000000000000000E+000
  1.110899441936957E-002  0.000000000000000E+000
  1.167856474288579E-002  0.000000000000000E+000
  1.227733756135192E-002  0.000000000000000E+000
  1.290681011870097E-002  0.000000000000000E+000
  1.356855642420393E-002  0.000000000000000E+000
  1.426423118831281E-002  0.000000000000000E+000
  1.499557396029869E-002  0.000000000000000E+000
  1.576441347803096E-002  0.000000000000000E+000
  1.657267224077457E-002  0.000000000000000E+000
  1.742237131643958E-002  0.000000000000000E+000
  1.831563539530365E-002  0.000000000000000E+000
  1.925469810284437E-002  0.000000000000000E+000
  2.024190758496655E-002  0.000000000000000E+000
  2.127973237958994E-002  0.000000000000000E+000
  2.237076758927989E-002  0.000000000000000E+000
  2.351774137035551E-002  0.000000000000000E+000
  2.472352175470141E-002  0.000000000000000E+000
  2.599112382134143E-002  0.000000000000000E+000
  2.732371723570660E-002  0.000000000000000E+000
  2.872463417544973E-002  0.000000000000000E+000
  3.019737766262527E-002  0.000000000000000E+000
  3.174563032306892E-002  0.000000000000000E+000
  3.337326359488062E-002  0.000000000000000E+000
  3.508434740903619E-002  0.000000000000000E+000
  3.688316036633479E-002  0.000000000000000E+000
  3.877420043612952E-002  0.000000000000000E+000
  4.076219620359357E-002  0.000000000000000E+000
  4.285211869364641E-002  0.000000000000000E+000
  4.504919380110518E-002  0.000000000000000E+000
  4.735891535814381E-002  0.000000000000000E+000
  4.978705887173521E-002  0.000000000000000E+000
  5.233969596542672E-002  0.000000000000000E+000
  5.502320956156190E-002  0.000000000000000E+000
  5.784430984191089E-002  0.000000000000000E+000
  6.081005102662009E-002  0.000000000000000E+000
  6.392784901343691E-002  0.000000000000000E+000
  6.720549992131673E-002  0.000000000000000E+000
  7.065119958478143E-002  0.000000000000000E+000
  7.427356404777447E-002  0.000000000000000E+000
  7.808165110825868E-002  0.000000000000000E+000
  8.208498296742936E-002  0.000000000000000E+000
  8.629357004017671E-002  0.000000000000000E+000
  9.071793598633777E-002  0.000000000000000E+000
  9.536914402532726E-002  0.000000000000000E+000
  0.100258824599949       0.000000000000000E+000
  0.105399204458560       0.000000000000000E+000
  0.110803137228311       0.000000000000000E+000
  0.116484135555909       0.000000000000000E+000
  0.122456404896274       0.000000000000000E+000
  0.128734879033572       0.000000000000000E+000
  0.135335257423459       0.000000000000000E+000
  0.142274044449891       0.000000000000000E+000
  0.149568590694688       0.000000000000000E+000
  0.157237136323021       0.000000000000000E+000
  0.165298856693329       0.000000000000000E+000
  0.173773910305699       0.000000000000000E+000
  0.182683489208621       0.000000000000000E+000
  0.192049871990145       0.000000000000000E+000
  0.201896479485954       0.000000000000000E+000
  0.212247933343659       0.000000000000000E+000
  0.223130117589733       0.000000000000000E+000
  0.234570243353070       0.000000000000000E+000
  0.246596916906973       0.000000000000000E+000
  0.259240211199741       0.000000000000000E+000
  0.272531741052703       0.000000000000000E+000
  0.286504742213742       0.000000000000000E+000
  0.301194154463971       0.000000000000000E+000
  0.316636708985388       0.000000000000000E+000
  0.332871020207965       0.000000000000000E+000
  0.349937682365833       0.000000000000000E+000
  0.367879371004014       0.000000000000000E+000
  0.386740949689512       0.000000000000000E+000
  0.406569582193598       0.000000000000000E+000
  0.427414850425806       0.000000000000000E+000
  0.449328878414531       0.000000000000000E+000
  0.472366462644254       0.000000000000000E+000
  0.496585209075288       0.000000000000000E+000
  0.522045677188696       0.000000000000000E+000
  0.548811531416525       0.000000000000000E+000
  0.576949700336054       0.000000000000000E+000
  0.606530544026102       0.000000000000000E+000
  0.637628030003866       0.000000000000000E+000
  0.670319918182249       0.000000000000000E+000
  0.704687955310141       0.000000000000000E+000
  0.740818079381869       0.000000000000000E+000
  0.778800634526959       0.000000000000000E+000
  0.818730596917498       0.000000000000000E+000
  0.860707812258056       0.000000000000000E+000
  0.904837245451936       0.000000000000000E+000
  0.951229243068117       0.000000000000000E+000
  0.999999809265156       0.000000000000000E+000
   1.05127089586199       0.000000000000000E+000
   1.10517070728104       0.000000000000000E+000
   1.16183402112601       0.000000000000000E+000
   1.22140252519610       0.000000000000000E+000
   1.28402517177935       0.000000000000000E+000
   1.34985855011089       0.000000000000000E+000
   1.41906727792763       0.000000000000000E+000
   1.49182441309832       0.000000000000000E+000
   1.56831188635839       0.000000000000000E+000
   1.64872095623153       0.000000000000000E+000
   1.73325268727565       0.000000000000000E+000
   1.82211845284896       0.000000000000000E+000
   1.91554046365351       0.000000000000000E+000
   2.01375232337767       0.000000000000000E+000
   2.11699961282701       0.000000000000000E+000
   2.22554050400427       0.000000000000000E+000
   2.33964640567381       0.000000000000000E+000
   2.45960264202493       0.000000000000000E+000
   2.58570916613091       0.000000000000000E+000
   2.71828130998798       0.000000000000000E+000
   2.85765057300952       0.000000000000000E+000
   3.00416545094729       0.000000000000000E+000
   3.15819230731234       0.000000000000000E+000
   3.32011628947456       0.000000000000000E+000
   3.49034229173182       0.000000000000000E+000
   3.66929596775652       0.000000000000000E+000
   3.85742479495151       7.893945595140694E-002
   4.05519919337674       0.276713854376633     
   4.26311370204433       0.484628363044223     
   4.48168821552380       0.703202876523689     
   4.71146928394921       0.932983944949105     
   4.95303147967924        1.17454614067914     
   5.20697883402736        1.42849349502726     
