  0.906522218746030       0.160229007036996     
  0.901881399358249       0.160229007036996     
  0.896783759796901       0.160229007036996     
  0.891983468649351       0.160229007036996     
  0.887431266918740       0.160229007036996     
  0.883039483026303       0.160229007036996     
  0.878726182129552       0.160229007036996     
  0.874412740633950       0.160229007036996     
  0.869896050653606       0.160229007036996     
  0.865138983994771       0.160229007036996     
  0.861457449589506       0.160229007036996     
  0.857284083726040       0.160229007036996     
  0.852049207717537       0.160229007036996     
  0.851796081853445       0.160229007036996     
  0.850575018457284       0.160229007036996     
  0.847990040340864       0.160229007036996     
  0.844758343188333       0.160229007036996     
  0.840998695518344       0.160229007036996     
  0.836768678770490       0.160229007036996     
  0.831594562402760       0.160229007036996     
  0.826907990930737       0.160229007036996     
  0.825806820840637       0.160229007036996     
  0.822113356877306       0.160229007036996     
  0.816777938683003       0.160229007036996     
  0.811220991402486       0.160229007036996     
  0.808761676560520       0.160229007036996     
  0.802564688353394       0.160229007036996     
  0.799725403649814       0.160229007036996     
  0.794757738572575       0.160229007036996     
  0.790455791818417       0.160229007036996     
  0.787002970888570       0.160229007036996     
  0.783571326324208       0.160229007036996     
  0.780403080541708       0.160229007036996     
  0.777635035814624       0.160229007036996     
  0.775000706553974       0.160229007036996     
  0.773411261028612       0.160229007036996     
  0.772734299093702       0.160229007036996     
  0.773260351416478       0.160229007036996     
  0.774779889628747       0.160229007036996     
  0.776835540211978       0.160229007036996     
  0.802696099045490       0.160229007036996     
  0.821577228395694       0.160229007036996     
  0.832253381771543       0.160229007036996     
  0.845032765323776       0.160229007036996     
  0.854265384949225       0.160229007036996     
  0.866292950404183       0.160229007036996     
  0.874896390897832       0.160229007036996     
  0.885857336008330       0.160229007036996     
  0.894170024206283       0.160229007036996     
  0.904266806595826       0.160229007036996     
  0.920892422267973       0.160229007036996     
  0.927235929058795       0.160229007036996     
  0.953520757194095       0.160229007036996     
  0.965454572226945       0.160229007036996     
  0.973229981231202       0.160229007036996     
  0.974912598203750       0.160229007036996     
  0.980649371926109       0.160229007036996     
  0.983111855699933       0.160229007036996     
  0.984572463409650       0.160229007036996     
  0.979385890883685       0.160229007036996     
  0.993544335551653       0.160229007036996     
  0.998247957084924       0.160229007036996     
   1.00071543065781       0.160229007036996     
   1.00238490304383       0.160229007036996     
   1.00130185862250       0.160229007036996     
   1.00035341926093       0.160229007036996     
