# Cu                                                               FEFF 9.1
# POT  SCF  30  4.0000   0, screened core-hole, AFOLP (folp(0)= 1.150)
# Abs   Z=29 Rmt= 1.362 Rnm= 1.399 K  shell
# Pot 1 Z=29 Rmt= 1.362 Rnm= 1.399
# Gam_ch=1.729E+00 H-L exch
# Mu=-7.737E+00 kf=1.992E+00 Vint=-1.662E+01 Rs_int= 1.821
#  -----------------------------------------------------------------------
#   0.95032E+00  0.23938E+01  0.62233E+00 -0.2843269E+00  0.3303192E+03 method to calculate xsect
#   1.7291900E+00 100  11
#       em              xsnorm            xsec  
 -0.167726891E+02  0.86459E+00  0.66224E-05 -0.90105E-04  0.18276E-04
 -0.152044997E+02  0.86459E+00  0.17373E-04 -0.59459E-04  0.31453E-04
 -0.137856616E+02  0.86459E+00  0.40919E-04 -0.35599E-04  0.51742E-04
 -0.125161749E+02  0.86459E+00  0.66601E-04 -0.19681E-04  0.73687E-04
 -0.113960396E+02  0.86459E+00  0.90348E-04 -0.10161E-04  0.94217E-04
 -0.104252557E+02  0.86459E+00  0.11052E-03 -0.51322E-05  0.11193E-03
 -0.960382314E+01  0.86459E+00  0.12675E-03 -0.29527E-05  0.12638E-03
 -0.893174196E+01  0.86459E+00  0.13923E-03 -0.23980E-05  0.13765E-03
 -0.840901215E+01  0.86459E+00  0.14837E-03 -0.26296E-05  0.14600E-03
 -0.816922847E+01  0.86459E+00  0.15239E-03 -0.29087E-05  0.14970E-03
 -0.773693097E+01  0.86459E+00  0.15935E-03 -0.36588E-05  0.15614E-03
 -0.730463347E+01  0.86459E+00  0.16567E-03 -0.46646E-05  0.16203E-03
 -0.687233597E+01  0.86459E+00  0.17164E-03 -0.59124E-05  0.16762E-03
 -0.644003847E+01  0.86459E+00  0.17728E-03 -0.73692E-05  0.17291E-03
 -0.600774097E+01  0.86459E+00  0.18258E-03 -0.90049E-05  0.17792E-03
 -0.557544347E+01  0.86459E+00  0.18756E-03 -0.10791E-04  0.18264E-03
 -0.547799144E+01  0.86459E+00  0.18864E-03 -0.11212E-04  0.18366E-03
 -0.504860624E+01  0.86459E+00  0.19320E-03 -0.13136E-04  0.18801E-03
 -0.458188319E+01  0.86459E+00  0.19781E-03 -0.15334E-04  0.19243E-03
 -0.407782231E+01  0.86459E+00  0.20241E-03 -0.17804E-04  0.19685E-03
 -0.353642358E+01  0.86459E+00  0.20693E-03 -0.20536E-04  0.20122E-03
 -0.295768700E+01  0.86459E+00  0.21129E-03 -0.23512E-04  0.20548E-03
 -0.234161258E+01  0.86459E+00  0.21545E-03 -0.26707E-04  0.20957E-03
 -0.168820032E+01  0.86459E+00  0.21935E-03 -0.30088E-04  0.21345E-03
 -0.997450218E+00  0.86459E+00  0.22295E-03 -0.33620E-04  0.21706E-03
 -0.269362270E+00  0.86459E+00  0.22621E-03 -0.37260E-04  0.22039E-03
  0.496063521E+00  0.86459E+00  0.22910E-03 -0.40966E-04  0.22340E-03
  0.129882716E+01  0.86459E+00  0.23162E-03 -0.44693E-04  0.22608E-03
  0.213892864E+01  0.86459E+00  0.23374E-03 -0.48398E-04  0.22841E-03
  0.301636796E+01  0.86459E+00  0.23548E-03 -0.52038E-04  0.23041E-03
  0.393114512E+01  0.86459E+00  0.23685E-03 -0.55574E-04  0.23207E-03
  0.488326013E+01  0.86459E+00  0.23785E-03 -0.58971E-04  0.23340E-03
  0.587271299E+01  0.86459E+00  0.23852E-03 -0.62195E-04  0.23443E-03
  0.689950368E+01  0.86459E+00  0.23888E-03 -0.65220E-04  0.23516E-03
  0.796363222E+01  0.86459E+00  0.23897E-03 -0.68019E-04  0.23563E-03
  0.906509860E+01  0.86459E+00  0.23881E-03 -0.70574E-04  0.23586E-03
  0.102039028E+02  0.86459E+00  0.23828E-03 -0.72918E-04  0.23577E-03
  0.113800449E+02  0.86459E+00  0.23723E-03 -0.74948E-04  0.23518E-03
  0.125935248E+02  0.86459E+00  0.23614E-03 -0.75783E-04  0.23422E-03
  0.138443426E+02  0.86459E+00  0.23565E-03 -0.74871E-04  0.23407E-03
  0.151324982E+02  0.86459E+00  0.23557E-03 -0.75518E-04  0.23664E-03
  0.164579916E+02  0.86459E+00  0.23584E-03 -0.77025E-04  0.23862E-03
  0.178208229E+02  0.86459E+00  0.23598E-03 -0.79029E-04  0.23956E-03
  0.192209920E+02  0.86459E+00  0.23618E-03 -0.80998E-04  0.24011E-03
  0.206584990E+02  0.86459E+00  0.23634E-03 -0.83011E-04  0.24066E-03
  0.221333438E+02  0.86459E+00  0.23641E-03 -0.84788E-04  0.24096E-03
  0.236455265E+02  0.86459E+00  0.23665E-03 -0.86293E-04  0.24131E-03
  0.251950470E+02  0.86459E+00  0.23705E-03 -0.87319E-04  0.24141E-03
  0.267819053E+02  0.86459E+00  0.23744E-03 -0.88287E-04  0.24174E-03
  0.284061015E+02  0.86459E+00  0.23781E-03 -0.89195E-04  0.24194E-03
  0.300676356E+02  0.86459E+00  0.23826E-03 -0.89987E-04  0.24231E-03
  0.317665075E+02  0.86459E+00  0.23881E-03 -0.90484E-04  0.24221E-03
  0.335027172E+02  0.86459E+00  0.23932E-03 -0.90775E-04  0.24223E-03
  0.352762647E+02  0.86459E+00  0.23983E-03 -0.90980E-04  0.24248E-03
  0.370871501E+02  0.86459E+00  0.24028E-03 -0.91348E-04  0.24260E-03
  0.389353734E+02  0.86459E+00  0.24076E-03 -0.91582E-04  0.24286E-03
  0.408209345E+02  0.86459E+00  0.24127E-03 -0.91702E-04  0.24317E-03
  0.427438334E+02  0.86459E+00  0.24186E-03 -0.91604E-04  0.24310E-03
  0.447040702E+02  0.86459E+00  0.24246E-03 -0.91416E-04  0.24327E-03
  0.467016449E+02  0.86459E+00  0.24307E-03 -0.91197E-04  0.24359E-03
  0.487365573E+02  0.86459E+00  0.24366E-03 -0.91264E-04  0.24386E-03
  0.508088076E+02  0.86459E+00  0.24423E-03 -0.91296E-04  0.24419E-03
  0.529183958E+02  0.86459E+00  0.24480E-03 -0.91264E-04  0.24458E-03
  0.550653218E+02  0.86459E+00  0.24538E-03 -0.91168E-04  0.24491E-03
  0.572495856E+02  0.86459E+00  0.24598E-03 -0.90996E-04  0.24507E-03
  0.594711873E+02  0.86459E+00  0.24656E-03 -0.90794E-04  0.24534E-03
  0.617301269E+02  0.86459E+00  0.24710E-03 -0.90579E-04  0.24570E-03
  0.640264042E+02  0.86459E+00  0.24761E-03 -0.90580E-04  0.24603E-03
  0.663600195E+02  0.86459E+00  0.24809E-03 -0.90689E-04  0.24632E-03
  0.687309725E+02  0.86459E+00  0.24853E-03 -0.90745E-04  0.24663E-03
  0.711392634E+02  0.86459E+00  0.24893E-03 -0.90753E-04  0.24696E-03
  0.735848922E+02  0.86459E+00  0.24929E-03 -0.90752E-04  0.24718E-03
  0.760678588E+02  0.86459E+00  0.24959E-03 -0.90734E-04  0.24736E-03
  0.785881632E+02  0.86459E+00  0.24984E-03 -0.90702E-04  0.24754E-03
  0.811458055E+02  0.86459E+00  0.25004E-03 -0.90656E-04  0.24774E-03
  0.837407856E+02  0.86459E+00  0.25021E-03 -0.90753E-04  0.24786E-03
  0.863731036E+02  0.86459E+00  0.25035E-03 -0.90944E-04  0.24791E-03
  0.890427594E+02  0.86459E+00  0.25045E-03 -0.91074E-04  0.24794E-03
  0.917497530E+02  0.86459E+00  0.25051E-03 -0.91151E-04  0.24796E-03
  0.944940845E+02  0.86459E+00  0.25051E-03 -0.91199E-04  0.24794E-03
  0.972757539E+02  0.86459E+00  0.25045E-03 -0.91275E-04  0.24786E-03
  0.100094761E+03  0.86459E+00  0.25035E-03 -0.91299E-04  0.24777E-03
  0.102951106E+03  0.86459E+00  0.25023E-03 -0.91278E-04  0.24766E-03
  0.105844789E+03  0.86459E+00  0.25007E-03 -0.91217E-04  0.24753E-03
  0.108775810E+03  0.86459E+00  0.24993E-03 -0.91285E-04  0.24733E-03
  0.111744168E+03  0.86459E+00  0.24977E-03 -0.91304E-04  0.24711E-03
  0.114749865E+03  0.86459E+00  0.24959E-03 -0.91259E-04  0.24688E-03
  0.117792899E+03  0.86459E+00  0.24940E-03 -0.91162E-04  0.24665E-03
  0.120873271E+03  0.86459E+00  0.24919E-03 -0.91077E-04  0.24642E-03
  0.123990981E+03  0.86459E+00  0.24896E-03 -0.91025E-04  0.24617E-03
  0.127146029E+03  0.86459E+00  0.24872E-03 -0.90918E-04  0.24592E-03
  0.130338414E+03  0.86459E+00  0.24850E-03 -0.90765E-04  0.24566E-03
  0.133568138E+03  0.86459E+00  0.24827E-03 -0.90577E-04  0.24540E-03
  0.136835199E+03  0.86459E+00  0.24805E-03 -0.90461E-04  0.24516E-03
  0.140139598E+03  0.86459E+00  0.24784E-03 -0.90308E-04  0.24493E-03
  0.143481335E+03  0.86459E+00  0.24763E-03 -0.90115E-04  0.24469E-03
  0.146860410E+03  0.86459E+00  0.24742E-03 -0.89899E-04  0.24445E-03
  0.150276823E+03  0.86459E+00  0.24721E-03 -0.89716E-04  0.24424E-03
  0.153730573E+03  0.86459E+00  0.24700E-03 -0.89576E-04  0.24403E-03
  0.157221662E+03  0.86459E+00  0.24681E-03 -0.89415E-04  0.24382E-03
 -0.773693097E+01  0.50000E-02  0.15801E-03  0.94541E-05  0.15856E-03
 -0.773693097E+01  0.10000E-01  0.15801E-03  0.93744E-05  0.15855E-03
 -0.773693097E+01  0.12710E-01  0.15801E-03  0.93313E-05  0.15854E-03
 -0.773693097E+01  0.18961E-01  0.15801E-03  0.92318E-05  0.15851E-03
 -0.773693097E+01  0.28287E-01  0.15801E-03  0.90835E-05  0.15848E-03
 -0.773693097E+01  0.42199E-01  0.15801E-03  0.88625E-05  0.15843E-03
 -0.773693097E+01  0.62953E-01  0.15802E-03  0.85334E-05  0.15836E-03
 -0.773693097E+01  0.93915E-01  0.15803E-03  0.80437E-05  0.15825E-03
 -0.773693097E+01  0.14011E+00  0.15804E-03  0.73160E-05  0.15809E-03
 -0.773693097E+01  0.20901E+00  0.15809E-03  0.62367E-05  0.15787E-03
 -0.773693097E+01  0.31181E+00  0.15818E-03  0.46405E-05  0.15755E-03
 -0.773693097E+01  0.46517E+00  0.15840E-03  0.22903E-05  0.15711E-03
 -0.773693097E+01  0.69395E+00  0.15888E-03 -0.11473E-05  0.15652E-03
 -0.773693097E+01  0.10352E+01  0.15994E-03 -0.61257E-05  0.15581E-03
 -0.773693097E+01  0.15444E+01  0.16230E-03 -0.13226E-04  0.15507E-03
 -0.773693097E+01  0.23040E+01  0.16754E-03 -0.23124E-04  0.15457E-03
 -0.773693097E+01  0.34371E+01  0.17918E-03 -0.36458E-04  0.15489E-03
 -0.773693097E+01  0.51276E+01  0.20479E-03 -0.53550E-04  0.15706E-03
 -0.773693097E+01  0.76495E+01  0.25896E-03 -0.74005E-04  0.16254E-03
 -0.773693097E+01  0.11412E+02  0.34780E-03 -0.96298E-04  0.17306E-03
 -0.773693097E+01  0.17024E+02  0.36826E-03 -0.11750E-03  0.19018E-03
