natx =      980
    x       y        z       iph  
      0.00000      0.00000      1.67402   0      0.00000
     -0.70899     -1.22800      1.67402   2      1.41798
     -0.70899      1.22800      1.67402   2      1.41798
      1.41798      0.00000      1.67402   2      1.41798
      0.00000     -2.45600      1.67402   1      2.45600
      0.00000      2.45600      1.67402   1      2.45600
     -2.12697     -1.22800      1.67402   1      2.45601
     -2.12697      1.22800      1.67402   1      2.45601
      2.12697     -1.22800      1.67402   1      2.45601
      2.12697      1.22800      1.67402   1      2.45601
      1.41798     -2.45600      1.67402   2      2.83595
      1.41798      2.45600      1.67402   2      2.83595
     -2.83596      0.00000      1.67402   2      2.83596
      0.00000      0.00000     -1.67397   1      3.34798
      0.00000      0.00000      5.02202   1      3.34801
     -1.41797      0.00000     -1.67397   2      3.63588
      0.70900     -1.22800     -1.67397   2      3.63588
      0.70900      1.22800     -1.67397   2      3.63588
     -1.41797      0.00000      5.02202   2      3.63590
      0.70900     -1.22800      5.02202   2      3.63591
      0.70900      1.22800      5.02202   2      3.63591
     -0.70899     -3.68400      1.67402   2      3.75160
     -0.70899      3.68400      1.67402   2      3.75160
     -2.83596     -2.45600      1.67402   2      3.75162
     -2.83596      2.45600      1.67402   2      3.75162
      3.54495     -1.22800      1.67402   2      3.75162
      3.54495      1.22800      1.67402   2      3.75162
      0.00000     -2.45600     -1.67397   1      4.15222
      0.00000      2.45600     -1.67397   1      4.15222
     -2.12697     -1.22800     -1.67397   1      4.15222
     -2.12697      1.22800     -1.67397   1      4.15222
      2.12697     -1.22800     -1.67397   1      4.15222
      2.12697      1.22800     -1.67397   1      4.15222
      0.00000     -2.45600      5.02202   1      4.15224
      0.00000      2.45600      5.02202   1      4.15224
     -2.12697     -1.22800      5.02202   1      4.15225
     -2.12697      1.22800      5.02202   1      4.15225
      2.12697     -1.22800      5.02202   1      4.15225
      2.12697      1.22800      5.02202   1      4.15225
     -2.12697     -3.68400      1.67402   1      4.25392
     -2.12697      3.68400      1.67402   1      4.25392
      2.12697     -3.68400      1.67402   1      4.25392
      2.12697      3.68400      1.67402   1      4.25392
     -4.25394      0.00000      1.67402   1      4.25394
      4.25394      0.00000      1.67402   1      4.25394
     -1.41797     -2.45600     -1.67397   2      4.38766
     -1.41797      2.45600     -1.67397   2      4.38766
     -1.41797     -2.45600      5.02202   2      4.38768
      2.83597      0.00000     -1.67397   2      4.38768
     -1.41797      2.45600      5.02202   2      4.38768
      2.83597      0.00000      5.02202   2      4.38770
      0.00000     -4.91200      1.67402   1      4.91200
      0.00000      4.91200      1.67402   1      4.91200
     -4.25394     -2.45600      1.67402   1      4.91202
     -4.25394      2.45600      1.67402   1      4.91202
      4.25394     -2.45600      1.67402   1      4.91202
      4.25394      2.45600      1.67402   1      4.91202
      0.70900     -3.68400     -1.67397   2      5.02827
     -3.54494     -1.22800     -1.67397   2      5.02827
      0.70900      3.68400     -1.67397   2      5.02828
     -3.54494      1.22800     -1.67397   2      5.02828
      2.83597     -2.45600     -1.67397   2      5.02828
      0.70900     -3.68400      5.02202   2      5.02829
      2.83597      2.45600     -1.67397   2      5.02829
     -3.54494     -1.22800      5.02202   2      5.02829
      0.70900      3.68400      5.02202   2      5.02829
     -3.54494      1.22800      5.02202   2      5.02829
      2.83597     -2.45600      5.02202   2      5.02830
      2.83597      2.45600      5.02202   2      5.02830
      1.41798     -4.91200      1.67402   2      5.11257
      1.41798      4.91200      1.67402   2      5.11257
      3.54495     -3.68400      1.67402   2      5.11258
      3.54495      3.68400      1.67402   2      5.11258
     -4.96293     -1.22800      1.67402   2      5.11260
     -4.96293      1.22800      1.67402   2      5.11260
     -2.12697     -3.68400     -1.67397   1      5.41339
     -2.12697      3.68400     -1.67397   1      5.41339
      2.12697     -3.68400     -1.67397   1      5.41339
      2.12697      3.68400     -1.67397   1      5.41339
     -4.25394      0.00000     -1.67397   1      5.41341
      4.25394      0.00000     -1.67397   1      5.41341
     -2.12697     -3.68400      5.02202   1      5.41341
     -2.12697      3.68400      5.02202   1      5.41341
      2.12697     -3.68400      5.02202   1      5.41341
      2.12697      3.68400      5.02202   1      5.41341
     -4.25394      0.00000      5.02202   1      5.41342
      4.25394      0.00000      5.02202   1      5.41342
     -2.83596     -4.91200      1.67402   2      5.67190
     -2.83596      4.91200      1.67402   2      5.67190
      5.67192      0.00000      1.67402   2      5.67192
      0.00000     -4.91200     -1.67397   1      5.94447
      0.00000      4.91200     -1.67397   1      5.94447
      0.00000     -4.91200      5.02202   1      5.94448
      0.00000      4.91200      5.02202   1      5.94448
     -4.25394     -2.45600     -1.67397   1      5.94449
     -4.25394      2.45600     -1.67397   1      5.94449
      4.25394     -2.45600     -1.67397   1      5.94449
      4.25394      2.45600     -1.67397   1      5.94449
     -4.25394     -2.45600      5.02202   1      5.94450
     -4.25394      2.45600      5.02202   1      5.94450
      4.25394     -2.45600      5.02202   1      5.94450
      4.25394      2.45600      5.02202   1      5.94450
     -1.41797     -4.91200     -1.67397   2      6.11124
     -3.54494     -3.68400     -1.67397   2      6.11125
     -1.41797      4.91200     -1.67397   2      6.11125
     -3.54494      3.68400     -1.67397   2      6.11126
     -1.41797     -4.91200      5.02202   2      6.11126
     -3.54494     -3.68400      5.02202   2      6.11127
     -1.41797      4.91200      5.02202   2      6.11127
     -3.54494      3.68400      5.02202   2      6.11127
      4.96294     -1.22800     -1.67397   2      6.11128
      4.96294      1.22800     -1.67397   2      6.11128
      4.96294     -1.22800      5.02202   2      6.11129
      4.96294      1.22800      5.02202   2      6.11130
     -0.70899      6.14000      1.67402   2      6.18080
     -0.70899     -6.14000      1.67402   2      6.18080
     -4.96293     -3.68400      1.67402   2      6.18082
     -4.96293      3.68400      1.67402   2      6.18082
      5.67192     -2.45600      1.67402   2      6.18082
      5.67192      2.45600      1.67402   2      6.18082
     -2.12697      6.14000      1.67402   1      6.49797
      2.12697     -6.14000      1.67402   1      6.49797
     -2.12697     -6.14000      1.67402   1      6.49797
      2.12697      6.14000      1.67402   1      6.49797
     -4.25394      4.91200      1.67402   1      6.49798
      4.25394     -4.91200      1.67402   1      6.49798
     -4.25394     -4.91200      1.67402   1      6.49798
      4.25394      4.91200      1.67402   1      6.49798
     -6.38091     -1.22800      1.67402   1      6.49800
     -6.38091      1.22800      1.67402   1      6.49800
      6.38091     -1.22800      1.67402   1      6.49800
      6.38091      1.22800      1.67402   1      6.49800
      2.83597     -4.91200     -1.67397   2      6.58630
      2.83597      4.91200     -1.67397   2      6.58631
     -5.67191      0.00000     -1.67397   2      6.58631
      2.83597     -4.91200      5.02202   2      6.58632
      2.83597      4.91200      5.02202   2      6.58633
     -5.67191      0.00000      5.02202   2      6.58633
      0.00000      0.00000     -5.02197   1      6.69599
      0.00000      0.00000      8.37001   1      6.69599
     -0.70899     -1.22800     -5.02197   2      6.84448
     -0.70899     -1.22800      8.37001   2      6.84448
     -0.70899      1.22800     -5.02197   2      6.84448
     -0.70899      1.22800      8.37001   2      6.84448
      1.41798      0.00000     -5.02197   2      6.84448
      1.41798      0.00000      8.37001   2      6.84448
      0.70900     -6.14000     -1.67397   2      7.02931
      0.70900      6.14000     -1.67397   2      7.02932
      0.70900     -6.14000      5.02202   2      7.02932
     -5.67191     -2.45600     -1.67397   2      7.02933
     -5.67191      2.45600     -1.67397   2      7.02933
      0.70900      6.14000      5.02202   2      7.02933
      4.96294     -3.68400     -1.67397   2      7.02934
     -5.67191     -2.45600      5.02202   2      7.02934
      4.96294      3.68400     -1.67397   2      7.02934
     -5.67191      2.45600      5.02202   2      7.02934
      4.96294     -3.68400      5.02202   2      7.02935
      4.96294      3.68400      5.02202   2      7.02935
      3.54495     -6.14000      1.67402   2      7.08987
      3.54495      6.14000      1.67402   2      7.08987
      0.00000     -2.45600     -5.02197   1      7.13220
      0.00000     -2.45600      8.37001   1      7.13220
      0.00000      2.45600     -5.02197   1      7.13220
      0.00000      2.45600      8.37001   1      7.13220
     -2.12697     -1.22800     -5.02197   1      7.13220
     -2.12697     -1.22800      8.37001   1      7.13220
     -2.12697      1.22800     -5.02197   1      7.13220
     -2.12697      1.22800      8.37001   1      7.13220
      2.12697     -1.22800     -5.02197   1      7.13220
      2.12697     -1.22800      8.37001   1      7.13220
      2.12697      1.22800     -5.02197   1      7.13220
      2.12697      1.22800      8.37001   1      7.13220
      1.41798     -2.45600     -5.02197   2      7.27179
      1.41798     -2.45600      8.37001   2      7.27179
      1.41798      2.45600     -5.02197   2      7.27179
      1.41798      2.45600      8.37001   2      7.27179
     -2.83596      0.00000     -5.02197   2      7.27179
     -2.83596      0.00000      8.37001   2      7.27179
     -2.12697      6.14000     -1.67397   1      7.30976
      2.12697     -6.14000     -1.67397   1      7.30976
     -2.12697     -6.14000     -1.67397   1      7.30976
      2.12697      6.14000     -1.67397   1      7.30976
     -4.25394      4.91200     -1.67397   1      7.30977
      4.25394     -4.91200     -1.67397   1      7.30977
     -4.25394     -4.91200     -1.67397   1      7.30977
      4.25394      4.91200     -1.67397   1      7.30977
     -2.12697      6.14000      5.02202   1      7.30977
      2.12697     -6.14000      5.02202   1      7.30977
     -2.12697     -6.14000      5.02202   1      7.30977
      2.12697      6.14000      5.02202   1      7.30977
     -4.25394      4.91200      5.02202   1      7.30978
      4.25394     -4.91200      5.02202   1      7.30978
     -4.25394     -4.91200      5.02202   1      7.30978
      4.25394      4.91200      5.02202   1      7.30978
     -6.38091      1.22800     -1.67397   1      7.30979
     -6.38091     -1.22800     -1.67397   1      7.30979
      6.38091     -1.22800     -1.67397   1      7.30979
      6.38091      1.22800     -1.67397   1      7.30979
     -6.38091     -1.22800      5.02202   1      7.30980
     -6.38091      1.22800      5.02202   1      7.30980
      6.38091     -1.22800      5.02202   1      7.30980
      6.38091      1.22800      5.02202   1      7.30980
      0.00000     -7.36800      1.67402   1      7.36800
      0.00000      7.36800      1.67402   1      7.36800
     -6.38091     -3.68400      1.67402   1      7.36803
     -6.38091      3.68400      1.67402   1      7.36803
      6.38091     -3.68400      1.67402   1      7.36803
      6.38091      3.68400      1.67402   1      7.36803
      1.41798     -7.36800      1.67402   2      7.50320
      1.41798      7.36800      1.67402   2      7.50320
      5.67192     -4.91200      1.67402   2      7.50322
      5.67192      4.91200      1.67402   2      7.50322
     -0.70899     -3.68400     -5.02197   2      7.67534
     -0.70899     -3.68400      8.37001   2      7.67534
     -0.70899      3.68400     -5.02197   2      7.67534
     -0.70899      3.68400      8.37001   2      7.67534
     -2.83596     -2.45600     -5.02197   2      7.67534
     -2.83596      2.45600      8.37001   2      7.67534
     -2.83596     -2.45600      8.37001   2      7.67534
     -2.83596      2.45600     -5.02197   2      7.67534
      3.54495     -1.22800     -5.02197   2      7.67534
      3.54495     -1.22800      8.37001   2      7.67534
      3.54495      1.22800     -5.02197   2      7.67534
      3.54495      1.22800      8.37001   2      7.67534
     -3.54494      6.14000     -1.67397   2      7.84061
     -3.54494      6.14000      5.02202   2      7.84063
      7.08991      0.00000     -1.67397   2      7.84065
      7.08991      0.00000      5.02202   2      7.84066
     -2.83596      7.36800      1.67402   2      7.89494
     -4.96293      6.14000      1.67402   2      7.89495
      7.79889     -1.22800      1.67402   2      7.89497
      7.79889      1.22800      1.67402   2      7.89497
     -2.12697     -3.68400     -5.02197   1      7.93298
     -2.12697     -3.68400      8.37001   1      7.93298
     -2.12697      3.68400     -5.02197   1      7.93298
     -2.12697      3.68400      8.37001   1      7.93298
      2.12697     -3.68400     -5.02197   1      7.93298
      2.12697     -3.68400      8.37001   1      7.93298
      2.12697      3.68400     -5.02197   1      7.93298
      2.12697      3.68400      8.37001   1      7.93298
     -4.25394      0.00000      8.37001   1      7.93299
     -4.25394      0.00000     -5.02197   1      7.93299
      4.25394      0.00000     -5.02197   1      7.93299
      4.25394      0.00000      8.37001   1      7.93299
      0.00000     -7.36800     -1.67397   1      8.09298
      0.00000      7.36800     -1.67397   1      8.09298
      0.00000     -7.36800      5.02202   1      8.09300
      0.00000      7.36800      5.02202   1      8.09300
     -6.38091     -3.68400     -1.67397   1      8.09301
     -6.38091      3.68400     -1.67397   1      8.09301
      6.38091     -3.68400     -1.67397   1      8.09301
      6.38091      3.68400     -1.67397   1      8.09301
     -6.38091      3.68400      5.02202   1      8.09302
     -6.38091     -3.68400      5.02202   1      8.09302
      6.38091     -3.68400      5.02202   1      8.09302
      6.38091      3.68400      5.02202   1      8.09302
     -1.41797      7.36800     -1.67397   2      8.21627
     -1.41797      7.36800      5.02202   2      8.21628
     -5.67191      4.91200     -1.67397   2      8.21628
     -5.67191      4.91200      5.02202   2      8.21629
      7.08991     -2.45600     -1.67397   2      8.21631
      7.08991      2.45600     -1.67397   2      8.21631
      7.08991     -2.45600      5.02202   2      8.21632
      7.08991      2.45600      5.02202   2      8.21632
      0.00000     -4.91200     -5.02197   1      8.30446
      0.00000     -4.91200      8.37001   1      8.30446
      0.00000      4.91200     -5.02197   1      8.30446
      0.00000      4.91200      8.37001   1      8.30446
     -4.25394      2.45600      8.37001   1      8.30447
     -4.25394     -2.45600     -5.02197   1      8.30447
     -4.25394     -2.45600      8.37001   1      8.30447
     -4.25394      2.45600     -5.02197   1      8.30447
      4.25394     -2.45600     -5.02197   1      8.30447
      4.25394     -2.45600      8.37001   1      8.30447
      4.25394      2.45600     -5.02197   1      8.30447
      4.25394      2.45600      8.37001   1      8.30447
      1.41798     -4.91200     -5.02197   2      8.42465
      1.41798     -4.91200      8.37001   2      8.42465
      1.41798      4.91200     -5.02197   2      8.42465
      1.41798      4.91200      8.37001   2      8.42465
      3.54495     -3.68400     -5.02197   2      8.42465
      3.54495     -3.68400      8.37001   2      8.42465
      3.54495      3.68400     -5.02197   2      8.42465
      3.54495      3.68400      8.37001   2      8.42465
     -4.96293      1.22800     -5.02197   2      8.42466
     -4.96293      1.22800      8.37001   2      8.42466
     -4.96293     -1.22800      8.37001   2      8.42466
     -4.96293     -1.22800     -5.02197   2      8.42466
     -4.25394      7.36800      1.67402   1      8.50784
      4.25394     -7.36800      1.67402   1      8.50784
      2.83597     -7.36800     -1.67397   2      8.57549
      2.83597      7.36800     -1.67397   2      8.57550
      2.83597     -7.36800      5.02202   2      8.57550
      4.96294     -6.14000     -1.67397   2      8.57551
      2.83597      7.36800      5.02202   2      8.57551
      4.96294      6.14000     -1.67397   2      8.57551
      4.96294     -6.14000      5.02202   2      8.57552
      4.96294      6.14000      5.02202   2      8.57552
     -0.70899      8.59600      1.67402   2      8.62519
      7.79889     -3.68400      1.67402   2      8.62522
      7.79889      3.68400      1.67402   2      8.62522
     -2.83596      4.91200      8.37001   2      8.77535
     -2.83596      4.91200     -5.02197   2      8.77535
     -2.83596     -4.91200     -5.02197   2      8.77535
     -2.83596     -4.91200      8.37001   2      8.77535
      5.67192      0.00000     -5.02197   2      8.77536
      5.67192      0.00000      8.37001   2      8.77536
     -2.12697      8.59600      1.67402   1      8.85524
      2.12697     -8.59600      1.67402   1      8.85524
      6.38091     -6.14000      1.67402   1      8.85526
     -6.38091      6.14000      1.67402   1      8.85526
     -0.70899      6.14000     -5.02197   2      9.11255
     -0.70899      6.14000      8.37001   2      9.11255
     -0.70899     -6.14000     -5.02197   2      9.11255
     -0.70899     -6.14000      8.37001   2      9.11255
     -4.96293     -3.68400     -5.02197   2      9.11256
     -4.96293     -3.68400      8.37001   2      9.11256
     -4.96293      3.68400      8.37001   2      9.11256
     -4.96293      3.68400     -5.02197   2      9.11256
      5.67192     -2.45600     -5.02197   2      9.11257
      5.67192     -2.45600      8.37001   2      9.11257
      5.67192      2.45600     -5.02197   2      9.11257
      5.67192      2.45600      8.37001   2      9.11257
     -4.25394      7.36800     -1.67397   1      9.14289
      4.25394     -7.36800     -1.67397   1      9.14289
     -4.25394      7.36800      5.02202   1      9.14290
      4.25394     -7.36800      5.02202   1      9.14290
      0.70900      8.59600     -1.67397   2      9.25219
      0.70900      8.59600      5.02202   2      9.25220
      7.08991     -4.91200     -1.67397   2      9.25222
      7.08991      4.91200     -1.67397   2      9.25222
      7.08991     -4.91200      5.02202   2      9.25223
      7.08991      4.91200      5.02202   2      9.25223
      3.54495     -8.59600      1.67402   2      9.29827
      5.67192     -7.36800      1.67402   2      9.29828
     -2.12697      6.14000     -5.02197   1      9.33059
     -2.12697      6.14000      8.37001   1      9.33059
      2.12697     -6.14000     -5.02197   1      9.33059
      2.12697     -6.14000      8.37001   1      9.33059
     -2.12697     -6.14000     -5.02197   1      9.33059
     -2.12697     -6.14000      8.37001   1      9.33059
      2.12697      6.14000     -5.02197   1      9.33059
      2.12697      6.14000      8.37001   1      9.33059
     -4.25394     -4.91200     -5.02197   1      9.33060
      4.25394     -4.91200     -5.02197   1      9.33060
     -4.25394     -4.91200      8.37001   1      9.33060
      4.25394     -4.91200      8.37001   1      9.33060
     -4.25394      4.91200      8.37001   1      9.33060
      4.25394      4.91200     -5.02197   1      9.33060
      4.25394      4.91200      8.37001   1      9.33060
     -4.25394      4.91200     -5.02197   1      9.33060
     -6.38091      1.22800      8.37001   1      9.33061
     -6.38091     -1.22800      8.37001   1      9.33061
     -6.38091     -1.22800     -5.02197   1      9.33061
     -6.38091      1.22800     -5.02197   1      9.33061
      6.38091     -1.22800     -5.02197   1      9.33061
      6.38091     -1.22800      8.37001   1      9.33061
      6.38091      1.22800     -5.02197   1      9.33061
      6.38091      1.22800      8.37001   1      9.33061
     -2.12697      8.59600     -1.67397   1      9.46701
      2.12697     -8.59600     -1.67397   1      9.46701
     -2.12697      8.59600      5.02202   1      9.46702
      2.12697     -8.59600      5.02202   1      9.46702
     -6.38091      6.14000     -1.67397   1      9.46703
      6.38091     -6.14000     -1.67397   1      9.46703
     -6.38091      6.14000      5.02202   1      9.46704
      6.38091     -6.14000      5.02202   1      9.46704
      3.54495     -6.14000     -5.02197   2      9.75205
      3.54495     -6.14000      8.37001   2      9.75205
      3.54495      6.14000     -5.02197   2      9.75205
      3.54495      6.14000      8.37001   2      9.75205
     -3.54494      8.59600     -1.67397   2      9.88265
     -5.67191      7.36800     -1.67397   2      9.88266
     -3.54494      8.59600      5.02202   2      9.88266
     -5.67191      7.36800      5.02202   2      9.88267
     -4.96293      8.59600      1.67402   2      9.92582
      7.79889     -6.14000      1.67402   2      9.92584
      0.00000     -7.36800     -5.02197   1      9.95609
      0.00000     -7.36800      8.37001   1      9.95609
      0.00000      7.36800     -5.02197   1      9.95609
      0.00000      7.36800      8.37001   1      9.95609
     -6.38091     -3.68400      8.37001   1      9.95611
     -6.38091     -3.68400     -5.02197   1      9.95611
     -6.38091      3.68400     -5.02197   1      9.95611
     -6.38091      3.68400      8.37001   1      9.95611
      6.38091     -3.68400     -5.02197   1      9.95611
      6.38091     -3.68400      8.37001   1      9.95611
      6.38091      3.68400     -5.02197   1      9.95611
      6.38091      3.68400      8.37001   1      9.95611
      0.00000      0.00000     -8.36995   1     10.04397
      0.00000      0.00000     11.71801   1     10.04400
      1.41798     -7.36800     -5.02197   2     10.05656
      1.41798     -7.36800      8.37001   2     10.05656
      1.41798      7.36800     -5.02197   2     10.05656
      1.41798      7.36800      8.37001   2     10.05656
      5.67192     -4.91200     -5.02197   2     10.05657
      5.67192     -4.91200      8.37001   2     10.05657
      5.67192      4.91200     -5.02197   2     10.05657
      5.67192      4.91200      8.37001   2     10.05657
     -1.41797      0.00000     -8.36995   2     10.14357
      0.70900     -1.22800     -8.36995   2     10.14357
      0.70900      1.22800     -8.36995   2     10.14357
     -1.41797      0.00000     11.71801   2     10.14359
      0.70900     -1.22800     11.71801   2     10.14360
      0.70900      1.22800     11.71801   2     10.14360
     -2.83596      9.82400      1.67402   2     10.22515
      0.00000     -2.45600     -8.36995   1     10.33989
      0.00000      2.45600     -8.36995   1     10.33989
      2.12697     -1.22800     -8.36995   1     10.33989
      2.12697      1.22800     -8.36995   1     10.33989
     -2.12697      1.22800     -8.36995   1     10.33989
     -2.12697     -1.22800     -8.36995   1     10.33989
      0.00000     -2.45600     11.71801   1     10.33991
      0.00000      2.45600     11.71801   1     10.33991
     -2.12697     -1.22800     11.71801   1     10.33992
      2.12697     -1.22800     11.71801   1     10.33992
      2.12697      1.22800     11.71801   1     10.33992
     -2.12697      1.22800     11.71801   1     10.33992
     -2.83596      7.36800     -5.02197   2     10.35212
     -2.83596      7.36800      8.37001   2     10.35212
     -4.96293      6.14000     -5.02197   2     10.35213
     -4.96293      6.14000      8.37001   2     10.35213
      7.79889     -1.22800     -5.02197   2     10.35214
      7.79889     -1.22800      8.37001   2     10.35214
      7.79889      1.22800     -5.02197   2     10.35214
      7.79889      1.22800      8.37001   2     10.35214
     -1.41797     -2.45600     -8.36995   2     10.43666
     -1.41797      2.45600     -8.36995   2     10.43666
      2.83597      0.00000     -8.36995   2     10.43667
     -1.41797     -2.45600     11.71801   2     10.43669
     -1.41797      2.45600     11.71801   2     10.43669
      2.83597      0.00000     11.71801   2     10.43670
     -1.41797      9.82400     -1.67397   2     10.47524
     -1.41797      9.82400      5.02202   2     10.47525
      4.96294     -8.59600     -1.67397   2     10.47525
      4.96294     -8.59600      5.02202   2     10.47526
      4.25394     -9.82400      1.67402   1     10.70546
     -4.25394      9.82400      1.67402   1     10.70546
     -6.38091      8.59600      1.67402   1     10.70548
      6.38091     -8.59600      1.67402   1     10.70548
      0.70900     -3.68400     -8.36995   2     10.72175
     -3.54494     -1.22800     -8.36995   2     10.72175
      0.70900      3.68400     -8.36995   2     10.72175
     -3.54494      1.22800     -8.36995   2     10.72175
      2.83597     -2.45600     -8.36995   2     10.72175
      2.83597      2.45600     -8.36995   2     10.72176
      0.70900     -3.68400     11.71801   2     10.72177
     -3.54494     -1.22800     11.71801   2     10.72177
      0.70900      3.68400     11.71801   2     10.72177
     -3.54494      1.22800     11.71801   2     10.72178
      2.83597     -2.45600     11.71801   2     10.72178
      2.83597      2.45600     11.71801   2     10.72178
      7.08991     -7.36800     -1.67397   2     10.75933
      7.08991     -7.36800      5.02202   2     10.75934
     -4.25394      7.36800      8.37001   1     10.82680
      4.25394     -7.36800     -5.02197   1     10.82680
      4.25394     -7.36800      8.37001   1     10.82680
     -4.25394      7.36800     -5.02197   1     10.82680
      2.12697     -3.68400     -8.36995   1     10.90767
     -2.12697      3.68400     -8.36995   1     10.90767
      2.12697      3.68400     -8.36995   1     10.90767
     -2.12697     -3.68400     -8.36995   1     10.90767
     -4.25394      0.00000     -8.36995   1     10.90767
      4.25394      0.00000     -8.36995   1     10.90767
     -2.12697     -3.68400     11.71801   1     10.90769
      2.12697     -3.68400     11.71801   1     10.90769
      2.12697      3.68400     11.71801   1     10.90769
     -2.12697      3.68400     11.71801   1     10.90769
      4.25394      0.00000     11.71801   1     10.90770
     -4.25394      0.00000     11.71801   1     10.90770
     -0.70899      8.59600      8.37001   2     10.91926
     -0.70899      8.59600     -5.02197   2     10.91926
      7.79889     -3.68400     -5.02197   2     10.91928
      7.79889     -3.68400      8.37001   2     10.91928
      7.79889      3.68400     -5.02197   2     10.91928
      7.79889      3.68400      8.37001   2     10.91928
     -2.12697      8.59600     -5.02197   1     11.10187
      2.12697     -8.59600     -5.02197   1     11.10187
      2.12697     -8.59600      8.37001   1     11.10187
     -2.12697      8.59600      8.37001   1     11.10187
     -6.38091      6.14000      8.37001   1     11.10189
     -6.38091      6.14000     -5.02197   1     11.10189
      6.38091     -6.14000     -5.02197   1     11.10189
      6.38091     -6.14000      8.37001   1     11.10189
      0.00000     -4.91200     -8.36995   1     11.18075
      0.00000      4.91200     -8.36995   1     11.18075
      4.25394     -2.45600     -8.36995   1     11.18075
      4.25394      2.45600     -8.36995   1     11.18075
     -4.25394     -2.45600     -8.36995   1     11.18075
     -4.25394      2.45600     -8.36995   1     11.18075
      0.00000      4.91200     11.71801   1     11.18077
      0.00000     -4.91200     11.71801   1     11.18077
     -4.25394      2.45600     11.71801   1     11.18078
      4.25394     -2.45600     11.71801   1     11.18078
      4.25394      2.45600     11.71801   1     11.18078
     -4.25394     -2.45600     11.71801   1     11.18078
      4.25394     -9.82400     -1.67397   1     11.21677
     -4.25394      9.82400     -1.67397   1     11.21677
      4.25394     -9.82400      5.02202   1     11.21678
     -4.25394      9.82400      5.02202   1     11.21678
      6.38091     -8.59600     -1.67397   1     11.21678
     -6.38091      8.59600     -1.67397   1     11.21678
     -6.38091      8.59600      5.02202   1     11.21679
      6.38091     -8.59600      5.02202   1     11.21679
     -1.41797     -4.91200     -8.36995   2     11.27030
     -3.54494     -3.68400     -8.36995   2     11.27030
     -1.41797      4.91200     -8.36995   2     11.27030
     -3.54494      3.68400     -8.36995   2     11.27031
      4.96294     -1.22800     -8.36995   2     11.27032
      4.96294      1.22800     -8.36995   2     11.27032
     -1.41797     -4.91200     11.71801   2     11.27032
     -3.54494     -3.68400     11.71801   2     11.27033
     -1.41797      4.91200     11.71801   2     11.27033
     -3.54494      3.68400     11.71801   2     11.27033
      4.96294     -1.22800     11.71801   2     11.27034
      4.96294      1.22800     11.71801   2     11.27034
      5.67192     -9.82400      1.67402   2     11.34379
      3.54495     -8.59600     -5.02197   2     11.45837
      3.54495     -8.59600      8.37001   2     11.45837
      5.67192     -7.36800     -5.02197   2     11.45837
      5.67192     -7.36800      8.37001   2     11.45837
      2.83597     -4.91200     -8.36995   2     11.53481
      2.83597      4.91200     -8.36995   2     11.53481
     -5.67191      0.00000     -8.36995   2     11.53481
      2.83597     -4.91200     11.71801   2     11.53483
      2.83597      4.91200     11.71801   2     11.53483
     -5.67191      0.00000     11.71801   2     11.53484
      7.79889     -8.59600      1.67402   2     11.60663
      0.70900     -6.14000     -8.36995   2     11.79337
      0.70900      6.14000     -8.36995   2     11.79337
     -5.67191     -2.45600     -8.36995   2     11.79338
     -5.67191      2.45600     -8.36995   2     11.79338
      4.96294     -3.68400     -8.36995   2     11.79339
      4.96294      3.68400     -8.36995   2     11.79339
      0.70900     -6.14000     11.71801   2     11.79339
      0.70900      6.14000     11.71801   2     11.79340
     -5.67191     -2.45600     11.71801   2     11.79340
     -5.67191      2.45600     11.71801   2     11.79340
      4.96294     -3.68400     11.71801   2     11.79341
      4.96294      3.68400     11.71801   2     11.79341
     -5.67191      9.82400     -1.67397   2     11.82754
     -5.67191      9.82400      5.02202   2     11.82754
      2.12697     -6.14000     -8.36995   1     11.96265
     -2.12697     -6.14000     -8.36995   1     11.96265
     -2.12697      6.14000     -8.36995   1     11.96265
      2.12697      6.14000     -8.36995   1     11.96265
     -4.25394      4.91200     -8.36995   1     11.96265
     -4.25394     -4.91200     -8.36995   1     11.96265
      4.25394     -4.91200     -8.36995   1     11.96265
      4.25394      4.91200     -8.36995   1     11.96265
     -6.38091      1.22800     -8.36995   1     11.96266
      6.38091     -1.22800     -8.36995   1     11.96266
     -6.38091     -1.22800     -8.36995   1     11.96266
      6.38091      1.22800     -8.36995   1     11.96266
      2.12697     -6.14000     11.71801   1     11.96267
     -2.12697      6.14000     11.71801   1     11.96267
      2.12697      6.14000     11.71801   1     11.96267
     -2.12697     -6.14000     11.71801   1     11.96267
     -4.25394      4.91200     11.71801   1     11.96268
      4.25394     -4.91200     11.71801   1     11.96268
     -4.25394     -4.91200     11.71801   1     11.96268
      4.25394      4.91200     11.71801   1     11.96268
     -6.38091      1.22800     11.71801   1     11.96269
     -6.38091     -1.22800     11.71801   1     11.96269
      6.38091     -1.22800     11.71801   1     11.96269
      6.38091      1.22800     11.71801   1     11.96269
     -4.96293      8.59600     -5.02197   2     11.97323
     -4.96293      8.59600      8.37001   2     11.97323
      7.79889     -6.14000     -5.02197   2     11.97324
      7.79889     -6.14000      8.37001   2     11.97324
     -3.54494     11.05200     -1.67397   2     12.07983
     -3.54494     11.05200      5.02202   2     12.07984
     -4.96293     11.05200      1.67402   2     12.11517
     -2.83596      9.82400     -5.02197   2     12.22252
     -2.83596      9.82400      8.37001   2     12.22252
     -3.54494      6.14000     -8.36995   2     12.29421
     -3.54494      6.14000     11.71801   2     12.29423
      7.08991      0.00000     -8.36995   2     12.29423
      7.08991      0.00000     11.71801   2     12.29425
      0.00000      7.36800     -8.36995   1     12.45668
      0.00000     -7.36800     -8.36995   1     12.45668
     -6.38091      3.68400     -8.36995   1     12.45669
      6.38091     -3.68400     -8.36995   1     12.45669
      6.38091      3.68400     -8.36995   1     12.45669
     -6.38091     -3.68400     -8.36995   1     12.45669
      0.00000     -7.36800     11.71801   1     12.45670
      0.00000      7.36800     11.71801   1     12.45670
     -6.38091      3.68400     11.71801   1     12.45671
      6.38091     -3.68400     11.71801   1     12.45671
     -6.38091     -3.68400     11.71801   1     12.45671
      6.38091      3.68400     11.71801   1     12.45671
     -1.41797      7.36800     -8.36995   2     12.53712
     -5.67191      4.91200     -8.36995   2     12.53713
     -1.41797      7.36800     11.71801   2     12.53715
      7.08991     -2.45600     -8.36995   2     12.53715
      7.08991      2.45600     -8.36995   2     12.53715
     -5.67191      4.91200     11.71801   2     12.53715
      7.08991     -2.45600     11.71801   2     12.53717
      7.08991      2.45600     11.71801   2     12.53717
      7.08991     -9.82400     -1.67397   2     12.56928
      7.08991     -9.82400      5.02202   2     12.56928
     -4.25394      9.82400     -5.02197   1     12.62708
      4.25394     -9.82400     -5.02197   1     12.62708
      4.25394     -9.82400      8.37001   1     12.62708
     -4.25394      9.82400      8.37001   1     12.62708
     -6.38091      8.59600      8.37001   1     12.62709
      6.38091     -8.59600     -5.02197   1     12.62709
      6.38091     -8.59600      8.37001   1     12.62709
     -6.38091      8.59600     -5.02197   1     12.62709
     -6.38091     11.05200      1.67402   1     12.76177
      6.38091    -11.05200      1.67402   1     12.76177
      2.83597     -7.36800     -8.36995   2     12.77542
      2.83597      7.36800     -8.36995   2     12.77543
      4.96294     -6.14000     -8.36995   2     12.77543
      4.96294      6.14000     -8.36995   2     12.77544
      2.83597     -7.36800     11.71801   2     12.77544
      2.83597      7.36800     11.71801   2     12.77545
      4.96294     -6.14000     11.71801   2     12.77545
      4.96294      6.14000     11.71801   2     12.77546
      4.25394     -7.36800     -8.36995   1     13.16301
     -4.25394      7.36800     -8.36995   1     13.16301
     -4.25394      7.36800     11.71801   1     13.16303
      4.25394     -7.36800     11.71801   1     13.16303
      5.67192     -9.82400     -5.02197   2     13.17262
      5.67192     -9.82400      8.37001   2     13.17262
     -6.38091     11.05200     -1.67397   1     13.19362
      6.38091    -11.05200     -1.67397   1     13.19362
     -6.38091     11.05200      5.02202   1     13.19363
      6.38091    -11.05200      5.02202   1     13.19363
      0.70900      8.59600     -8.36995   2     13.23916
      0.70900      8.59600     11.71801   2     13.23918
      7.08991     -4.91200     -8.36995   2     13.23918
      7.08991      4.91200     -8.36995   2     13.23918
      7.08991     -4.91200     11.71801   2     13.23920
      7.08991      4.91200     11.71801   2     13.23920
      2.12697     -8.59600     -8.36995   1     13.39017
     -2.12697      8.59600     -8.36995   1     13.39017
      6.38091     -6.14000     -8.36995   1     13.39018
     -6.38091      6.14000     -8.36995   1     13.39018
     -2.12697      8.59600     11.71801   1     13.39019
      2.12697     -8.59600     11.71801   1     13.39019
     -6.38091      6.14000     11.71801   1     13.39020
      6.38091     -6.14000     11.71801   1     13.39020
      0.00000      0.00000     15.06599   1     13.39198
      0.00000      0.00000    -11.71796   1     13.39198
      7.79889     -8.59600     -5.02197   2     13.39963
      7.79889     -8.59600      8.37001   2     13.39963
     -0.70899     -1.22800     15.06599   2     13.46684
     -0.70899      1.22800    -11.71796   2     13.46684
     -0.70899     -1.22800    -11.71796   2     13.46684
     -0.70899      1.22800     15.06599   2     13.46684
      1.41798      0.00000     15.06599   2     13.46684
      1.41798      0.00000    -11.71796   2     13.46684
      7.79889    -11.05200      1.67402   2     13.52662
      0.00000     -2.45600    -11.71796   1     13.61532
      0.00000      2.45600     15.06599   1     13.61532
      0.00000      2.45600    -11.71796   1     13.61532
      0.00000     -2.45600     15.06599   1     13.61532
     -2.12697     -1.22800     15.06599   1     13.61532
     -2.12697     -1.22800    -11.71796   1     13.61532
      2.12697     -1.22800    -11.71796   1     13.61532
     -2.12697      1.22800    -11.71796   1     13.61532
      2.12697      1.22800     15.06599   1     13.61532
      2.12697     -1.22800     15.06599   1     13.61532
     -2.12697      1.22800     15.06599   1     13.61532
      2.12697      1.22800    -11.71796   1     13.61532
     -3.54494      8.59600     -8.36995   2     13.68719
     -5.67191      7.36800     -8.36995   2     13.68720
     -3.54494      8.59600     11.71801   2     13.68721
     -5.67191      7.36800     11.71801   2     13.68722
      1.41798     -2.45600    -11.71796   2     13.68896
      1.41798      2.45600     15.06599   2     13.68896
      1.41798      2.45600    -11.71796   2     13.68896
      1.41798     -2.45600     15.06599   2     13.68896
     -2.83596      0.00000     15.06599   2     13.68897
     -2.83596      0.00000    -11.71796   2     13.68897
     -4.96293     11.05200      8.37001   2     13.84246
     -4.96293     11.05200     -5.02197   2     13.84246
     -0.70899     -3.68400     15.06599   2     13.90754
     -0.70899      3.68400    -11.71796   2     13.90754
     -0.70899     -3.68400    -11.71796   2     13.90754
     -0.70899      3.68400     15.06599   2     13.90754
     -2.83596      2.45600     15.06599   2     13.90754
     -2.83596      2.45600    -11.71796   2     13.90754
     -2.83596     -2.45600    -11.71796   2     13.90754
     -2.83596     -2.45600     15.06599   2     13.90754
      3.54495      1.22800     15.06599   2     13.90754
      3.54495     -1.22800    -11.71796   2     13.90754
      3.54495     -1.22800     15.06599   2     13.90754
      3.54495      1.22800    -11.71796   2     13.90754
     -5.67191     12.28000     -1.67397   2     13.93478
     -5.67191     12.28000      5.02202   2     13.93478
      2.12697     -3.68400     15.06599   1     14.05137
      2.12697      3.68400     15.06599   1     14.05137
      2.12697      3.68400    -11.71796   1     14.05137
      2.12697     -3.68400    -11.71796   1     14.05137
     -2.12697      3.68400     15.06599   1     14.05137
     -2.12697     -3.68400     15.06599   1     14.05137
     -2.12697      3.68400    -11.71796   1     14.05137
     -2.12697     -3.68400    -11.71796   1     14.05137
      4.25394      0.00000    -11.71796   1     14.05137
      4.25394      0.00000     15.06599   1     14.05137
     -4.25394      0.00000    -11.71796   1     14.05137
     -4.25394      0.00000     15.06599   1     14.05137
     -1.41797      9.82400     -8.36995   2     14.12101
      4.96294     -8.59600     -8.36995   2     14.12102
     -1.41797      9.82400     11.71801   2     14.12103
      4.96294     -8.59600     11.71801   2     14.12104
      0.00000      4.91200     15.06599   1     14.26439
      0.00000     -4.91200     15.06599   1     14.26439
      0.00000      4.91200    -11.71796   1     14.26439
      0.00000     -4.91200    -11.71796   1     14.26439
     -4.25394     -2.45600     15.06599   1     14.26440
     -4.25394      2.45600     15.06599   1     14.26440
      4.25394     -2.45600    -11.71796   1     14.26440
      4.25394     -2.45600     15.06599   1     14.26440
     -4.25394     -2.45600    -11.71796   1     14.26440
      4.25394      2.45600    -11.71796   1     14.26440
      4.25394      2.45600     15.06599   1     14.26440
     -4.25394      2.45600    -11.71796   1     14.26440
      7.08991     -7.36800     -8.36995   2     14.33302
      7.08991     -7.36800     11.71801   2     14.33304
      1.41798     -4.91200     15.06599   2     14.33470
      1.41798      4.91200     15.06599   2     14.33470
      1.41798     -4.91200    -11.71796   2     14.33470
      1.41798      4.91200    -11.71796   2     14.33470
      3.54495      3.68400     15.06599   2     14.33470
      3.54495     -3.68400     15.06599   2     14.33470
      3.54495      3.68400    -11.71796   2     14.33470
      3.54495     -3.68400    -11.71796   2     14.33470
     -4.96293     -1.22800    -11.71796   2     14.33470
     -4.96293     -1.22800     15.06599   2     14.33470
     -4.96293      1.22800     15.06599   2     14.33470
     -4.96293      1.22800    -11.71796   2     14.33470
     -6.38091     11.05200      8.37001   1     14.41177
      6.38091    -11.05200     -5.02197   1     14.41177
      6.38091    -11.05200      8.37001   1     14.41177
     -6.38091     11.05200     -5.02197   1     14.41177
     -2.83596     -4.91200    -11.71796   2     14.54357
     -2.83596      4.91200    -11.71796   2     14.54357
     -2.83596      4.91200     15.06599   2     14.54357
     -2.83596     -4.91200     15.06599   2     14.54357
      5.67192      0.00000    -11.71796   2     14.54358
      5.67192      0.00000     15.06599   2     14.54358
      4.25394     -9.82400     -8.36995   1     14.67952
     -4.25394      9.82400     -8.36995   1     14.67952
     -6.38091      8.59600     -8.36995   1     14.67953
      6.38091     -8.59600     -8.36995   1     14.67953
     -4.25394      9.82400     11.71801   1     14.67954
      4.25394     -9.82400     11.71801   1     14.67954
     -6.38091      8.59600     11.71801   1     14.67955
      6.38091     -8.59600     11.71801   1     14.67955
     -0.70899     -6.14000    -11.71796   2     14.74949
     -0.70899      6.14000    -11.71796   2     14.74949
     -0.70899     -6.14000     15.06599   2     14.74949
     -0.70899      6.14000     15.06599   2     14.74949
     -4.96293      3.68400    -11.71796   2     14.74950
     -4.96293     -3.68400     15.06599   2     14.74950
     -4.96293     -3.68400    -11.71796   2     14.74950
     -4.96293      3.68400     15.06599   2     14.74950
      5.67192     -2.45600    -11.71796   2     14.74950
      5.67192     -2.45600     15.06599   2     14.74950
      5.67192      2.45600    -11.71796   2     14.74950
      5.67192      2.45600     15.06599   2     14.74950
      2.12697     -6.14000     15.06599   1     14.88518
     -2.12697      6.14000     15.06599   1     14.88518
     -2.12697     -6.14000     15.06599   1     14.88518
     -2.12697     -6.14000    -11.71796   1     14.88518
      2.12697      6.14000     15.06599   1     14.88518
      2.12697      6.14000    -11.71796   1     14.88518
     -2.12697      6.14000    -11.71796   1     14.88518
      2.12697     -6.14000    -11.71796   1     14.88518
     -4.25394      4.91200     15.06599   1     14.88519
     -4.25394      4.91200    -11.71796   1     14.88519
      4.25394     -4.91200     15.06599   1     14.88519
      4.25394     -4.91200    -11.71796   1     14.88519
      4.25394      4.91200    -11.71796   1     14.88519
      4.25394      4.91200     15.06599   1     14.88519
     -4.25394     -4.91200     15.06599   1     14.88519
     -4.25394     -4.91200    -11.71796   1     14.88519
     -6.38091      1.22800     15.06599   1     14.88520
     -6.38091     -1.22800     15.06599   1     14.88520
     -6.38091     -1.22800    -11.71796   1     14.88520
     -6.38091      1.22800    -11.71796   1     14.88520
      6.38091     -1.22800    -11.71796   1     14.88520
      6.38091     -1.22800     15.06599   1     14.88520
      6.38091      1.22800    -11.71796   1     14.88520
      6.38091      1.22800     15.06599   1     14.88520
      7.79889    -11.05200     -5.02197   2     15.09323
      7.79889    -11.05200      8.37001   2     15.09323
     -5.67191      9.82400     -8.36995   2     15.15134
     -5.67191      9.82400     11.71801   2     15.15135
      3.54495      6.14000    -11.71796   2     15.15293
      3.54495     -6.14000    -11.71796   2     15.15293
      3.54495      6.14000     15.06599   2     15.15293
      3.54495     -6.14000     15.06599   2     15.15293
      0.00000     -7.36800     15.06599   1     15.28504
      0.00000      7.36800     15.06599   1     15.28504
      0.00000     -7.36800    -11.71796   1     15.28504
      0.00000      7.36800    -11.71796   1     15.28504
     -6.38091      3.68400     15.06599   1     15.28506
      6.38091     -3.68400    -11.71796   1     15.28506
     -6.38091     -3.68400    -11.71796   1     15.28506
      6.38091     -3.68400     15.06599   1     15.28506
      6.38091      3.68400    -11.71796   1     15.28506
     -6.38091      3.68400    -11.71796   1     15.28506
     -6.38091     -3.68400     15.06599   1     15.28506
      6.38091      3.68400     15.06599   1     15.28506
     -3.54494     11.05200     -8.36995   2     15.34910
     -3.54494     11.05200     11.71801   2     15.34911
      1.41798      7.36800     15.06599   2     15.35067
      1.41798     -7.36800     15.06599   2     15.35067
      1.41798      7.36800    -11.71796   2     15.35067
      1.41798     -7.36800    -11.71796   2     15.35067
      5.67192      4.91200    -11.71796   2     15.35068
      5.67192      4.91200     15.06599   2     15.35068
      5.67192     -4.91200    -11.71796   2     15.35068
      5.67192     -4.91200     15.06599   2     15.35068
     -2.83596      7.36800     15.06599   2     15.54591
     -2.83596      7.36800    -11.71796   2     15.54591
     -4.96293      6.14000    -11.71796   2     15.54591
     -4.96293      6.14000     15.06599   2     15.54591
      7.79889     -1.22800    -11.71796   2     15.54592
      7.79889     -1.22800     15.06599   2     15.54592
      7.79889      1.22800    -11.71796   2     15.54592
      7.79889      1.22800     15.06599   2     15.54592
      7.08991     -9.82400     -8.36995   2     15.73719
      7.08991     -9.82400     11.71801   2     15.73720
      4.25394     -7.36800     15.06599   1     15.86595
      4.25394     -7.36800    -11.71796   1     15.86595
     -4.25394      7.36800    -11.71796   1     15.86595
     -4.25394      7.36800     15.06599   1     15.86595
     -0.70899      8.59600    -11.71796   2     15.92919
     -0.70899      8.59600     15.06599   2     15.92919
      7.79889     -3.68400    -11.71796   2     15.92921
      7.79889     -3.68400     15.06599   2     15.92921
      7.79889      3.68400    -11.71796   2     15.92921
      7.79889      3.68400     15.06599   2     15.92921
     -2.12697      8.59600     15.06599   1     16.05492
      2.12697     -8.59600    -11.71796   1     16.05492
     -2.12697      8.59600    -11.71796   1     16.05492
      2.12697     -8.59600     15.06599   1     16.05492
      6.38091     -6.14000    -11.71796   1     16.05493
      6.38091     -6.14000     15.06599   1     16.05493
     -6.38091      6.14000    -11.71796   1     16.05493
     -6.38091      6.14000     15.06599   1     16.05493
      6.38091    -11.05200     -8.36995   1     16.24020
     -6.38091     11.05200     -8.36995   1     16.24020
      6.38091    -11.05200     11.71801   1     16.24022
     -6.38091     11.05200     11.71801   1     16.24022
      3.54495     -8.59600    -11.71796   2     16.30346
      3.54495     -8.59600     15.06599   2     16.30346
      5.67192     -7.36800    -11.71796   2     16.30347
      5.67192     -7.36800     15.06599   2     16.30347
     -4.96293      8.59600     15.06599   2     16.66934
     -4.96293      8.59600    -11.71796   2     16.66934
      7.79889     -6.14000    -11.71796   2     16.66935
      7.79889     -6.14000     15.06599   2     16.66935
      0.00000      0.00000     18.41400   1     16.73999
     -1.41797      0.00000     18.41400   2     16.79993
      0.70900     -1.22800     18.41400   2     16.79993
      0.70900      1.22800     18.41400   2     16.79994
     -5.67191     12.28000     -8.36995   2     16.84786
     -5.67191     12.28000     11.71801   2     16.84788
     -2.83596      9.82400     15.06599   2     16.84930
     -2.83596      9.82400    -11.71796   2     16.84930
      0.00000     -2.45600     18.41400   1     16.91919
      0.00000      2.45600     18.41400   1     16.91919
      2.12697     -1.22800     18.41400   1     16.91919
     -2.12697      1.22800     18.41400   1     16.91919
      2.12697      1.22800     18.41400   1     16.91919
     -2.12697     -1.22800     18.41400   1     16.91919
     -1.41797     -2.45600     18.41400   2     16.97851
     -1.41797      2.45600     18.41400   2     16.97851
      2.83597      0.00000     18.41400   2     16.97851
      4.25394     -9.82400     15.06599   1     17.14503
     -4.25394      9.82400    -11.71796   1     17.14503
     -4.25394      9.82400     15.06599   1     17.14503
      4.25394     -9.82400    -11.71796   1     17.14503
      6.38091     -8.59600     15.06599   1     17.14504
      6.38091     -8.59600    -11.71796   1     17.14504
     -6.38091      8.59600    -11.71796   1     17.14504
     -6.38091      8.59600     15.06599   1     17.14504
      0.70900     -3.68400     18.41400   2     17.15522
     -3.54494     -1.22800     18.41400   2     17.15522
      0.70900      3.68400     18.41400   2     17.15522
     -3.54494      1.22800     18.41400   2     17.15522
      2.83597     -2.45600     18.41400   2     17.15523
      2.83597      2.45600     18.41400   2     17.15523
      2.12697      3.68400     18.41400   1     17.27203
      2.12697     -3.68400     18.41400   1     17.27203
     -2.12697      3.68400     18.41400   1     17.27203
     -2.12697     -3.68400     18.41400   1     17.27203
      4.25394      0.00000     18.41400   1     17.27203
     -4.25394      0.00000     18.41400   1     17.27203
      0.00000      4.91200     18.41400   1     17.44577
      0.00000     -4.91200     18.41400   1     17.44577
     -4.25394      2.45600     18.41400   1     17.44578
      4.25394      2.45600     18.41400   1     17.44578
     -4.25394     -2.45600     18.41400   1     17.44578
      4.25394     -2.45600     18.41400   1     17.44578
     -1.41797     -4.91200     18.41400   2     17.50330
     -3.54494     -3.68400     18.41400   2     17.50330
     -1.41797      4.91200     18.41400   2     17.50330
     -3.54494      3.68400     18.41400   2     17.50330
      4.96294     -1.22800     18.41400   2     17.50331
      4.96294      1.22800     18.41400   2     17.50331
      5.67192     -9.82400    -11.71796   2     17.55069
      5.67192     -9.82400     15.06599   2     17.55069
      2.83597     -4.91200     18.41400   2     17.67477
      2.83597      4.91200     18.41400   2     17.67477
     -5.67191      0.00000     18.41400   2     17.67478
      7.79889     -8.59600     15.06599   2     17.72171
      7.79889     -8.59600    -11.71796   2     17.72171
      0.70900     -6.14000     18.41400   2     17.84459
      0.70900      6.14000     18.41400   2     17.84459
     -5.67191     -2.45600     18.41400   2     17.84460
     -5.67191      2.45600     18.41400   2     17.84460
      4.96294     -3.68400     18.41400   2     17.84460
      4.96294      3.68400     18.41400   2     17.84460
      2.12697     -6.14000     18.41400   1     17.95691
      2.12697      6.14000     18.41400   1     17.95691
     -2.12697      6.14000     18.41400   1     17.95691
     -2.12697     -6.14000     18.41400   1     17.95691
     -4.25394      4.91200     18.41400   1     17.95692
      4.25394     -4.91200     18.41400   1     17.95692
     -4.25394     -4.91200     18.41400   1     17.95692
      4.25394      4.91200     18.41400   1     17.95692
     -6.38091      1.22800     18.41400   1     17.95692
      6.38091     -1.22800     18.41400   1     17.95692
     -6.38091     -1.22800     18.41400   1     17.95692
      6.38091      1.22800     18.41400   1     17.95692
     -4.96293     11.05200     15.06599   2     18.05886
     -4.96293     11.05200    -11.71796   2     18.05886
     -3.54494      6.14000     18.41400   2     18.17948
      7.08991      0.00000     18.41400   2     18.17949
      0.00000      7.36800     18.41400   1     18.28974
      0.00000     -7.36800     18.41400   1     18.28974
     -6.38091     -3.68400     18.41400   1     18.28975
     -6.38091      3.68400     18.41400   1     18.28975
      6.38091     -3.68400     18.41400   1     18.28975
      6.38091      3.68400     18.41400   1     18.28975
     -1.41797      7.36800     18.41400   2     18.34463
     -5.67191      4.91200     18.41400   2     18.34463
      7.08991     -2.45600     18.41400   2     18.34464
      7.08991      2.45600     18.41400   2     18.34464
     -6.38091     11.05200     15.06599   1     18.49886
      6.38091    -11.05200     15.06599   1     18.49886
      6.38091    -11.05200    -11.71796   1     18.49886
     -6.38091     11.05200    -11.71796   1     18.49886
      2.83597     -7.36800     18.41400   2     18.50830
      2.83597      7.36800     18.41400   2     18.50831
      4.96294     -6.14000     18.41400   2     18.50831
      4.96294      6.14000     18.41400   2     18.50831
     -4.25394      7.36800     18.41400   1     18.77793
      4.25394     -7.36800     18.41400   1     18.77793
      0.70900      8.59600     18.41400   2     18.83139
      7.08991     -4.91200     18.41400   2     18.83140
      7.08991      4.91200     18.41400   2     18.83140
      2.12697     -8.59600     18.41400   1     18.93786
     -2.12697      8.59600     18.41400   1     18.93786
     -6.38091      6.14000     18.41400   1     18.93787
      6.38091     -6.14000     18.41400   1     18.93787
      7.79889    -11.05200     15.06599   2     19.03456
      7.79889    -11.05200    -11.71796   2     19.03456
     -3.54494      8.59600     18.41400   2     19.14902
     -5.67191      7.36800     18.41400   2     19.14903
     -1.41797      9.82400     18.41400   2     19.46147
      4.96294     -8.59600     18.41400   2     19.46148
      7.08991     -7.36800     18.41400   2     19.61584
     -4.25394      9.82400     18.41400   1     19.87043
      4.25394     -9.82400     18.41400   1     19.87043
      6.38091     -8.59600     18.41400   1     19.87044
     -6.38091      8.59600     18.41400   1     19.87044
     -5.67191      9.82400     18.41400   2     20.22149
     -3.54494     11.05200     18.41400   2     20.37009
      7.08991     -9.82400     18.41400   2     20.66410
      6.38091    -11.05200     18.41400   1     21.04970
     -6.38091     11.05200     18.41400   1     21.04970
     -5.67191     12.28000     18.41400   2     21.52199
