nat, nph =   980    2
    1    5    2
 iat     x       y        z       iph  
 -----------------------------------------------------------------------
   1      0.00000      0.00000      0.00000   0   1
   2     -0.70899     -1.22800      0.00000   2   1
   3     -0.70899      1.22800      0.00000   2   1
   4      1.41798      0.00000      0.00000   2   1
   5      0.00000     -2.45600      0.00000   1   1
   6      0.00000      2.45600      0.00000   1   1
   7     -2.12697     -1.22800      0.00000   1   1
   8     -2.12697      1.22800      0.00000   1   1
   9      2.12697     -1.22800      0.00000   1   1
  10      2.12697      1.22800      0.00000   1   1
  11      1.41798     -2.45600      0.00000   2   1
  12      1.41798      2.45600      0.00000   2   1
  13     -2.83596      0.00000      0.00000   2   1
  14      0.00000      0.00000     -3.34798   1   1
  15      0.00000      0.00000      3.34801   1   1
  16     -1.41797      0.00000     -3.34798   2   1
  17      0.70900     -1.22800     -3.34798   2   1
  18      0.70900      1.22800     -3.34798   2   1
  19     -1.41797      0.00000      3.34801   2   1
  20      0.70900     -1.22800      3.34801   2   1
  21      0.70900      1.22800      3.34801   2   1
  22     -0.70899     -3.68400      0.00000   2   1
  23     -0.70899      3.68400      0.00000   2   1
  24     -2.83596     -2.45600      0.00000   2   1
  25     -2.83596      2.45600      0.00000   2   1
  26      3.54495     -1.22800      0.00000   2   1
  27      3.54495      1.22800      0.00000   2   1
  28      0.00000     -2.45600     -3.34798   1   1
  29      0.00000      2.45600     -3.34798   1   1
  30     -2.12697     -1.22800     -3.34798   1   1
  31     -2.12697      1.22800     -3.34798   1   1
  32      2.12697     -1.22800     -3.34798   1   1
  33      2.12697      1.22800     -3.34798   1   1
  34      0.00000     -2.45600      3.34801   1   1
  35      0.00000      2.45600      3.34801   1   1
  36     -2.12697     -1.22800      3.34801   1   1
  37     -2.12697      1.22800      3.34801   1   1
  38      2.12697     -1.22800      3.34801   1   1
  39      2.12697      1.22800      3.34801   1   1
  40     -2.12697     -3.68400      0.00000   1   1
  41     -2.12697      3.68400      0.00000   1   1
  42      2.12697     -3.68400      0.00000   1   1
  43      2.12697      3.68400      0.00000   1   1
  44     -4.25394      0.00000      0.00000   1   1
  45      4.25394      0.00000      0.00000   1   1
  46     -1.41797     -2.45600     -3.34798   2   1
  47     -1.41797      2.45600     -3.34798   2   1
  48     -1.41797     -2.45600      3.34801   2   1
  49      2.83597      0.00000     -3.34798   2   1
  50     -1.41797      2.45600      3.34801   2   1
  51      2.83597      0.00000      3.34801   2   1
  52      0.00000     -4.91200      0.00000   1   1
  53      0.00000      4.91200      0.00000   1   1
  54     -4.25394     -2.45600      0.00000   1   1
  55     -4.25394      2.45600      0.00000   1   1
  56      4.25394     -2.45600      0.00000   1   1
  57      4.25394      2.45600      0.00000   1   1
  58      0.70900     -3.68400     -3.34798   2   1
  59     -3.54494     -1.22800     -3.34798   2   1
  60      0.70900      3.68400     -3.34798   2   1
  61     -3.54494      1.22800     -3.34798   2   1
  62      2.83597     -2.45600     -3.34798   2   1
  63      0.70900     -3.68400      3.34801   2   1
  64      2.83597      2.45600     -3.34798   2   1
  65     -3.54494     -1.22800      3.34801   2   1
  66      0.70900      3.68400      3.34801   2   1
  67     -3.54494      1.22800      3.34801   2   1
  68      2.83597     -2.45600      3.34801   2   1
  69      2.83597      2.45600      3.34801   2   1
  70      1.41798     -4.91200      0.00000   2   1
  71      1.41798      4.91200      0.00000   2   1
  72      3.54495     -3.68400      0.00000   2   1
  73      3.54495      3.68400      0.00000   2   1
  74     -4.96293     -1.22800      0.00000   2   1
  75     -4.96293      1.22800      0.00000   2   1
  76     -2.12697     -3.68400     -3.34798   1   1
  77     -2.12697      3.68400     -3.34798   1   1
  78      2.12697     -3.68400     -3.34798   1   1
  79      2.12697      3.68400     -3.34798   1   1
  80     -4.25394      0.00000     -3.34798   1   1
  81      4.25394      0.00000     -3.34798   1   1
  82     -2.12697     -3.68400      3.34801   1   1
  83     -2.12697      3.68400      3.34801   1   1
  84      2.12697     -3.68400      3.34801   1   1
  85      2.12697      3.68400      3.34801   1   1
  86     -4.25394      0.00000      3.34801   1   1
  87      4.25394      0.00000      3.34801   1   1
  88     -2.83596      4.91200      0.00000   2   1
  89     -2.83596     -4.91200      0.00000   2   1
  90      5.67192      0.00000      0.00000   2   1
  91      0.00000     -4.91200     -3.34798   1   1
  92      0.00000      4.91200     -3.34798   1   1
  93      0.00000     -4.91200      3.34801   1   1
  94      0.00000      4.91200      3.34801   1   1
  95     -4.25394     -2.45600     -3.34798   1   1
  96     -4.25394      2.45600     -3.34798   1   1
  97      4.25394     -2.45600     -3.34798   1   1
  98      4.25394      2.45600     -3.34798   1   1
  99     -4.25394     -2.45600      3.34801   1   1
 100     -4.25394      2.45600      3.34801   1   1
 101      4.25394     -2.45600      3.34801   1   1
 102      4.25394      2.45600      3.34801   1   1
 103     -1.41797     -4.91200     -3.34798   2   1
 104     -3.54494     -3.68400     -3.34798   2   1
 105     -1.41797      4.91200     -3.34798   2   1
 106     -3.54494      3.68400     -3.34798   2   1
 107     -1.41797     -4.91200      3.34801   2   1
 108     -3.54494     -3.68400      3.34801   2   1
 109     -1.41797      4.91200      3.34801   2   1
 110     -3.54494      3.68400      3.34801   2   1
 111      4.96294     -1.22800     -3.34798   2   1
 112      4.96294      1.22800     -3.34798   2   1
 113      4.96294     -1.22800      3.34801   2   1
 114      4.96294      1.22800      3.34801   2   1
 115     -0.70899      6.14000      0.00000   2   1
 116     -0.70899     -6.14000      0.00000   2   1
 117     -4.96293     -3.68400      0.00000   2   1
 118     -4.96293      3.68400      0.00000   2   1
 119      5.67192     -2.45600      0.00000   2   1
 120      5.67192      2.45600      0.00000   2   1
 121     -2.12697      6.14000      0.00000   1   1
 122      2.12697     -6.14000      0.00000   1   1
 123     -2.12697     -6.14000      0.00000   1   1
 124      2.12697      6.14000      0.00000   1   1
 125     -4.25394      4.91200      0.00000   1   1
 126      4.25394     -4.91200      0.00000   1   1
 127     -4.25394     -4.91200      0.00000   1   1
 128      4.25394      4.91200      0.00000   1   1
 129     -6.38091     -1.22800      0.00000   1   1
 130     -6.38091      1.22800      0.00000   1   1
 131      6.38091     -1.22800      0.00000   1   1
 132      6.38091      1.22800      0.00000   1   1
 133      2.83597     -4.91200     -3.34798   2   1
 134      2.83597      4.91200     -3.34798   2   1
 135     -5.67191      0.00000     -3.34798   2   1
 136      2.83597     -4.91200      3.34801   2   1
 137      2.83597      4.91200      3.34801   2   1
 138     -5.67191      0.00000      3.34801   2   1
 139      0.00000      0.00000     -6.69599   1   1
 140      0.00000      0.00000      6.69599   1   1
 141     -0.70899     -1.22800     -6.69599   2   1
 142     -0.70899     -1.22800      6.69599   2   1
 143     -0.70899      1.22800     -6.69599   2   1
 144     -0.70899      1.22800      6.69599   2   1
 145      1.41798      0.00000     -6.69599   2   1
 146      1.41798      0.00000      6.69599   2   1
 147      0.70900     -6.14000     -3.34798   2   1
 148      0.70900      6.14000     -3.34798   2   1
 149      0.70900     -6.14000      3.34801   2   1
 150     -5.67191     -2.45600     -3.34798   2   1
 151     -5.67191      2.45600     -3.34798   2   1
 152      0.70900      6.14000      3.34801   2   1
 153      4.96294     -3.68400     -3.34798   2   1
 154     -5.67191     -2.45600      3.34801   2   1
 155      4.96294      3.68400     -3.34798   2   1
 156     -5.67191      2.45600      3.34801   2   1
 157      4.96294     -3.68400      3.34801   2   1
 158      4.96294      3.68400      3.34801   2   1
 159      3.54495     -6.14000      0.00000   2   1
 160      3.54495      6.14000      0.00000   2   1
 161      0.00000     -2.45600     -6.69599   1   1
 162      0.00000     -2.45600      6.69599   1   1
 163      0.00000      2.45600     -6.69599   1   1
 164      0.00000      2.45600      6.69599   1   1
 165     -2.12697     -1.22800     -6.69599   1   1
 166     -2.12697     -1.22800      6.69599   1   1
 167     -2.12697      1.22800     -6.69599   1   1
 168     -2.12697      1.22800      6.69599   1   1
 169      2.12697     -1.22800     -6.69599   1   1
 170      2.12697     -1.22800      6.69599   1   1
 171      2.12697      1.22800     -6.69599   1   1
 172      2.12697      1.22800      6.69599   1   1
 173      1.41798     -2.45600     -6.69599   2   1
 174      1.41798     -2.45600      6.69599   2   1
 175      1.41798      2.45600     -6.69599   2   1
 176      1.41798      2.45600      6.69599   2   1
 177     -2.83596      0.00000     -6.69599   2   1
 178     -2.83596      0.00000      6.69599   2   1
 179     -2.12697      6.14000     -3.34798   1   1
 180      2.12697     -6.14000     -3.34798   1   1
 181     -2.12697     -6.14000     -3.34798   1   1
 182      2.12697      6.14000     -3.34798   1   1
 183     -4.25394      4.91200     -3.34798   1   1
 184      4.25394     -4.91200     -3.34798   1   1
 185     -4.25394     -4.91200     -3.34798   1   1
 186      4.25394      4.91200     -3.34798   1   1
 187     -2.12697      6.14000      3.34801   1   1
 188      2.12697     -6.14000      3.34801   1   1
 189     -2.12697     -6.14000      3.34801   1   1
 190      2.12697      6.14000      3.34801   1   1
 191     -4.25394      4.91200      3.34801   1   1
 192      4.25394     -4.91200      3.34801   1   1
 193     -4.25394     -4.91200      3.34801   1   1
 194      4.25394      4.91200      3.34801   1   1
 195     -6.38091      1.22800     -3.34798   1   1
 196     -6.38091     -1.22800     -3.34798   1   1
 197      6.38091     -1.22800     -3.34798   1   1
 198      6.38091      1.22800     -3.34798   1   1
 199     -6.38091     -1.22800      3.34801   1   1
 200     -6.38091      1.22800      3.34801   1   1
 201      6.38091     -1.22800      3.34801   1   1
 202      6.38091      1.22800      3.34801   1   1
 203      0.00000     -7.36800      0.00000   1   1
 204      0.00000      7.36800      0.00000   1   1
 205     -6.38091     -3.68400      0.00000   1   1
 206     -6.38091      3.68400      0.00000   1   1
 207      6.38091     -3.68400      0.00000   1   1
 208      6.38091      3.68400      0.00000   1   1
 209      1.41798     -7.36800      0.00000   2   1
 210      1.41798      7.36800      0.00000   2   1
 211      5.67192     -4.91200      0.00000   2   1
 212      5.67192      4.91200      0.00000   2   1
 213     -0.70899     -3.68400     -6.69599   2   1
 214     -0.70899     -3.68400      6.69599   2   1
 215     -0.70899      3.68400     -6.69599   2   1
 216     -0.70899      3.68400      6.69599   2   1
 217     -2.83596     -2.45600     -6.69599   2   1
 218     -2.83596      2.45600      6.69599   2   1
 219     -2.83596     -2.45600      6.69599   2   1
 220     -2.83596      2.45600     -6.69599   2   1
 221      3.54495     -1.22800     -6.69599   2   1
 222      3.54495     -1.22800      6.69599   2   1
 223      3.54495      1.22800     -6.69599   2   1
 224      3.54495      1.22800      6.69599   2   1
 225     -3.54494      6.14000     -3.34798   2   1
 226     -3.54494      6.14000      3.34801   2   1
 227      7.08991      0.00000     -3.34798   2   1
 228      7.08991      0.00000      3.34801   2   1
 229     -2.83596      7.36800      0.00000   2   1
 230     -4.96293      6.14000      0.00000   2   1
 231      7.79889     -1.22800      0.00000   2   1
 232      7.79889      1.22800      0.00000   2   1
 233     -2.12697     -3.68400     -6.69599   1   1
 234     -2.12697     -3.68400      6.69599   1   1
 235     -2.12697      3.68400     -6.69599   1   1
 236     -2.12697      3.68400      6.69599   1   1
 237      2.12697     -3.68400     -6.69599   1   1
 238      2.12697     -3.68400      6.69599   1   1
 239      2.12697      3.68400     -6.69599   1   1
 240      2.12697      3.68400      6.69599   1   1
 241     -4.25394      0.00000      6.69599   1   1
 242     -4.25394      0.00000     -6.69599   1   1
 243      4.25394      0.00000     -6.69599   1   1
 244      4.25394      0.00000      6.69599   1   1
 245      0.00000     -7.36800     -3.34798   1   1
 246      0.00000      7.36800     -3.34798   1   1
 247      0.00000     -7.36800      3.34801   1   1
 248      0.00000      7.36800      3.34801   1   1
 249     -6.38091     -3.68400     -3.34798   1   1
 250     -6.38091      3.68400     -3.34798   1   1
 251      6.38091     -3.68400     -3.34798   1   1
 252      6.38091      3.68400     -3.34798   1   1
 253     -6.38091      3.68400      3.34801   1   1
 254     -6.38091     -3.68400      3.34801   1   1
 255      6.38091     -3.68400      3.34801   1   1
 256      6.38091      3.68400      3.34801   1   1
 257     -1.41797      7.36800     -3.34798   2   1
 258     -1.41797      7.36800      3.34801   2   1
 259     -5.67191      4.91200     -3.34798   2   1
 260     -5.67191      4.91200      3.34801   2   1
 261      7.08991     -2.45600     -3.34798   2   1
 262      7.08991      2.45600     -3.34798   2   1
 263      7.08991     -2.45600      3.34801   2   1
 264      7.08991      2.45600      3.34801   2   1
 265      0.00000     -4.91200     -6.69599   1   1
 266      0.00000     -4.91200      6.69599   1   1
 267      0.00000      4.91200     -6.69599   1   1
 268      0.00000      4.91200      6.69599   1   1
 269     -4.25394      2.45600      6.69599   1   1
 270     -4.25394     -2.45600     -6.69599   1   1
 271     -4.25394     -2.45600      6.69599   1   1
 272     -4.25394      2.45600     -6.69599   1   1
 273      4.25394     -2.45600     -6.69599   1   1
 274      4.25394     -2.45600      6.69599   1   1
 275      4.25394      2.45600     -6.69599   1   1
 276      4.25394      2.45600      6.69599   1   1
 277      1.41798     -4.91200     -6.69599   2   1
 278      1.41798     -4.91200      6.69599   2   1
 279      1.41798      4.91200     -6.69599   2   1
 280      1.41798      4.91200      6.69599   2   1
 281      3.54495     -3.68400     -6.69599   2   1
 282      3.54495     -3.68400      6.69599   2   1
 283      3.54495      3.68400     -6.69599   2   1
 284      3.54495      3.68400      6.69599   2   1
 285     -4.96293      1.22800     -6.69599   2   1
 286     -4.96293      1.22800      6.69599   2   1
 287     -4.96293     -1.22800      6.69599   2   1
 288     -4.96293     -1.22800     -6.69599   2   1
 289     -4.25394      7.36800      0.00000   1   1
 290      4.25394     -7.36800      0.00000   1   1
 291      2.83597     -7.36800     -3.34798   2   1
 292      2.83597      7.36800     -3.34798   2   1
 293      2.83597     -7.36800      3.34801   2   1
 294      4.96294     -6.14000     -3.34798   2   1
 295      2.83597      7.36800      3.34801   2   1
 296      4.96294      6.14000     -3.34798   2   1
 297      4.96294     -6.14000      3.34801   2   1
 298      4.96294      6.14000      3.34801   2   1
 299     -0.70899      8.59600      0.00000   2   1
 300      7.79889     -3.68400      0.00000   2   1
 301      7.79889      3.68400      0.00000   2   1
 302     -2.83596      4.91200      6.69599   2   1
 303     -2.83596      4.91200     -6.69599   2   1
 304     -2.83596     -4.91200     -6.69599   2   1
 305     -2.83596     -4.91200      6.69599   2   1
 306      5.67192      0.00000     -6.69599   2   1
 307      5.67192      0.00000      6.69599   2   1
 308     -2.12697      8.59600      0.00000   1   1
 309      2.12697     -8.59600      0.00000   1   1
 310      6.38091     -6.14000      0.00000   1   1
 311     -6.38091      6.14000      0.00000   1   1
 312     -0.70899      6.14000     -6.69599   2   1
 313     -0.70899      6.14000      6.69599   2   1
 314     -0.70899     -6.14000     -6.69599   2   1
 315     -0.70899     -6.14000      6.69599   2   1
 316     -4.96293     -3.68400     -6.69599   2   1
 317     -4.96293     -3.68400      6.69599   2   1
 318     -4.96293      3.68400      6.69599   2   1
 319     -4.96293      3.68400     -6.69599   2   1
 320      5.67192     -2.45600     -6.69599   2   1
 321      5.67192     -2.45600      6.69599   2   1
 322      5.67192      2.45600     -6.69599   2   1
 323      5.67192      2.45600      6.69599   2   1
 324     -4.25394      7.36800     -3.34798   1   1
 325      4.25394     -7.36800     -3.34798   1   1
 326     -4.25394      7.36800      3.34801   1   1
 327      4.25394     -7.36800      3.34801   1   1
 328      0.70900      8.59600     -3.34798   2   1
 329      0.70900      8.59600      3.34801   2   1
 330      7.08991     -4.91200     -3.34798   2   1
 331      7.08991      4.91200     -3.34798   2   1
 332      7.08991     -4.91200      3.34801   2   1
 333      7.08991      4.91200      3.34801   2   1
 334      3.54495     -8.59600      0.00000   2   1
 335      5.67192     -7.36800      0.00000   2   1
 336     -2.12697      6.14000     -6.69599   1   1
 337     -2.12697      6.14000      6.69599   1   1
 338      2.12697     -6.14000     -6.69599   1   1
 339      2.12697     -6.14000      6.69599   1   1
 340     -2.12697     -6.14000     -6.69599   1   1
 341     -2.12697     -6.14000      6.69599   1   1
 342      2.12697      6.14000     -6.69599   1   1
 343      2.12697      6.14000      6.69599   1   1
 344     -4.25394     -4.91200     -6.69599   1   1
 345      4.25394     -4.91200     -6.69599   1   1
 346     -4.25394     -4.91200      6.69599   1   1
 347      4.25394     -4.91200      6.69599   1   1
 348     -4.25394      4.91200      6.69599   1   1
 349      4.25394      4.91200     -6.69599   1   1
 350      4.25394      4.91200      6.69599   1   1
 351     -4.25394      4.91200     -6.69599   1   1
 352     -6.38091      1.22800      6.69599   1   1
 353     -6.38091     -1.22800      6.69599   1   1
 354     -6.38091     -1.22800     -6.69599   1   1
 355     -6.38091      1.22800     -6.69599   1   1
 356      6.38091     -1.22800     -6.69599   1   1
 357      6.38091     -1.22800      6.69599   1   1
 358      6.38091      1.22800     -6.69599   1   1
 359      6.38091      1.22800      6.69599   1   1
 360     -2.12697      8.59600     -3.34798   1   1
 361      2.12697     -8.59600     -3.34798   1   1
 362     -2.12697      8.59600      3.34801   1   1
 363      2.12697     -8.59600      3.34801   1   1
 364     -6.38091      6.14000     -3.34798   1   1
 365      6.38091     -6.14000     -3.34798   1   1
 366     -6.38091      6.14000      3.34801   1   1
 367      6.38091     -6.14000      3.34801   1   1
 368      3.54495     -6.14000     -6.69599   2   1
 369      3.54495     -6.14000      6.69599   2   1
 370      3.54495      6.14000     -6.69599   2   1
 371      3.54495      6.14000      6.69599   2   1
 372     -3.54494      8.59600     -3.34798   2   1
 373     -5.67191      7.36800     -3.34798   2   1
 374     -3.54494      8.59600      3.34801   2   1
 375     -5.67191      7.36800      3.34801   2   1
 376     -4.96293      8.59600      0.00000   2   1
 377      7.79889     -6.14000      0.00000   2   1
 378      0.00000     -7.36800     -6.69599   1   1
 379      0.00000     -7.36800      6.69599   1   1
 380      0.00000      7.36800     -6.69599   1   1
 381      0.00000      7.36800      6.69599   1   1
 382     -6.38091     -3.68400      6.69599   1   1
 383     -6.38091     -3.68400     -6.69599   1   1
 384     -6.38091      3.68400     -6.69599   1   1
 385     -6.38091      3.68400      6.69599   1   1
 386      6.38091     -3.68400     -6.69599   1   1
 387      6.38091     -3.68400      6.69599   1   1
 388      6.38091      3.68400     -6.69599   1   1
 389      6.38091      3.68400      6.69599   1   1
 390      0.00000      0.00000    -10.04397   1   1
 391      0.00000      0.00000     10.04400   1   1
 392      1.41798     -7.36800     -6.69599   2   1
 393      1.41798     -7.36800      6.69599   2   1
 394      1.41798      7.36800     -6.69599   2   1
 395      1.41798      7.36800      6.69599   2   1
 396      5.67192     -4.91200     -6.69599   2   1
 397      5.67192     -4.91200      6.69599   2   1
 398      5.67192      4.91200     -6.69599   2   1
 399      5.67192      4.91200      6.69599   2   1
 400     -1.41797      0.00000    -10.04397   2   1
 401      0.70900     -1.22800    -10.04397   2   1
 402      0.70900      1.22800    -10.04397   2   1
 403     -1.41797      0.00000     10.04400   2   1
 404      0.70900     -1.22800     10.04400   2   1
 405      0.70900      1.22800     10.04400   2   1
 406     -2.83596      9.82400      0.00000   2   1
 407      0.00000     -2.45600    -10.04397   1   1
 408      0.00000      2.45600    -10.04397   1   1
 409      2.12697     -1.22800    -10.04397   1   1
 410      2.12697      1.22800    -10.04397   1   1
 411     -2.12697      1.22800    -10.04397   1   1
 412     -2.12697     -1.22800    -10.04397   1   1
 413      0.00000     -2.45600     10.04400   1   1
 414      0.00000      2.45600     10.04400   1   1
 415     -2.12697     -1.22800     10.04400   1   1
 416      2.12697     -1.22800     10.04400   1   1
 417      2.12697      1.22800     10.04400   1   1
 418     -2.12697      1.22800     10.04400   1   1
 419     -2.83596      7.36800     -6.69599   2   1
 420     -2.83596      7.36800      6.69599   2   1
 421     -4.96293      6.14000     -6.69599   2   1
 422     -4.96293      6.14000      6.69599   2   1
 423      7.79889     -1.22800     -6.69599   2   1
 424      7.79889     -1.22800      6.69599   2   1
 425      7.79889      1.22800     -6.69599   2   1
 426      7.79889      1.22800      6.69599   2   1
 427     -1.41797     -2.45600    -10.04397   2   1
 428     -1.41797      2.45600    -10.04397   2   1
 429      2.83597      0.00000    -10.04397   2   1
 430     -1.41797     -2.45600     10.04400   2   1
 431     -1.41797      2.45600     10.04400   2   1
 432      2.83597      0.00000     10.04400   2   1
 433     -1.41797      9.82400     -3.34798   2   1
 434     -1.41797      9.82400      3.34801   2   1
 435      4.96294     -8.59600     -3.34798   2   1
 436      4.96294     -8.59600      3.34801   2   1
 437      4.25394     -9.82400      0.00000   1   1
 438     -4.25394      9.82400      0.00000   1   1
 439     -6.38091      8.59600      0.00000   1   1
 440      6.38091     -8.59600      0.00000   1   1
 441      0.70900     -3.68400    -10.04397   2   1
 442     -3.54494     -1.22800    -10.04397   2   1
 443      0.70900      3.68400    -10.04397   2   1
 444     -3.54494      1.22800    -10.04397   2   1
 445      2.83597     -2.45600    -10.04397   2   1
 446      2.83597      2.45600    -10.04397   2   1
 447      0.70900     -3.68400     10.04400   2   1
 448     -3.54494     -1.22800     10.04400   2   1
 449      0.70900      3.68400     10.04400   2   1
 450     -3.54494      1.22800     10.04400   2   1
 451      2.83597     -2.45600     10.04400   2   1
 452      2.83597      2.45600     10.04400   2   1
 453      7.08991     -7.36800     -3.34798   2   1
 454      7.08991     -7.36800      3.34801   2   1
 455     -4.25394      7.36800      6.69599   1   1
 456      4.25394     -7.36800     -6.69599   1   1
 457      4.25394     -7.36800      6.69599   1   1
 458     -4.25394      7.36800     -6.69599   1   1
 459      2.12697     -3.68400    -10.04397   1   1
 460     -2.12697      3.68400    -10.04397   1   1
 461      2.12697      3.68400    -10.04397   1   1
 462     -2.12697     -3.68400    -10.04397   1   1
 463     -4.25394      0.00000    -10.04397   1   1
 464      4.25394      0.00000    -10.04397   1   1
 465     -2.12697     -3.68400     10.04400   1   1
 466      2.12697     -3.68400     10.04400   1   1
 467      2.12697      3.68400     10.04400   1   1
 468     -2.12697      3.68400     10.04400   1   1
 469      4.25394      0.00000     10.04400   1   1
 470     -4.25394      0.00000     10.04400   1   1
 471     -0.70899      8.59600      6.69599   2   1
 472     -0.70899      8.59600     -6.69599   2   1
 473      7.79889     -3.68400     -6.69599   2   1
 474      7.79889     -3.68400      6.69599   2   1
 475      7.79889      3.68400     -6.69599   2   1
 476      7.79889      3.68400      6.69599   2   1
 477     -2.12697      8.59600     -6.69599   1   1
 478      2.12697     -8.59600     -6.69599   1   1
 479      2.12697     -8.59600      6.69599   1   1
 480     -2.12697      8.59600      6.69599   1   1
 481     -6.38091      6.14000      6.69599   1   1
 482     -6.38091      6.14000     -6.69599   1   1
 483      6.38091     -6.14000     -6.69599   1   1
 484      6.38091     -6.14000      6.69599   1   1
 485      0.00000     -4.91200    -10.04397   1   1
 486      0.00000      4.91200    -10.04397   1   1
 487      4.25394     -2.45600    -10.04397   1   1
 488      4.25394      2.45600    -10.04397   1   1
 489     -4.25394     -2.45600    -10.04397   1   1
 490     -4.25394      2.45600    -10.04397   1   1
 491      0.00000      4.91200     10.04400   1   1
 492      0.00000     -4.91200     10.04400   1   1
 493     -4.25394      2.45600     10.04400   1   1
 494      4.25394     -2.45600     10.04400   1   1
 495      4.25394      2.45600     10.04400   1   1
 496     -4.25394     -2.45600     10.04400   1   1
 497      4.25394     -9.82400     -3.34798   1   1
 498     -4.25394      9.82400     -3.34798   1   1
 499      4.25394     -9.82400      3.34801   1   1
 500     -4.25394      9.82400      3.34801   1   1
 501      6.38091     -8.59600     -3.34798   1   1
 502     -6.38091      8.59600     -3.34798   1   1
 503     -6.38091      8.59600      3.34801   1   1
 504      6.38091     -8.59600      3.34801   1   1
 505     -1.41797     -4.91200    -10.04397   2   1
 506     -3.54494     -3.68400    -10.04397   2   1
 507     -1.41797      4.91200    -10.04397   2   1
 508     -3.54494      3.68400    -10.04397   2   1
 509      4.96294     -1.22800    -10.04397   2   1
 510      4.96294      1.22800    -10.04397   2   1
 511     -1.41797     -4.91200     10.04400   2   1
 512     -3.54494     -3.68400     10.04400   2   1
 513     -1.41797      4.91200     10.04400   2   1
 514     -3.54494      3.68400     10.04400   2   1
 515      4.96294     -1.22800     10.04400   2   1
 516      4.96294      1.22800     10.04400   2   1
 517      5.67192     -9.82400      0.00000   2   1
 518      3.54495     -8.59600     -6.69599   2   1
 519      3.54495     -8.59600      6.69599   2   1
 520      5.67192     -7.36800     -6.69599   2   1
 521      5.67192     -7.36800      6.69599   2   1
 522      2.83597     -4.91200    -10.04397   2   1
 523      2.83597      4.91200    -10.04397   2   1
 524     -5.67191      0.00000    -10.04397   2   1
 525      2.83597     -4.91200     10.04400   2   1
 526      2.83597      4.91200     10.04400   2   1
 527     -5.67191      0.00000     10.04400   2   1
 528      7.79889     -8.59600      0.00000   2   1
 529      0.70900     -6.14000    -10.04397   2   1
 530      0.70900      6.14000    -10.04397   2   1
 531     -5.67191     -2.45600    -10.04397   2   1
 532     -5.67191      2.45600    -10.04397   2   1
 533      4.96294     -3.68400    -10.04397   2   1
 534      4.96294      3.68400    -10.04397   2   1
 535      0.70900     -6.14000     10.04400   2   1
 536      0.70900      6.14000     10.04400   2   1
 537     -5.67191     -2.45600     10.04400   2   1
 538     -5.67191      2.45600     10.04400   2   1
 539      4.96294     -3.68400     10.04400   2   1
 540      4.96294      3.68400     10.04400   2   1
 541     -5.67191      9.82400     -3.34798   2   1
 542     -5.67191      9.82400      3.34801   2   1
 543      2.12697     -6.14000    -10.04397   1   1
 544     -2.12697     -6.14000    -10.04397   1   1
 545     -2.12697      6.14000    -10.04397   1   1
 546      2.12697      6.14000    -10.04397   1   1
 547     -4.25394      4.91200    -10.04397   1   1
 548     -4.25394     -4.91200    -10.04397   1   1
 549      4.25394     -4.91200    -10.04397   1   1
 550      4.25394      4.91200    -10.04397   1   1
 551     -6.38091      1.22800    -10.04397   1   1
 552      6.38091     -1.22800    -10.04397   1   1
 553     -6.38091     -1.22800    -10.04397   1   1
 554      6.38091      1.22800    -10.04397   1   1
 555      2.12697     -6.14000     10.04400   1   1
 556     -2.12697      6.14000     10.04400   1   1
 557      2.12697      6.14000     10.04400   1   1
 558     -2.12697     -6.14000     10.04400   1   1
 559     -4.25394      4.91200     10.04400   1   1
 560      4.25394     -4.91200     10.04400   1   1
 561     -4.25394     -4.91200     10.04400   1   1
 562      4.25394      4.91200     10.04400   1   1
 563     -6.38091      1.22800     10.04400   1   1
 564     -6.38091     -1.22800     10.04400   1   1
 565      6.38091     -1.22800     10.04400   1   1
 566      6.38091      1.22800     10.04400   1   1
 567     -4.96293      8.59600     -6.69599   2   1
 568     -4.96293      8.59600      6.69599   2   1
 569      7.79889     -6.14000     -6.69599   2   1
 570      7.79889     -6.14000      6.69599   2   1
 571     -3.54494     11.05200     -3.34798   2   1
 572     -3.54494     11.05200      3.34801   2   1
 573     -4.96293     11.05200      0.00000   2   1
 574     -2.83596      9.82400     -6.69599   2   1
 575     -2.83596      9.82400      6.69599   2   1
 576     -3.54494      6.14000    -10.04397   2   1
 577     -3.54494      6.14000     10.04400   2   1
 578      7.08991      0.00000    -10.04397   2   1
 579      7.08991      0.00000     10.04400   2   1
 580      0.00000      7.36800    -10.04397   1   1
 581      0.00000     -7.36800    -10.04397   1   1
 582     -6.38091      3.68400    -10.04397   1   1
 583      6.38091     -3.68400    -10.04397   1   1
 584      6.38091      3.68400    -10.04397   1   1
 585     -6.38091     -3.68400    -10.04397   1   1
 586      0.00000     -7.36800     10.04400   1   1
 587      0.00000      7.36800     10.04400   1   1
 588     -6.38091      3.68400     10.04400   1   1
 589      6.38091     -3.68400     10.04400   1   1
 590     -6.38091     -3.68400     10.04400   1   1
 591      6.38091      3.68400     10.04400   1   1
 592     -1.41797      7.36800    -10.04397   2   1
 593     -5.67191      4.91200    -10.04397   2   1
 594     -1.41797      7.36800     10.04400   2   1
 595      7.08991     -2.45600    -10.04397   2   1
 596      7.08991      2.45600    -10.04397   2   1
 597     -5.67191      4.91200     10.04400   2   1
 598      7.08991     -2.45600     10.04400   2   1
 599      7.08991      2.45600     10.04400   2   1
 600      7.08991     -9.82400     -3.34798   2   1
 601      7.08991     -9.82400      3.34801   2   1
 602     -4.25394      9.82400     -6.69599   1   1
 603      4.25394     -9.82400     -6.69599   1   1
 604      4.25394     -9.82400      6.69599   1   1
 605     -4.25394      9.82400      6.69599   1   1
 606     -6.38091      8.59600      6.69599   1   1
 607      6.38091     -8.59600     -6.69599   1   1
 608      6.38091     -8.59600      6.69599   1   1
 609     -6.38091      8.59600     -6.69599   1   1
 610     -6.38091     11.05200      0.00000   1   1
 611      6.38091    -11.05200      0.00000   1   1
 612      2.83597     -7.36800    -10.04397   2   1
 613      2.83597      7.36800    -10.04397   2   1
 614      4.96294     -6.14000    -10.04397   2   1
 615      4.96294      6.14000    -10.04397   2   1
 616      2.83597     -7.36800     10.04400   2   1
 617      2.83597      7.36800     10.04400   2   1
 618      4.96294     -6.14000     10.04400   2   1
 619      4.96294      6.14000     10.04400   2   1
 620      4.25394     -7.36800    -10.04397   1   1
 621     -4.25394      7.36800    -10.04397   1   1
 622     -4.25394      7.36800     10.04400   1   1
 623      4.25394     -7.36800     10.04400   1   1
 624      5.67192     -9.82400     -6.69599   2   1
 625      5.67192     -9.82400      6.69599   2   1
 626     -6.38091     11.05200     -3.34798   1   1
 627      6.38091    -11.05200     -3.34798   1   1
 628     -6.38091     11.05200      3.34801   1   1
 629      6.38091    -11.05200      3.34801   1   1
 630      0.70900      8.59600    -10.04397   2   1
 631      0.70900      8.59600     10.04400   2   1
 632      7.08991     -4.91200    -10.04397   2   1
 633      7.08991      4.91200    -10.04397   2   1
 634      7.08991     -4.91200     10.04400   2   1
 635      7.08991      4.91200     10.04400   2   1
 636      2.12697     -8.59600    -10.04397   1   1
 637     -2.12697      8.59600    -10.04397   1   1
 638      6.38091     -6.14000    -10.04397   1   1
 639     -6.38091      6.14000    -10.04397   1   1
 640     -2.12697      8.59600     10.04400   1   1
 641      2.12697     -8.59600     10.04400   1   1
 642     -6.38091      6.14000     10.04400   1   1
 643      6.38091     -6.14000     10.04400   1   1
 644      0.00000      0.00000     13.39198   1   1
 645      0.00000      0.00000    -13.39198   1   1
 646      7.79889     -8.59600     -6.69599   2   1
 647      7.79889     -8.59600      6.69599   2   1
 648     -0.70899     -1.22800     13.39198   2   1
 649     -0.70899      1.22800    -13.39198   2   1
 650     -0.70899     -1.22800    -13.39198   2   1
 651     -0.70899      1.22800     13.39198   2   1
 652      1.41798      0.00000     13.39198   2   1
 653      1.41798      0.00000    -13.39198   2   1
 654      7.79889    -11.05200      0.00000   2   1
 655      0.00000     -2.45600    -13.39198   1   1
 656      0.00000      2.45600     13.39198   1   1
 657      0.00000      2.45600    -13.39198   1   1
 658      0.00000     -2.45600     13.39198   1   1
 659     -2.12697     -1.22800     13.39198   1   1
 660     -2.12697     -1.22800    -13.39198   1   1
 661      2.12697     -1.22800    -13.39198   1   1
 662     -2.12697      1.22800    -13.39198   1   1
 663      2.12697      1.22800     13.39198   1   1
 664      2.12697     -1.22800     13.39198   1   1
 665     -2.12697      1.22800     13.39198   1   1
 666      2.12697      1.22800    -13.39198   1   1
 667     -3.54494      8.59600    -10.04397   2   1
 668     -5.67191      7.36800    -10.04397   2   1
 669     -3.54494      8.59600     10.04400   2   1
 670     -5.67191      7.36800     10.04400   2   1
 671      1.41798     -2.45600    -13.39198   2   1
 672      1.41798      2.45600     13.39198   2   1
 673      1.41798      2.45600    -13.39198   2   1
 674      1.41798     -2.45600     13.39198   2   1
 675     -2.83596      0.00000     13.39198   2   1
 676     -2.83596      0.00000    -13.39198   2   1
 677     -4.96293     11.05200      6.69599   2   1
 678     -4.96293     11.05200     -6.69599   2   1
 679     -0.70899     -3.68400     13.39198   2   1
 680     -0.70899      3.68400    -13.39198   2   1
 681     -0.70899     -3.68400    -13.39198   2   1
 682     -0.70899      3.68400     13.39198   2   1
 683     -2.83596      2.45600     13.39198   2   1
 684     -2.83596      2.45600    -13.39198   2   1
 685     -2.83596     -2.45600    -13.39198   2   1
 686     -2.83596     -2.45600     13.39198   2   1
 687      3.54495      1.22800     13.39198   2   1
 688      3.54495     -1.22800    -13.39198   2   1
 689      3.54495     -1.22800     13.39198   2   1
 690      3.54495      1.22800    -13.39198   2   1
 691     -5.67191     12.28000     -3.34798   2   1
 692     -5.67191     12.28000      3.34801   2   1
 693      2.12697     -3.68400     13.39198   1   1
 694      2.12697      3.68400     13.39198   1   1
 695      2.12697      3.68400    -13.39198   1   1
 696      2.12697     -3.68400    -13.39198   1   1
 697     -2.12697      3.68400     13.39198   1   1
 698     -2.12697     -3.68400     13.39198   1   1
 699     -2.12697      3.68400    -13.39198   1   1
 700     -2.12697     -3.68400    -13.39198   1   1
 701      4.25394      0.00000    -13.39198   1   1
 702      4.25394      0.00000     13.39198   1   1
 703     -4.25394      0.00000    -13.39198   1   1
 704     -4.25394      0.00000     13.39198   1   1
 705     -1.41797      9.82400    -10.04397   2   1
 706      4.96294     -8.59600    -10.04397   2   1
 707     -1.41797      9.82400     10.04400   2   1
 708      4.96294     -8.59600     10.04400   2   1
 709      0.00000      4.91200     13.39198   1   1
 710      0.00000     -4.91200     13.39198   1   1
 711      0.00000      4.91200    -13.39198   1   1
 712      0.00000     -4.91200    -13.39198   1   1
 713     -4.25394     -2.45600     13.39198   1   1
 714     -4.25394      2.45600     13.39198   1   1
 715      4.25394     -2.45600    -13.39198   1   1
 716      4.25394     -2.45600     13.39198   1   1
 717     -4.25394     -2.45600    -13.39198   1   1
 718      4.25394      2.45600    -13.39198   1   1
 719      4.25394      2.45600     13.39198   1   1
 720     -4.25394      2.45600    -13.39198   1   1
 721      7.08991     -7.36800    -10.04397   2   1
 722      7.08991     -7.36800     10.04400   2   1
 723      1.41798     -4.91200     13.39198   2   1
 724      1.41798      4.91200     13.39198   2   1
 725      1.41798     -4.91200    -13.39198   2   1
 726      1.41798      4.91200    -13.39198   2   1
 727      3.54495      3.68400     13.39198   2   1
 728      3.54495     -3.68400     13.39198   2   1
 729      3.54495      3.68400    -13.39198   2   1
 730      3.54495     -3.68400    -13.39198   2   1
 731     -4.96293     -1.22800    -13.39198   2   1
 732     -4.96293     -1.22800     13.39198   2   1
 733     -4.96293      1.22800     13.39198   2   1
 734     -4.96293      1.22800    -13.39198   2   1
 735     -6.38091     11.05200      6.69599   1   1
 736      6.38091    -11.05200     -6.69599   1   1
 737      6.38091    -11.05200      6.69599   1   1
 738     -6.38091     11.05200     -6.69599   1   1
 739     -2.83596     -4.91200    -13.39198   2   1
 740     -2.83596      4.91200    -13.39198   2   1
 741     -2.83596      4.91200     13.39198   2   1
 742     -2.83596     -4.91200     13.39198   2   1
 743      5.67192      0.00000    -13.39198   2   1
 744      5.67192      0.00000     13.39198   2   1
 745      4.25394     -9.82400    -10.04397   1   1
 746     -4.25394      9.82400    -10.04397   1   1
 747     -6.38091      8.59600    -10.04397   1   1
 748      6.38091     -8.59600    -10.04397   1   1
 749     -4.25394      9.82400     10.04400   1   1
 750      4.25394     -9.82400     10.04400   1   1
 751     -6.38091      8.59600     10.04400   1   1
 752      6.38091     -8.59600     10.04400   1   1
 753     -0.70899      6.14000    -13.39198   2   1
 754     -0.70899      6.14000     13.39198   2   1
 755     -0.70899     -6.14000     13.39198   2   1
 756     -0.70899     -6.14000    -13.39198   2   1
 757     -4.96293      3.68400    -13.39198   2   1
 758     -4.96293     -3.68400     13.39198   2   1
 759     -4.96293     -3.68400    -13.39198   2   1
 760     -4.96293      3.68400     13.39198   2   1
 761      5.67192     -2.45600    -13.39198   2   1
 762      5.67192     -2.45600     13.39198   2   1
 763      5.67192      2.45600    -13.39198   2   1
 764      5.67192      2.45600     13.39198   2   1
 765      2.12697     -6.14000     13.39198   1   1
 766     -2.12697      6.14000     13.39198   1   1
 767     -2.12697     -6.14000     13.39198   1   1
 768     -2.12697     -6.14000    -13.39198   1   1
 769      2.12697      6.14000     13.39198   1   1
 770      2.12697      6.14000    -13.39198   1   1
 771     -2.12697      6.14000    -13.39198   1   1
 772      2.12697     -6.14000    -13.39198   1   1
 773     -4.25394      4.91200     13.39198   1   1
 774     -4.25394      4.91200    -13.39198   1   1
 775      4.25394     -4.91200     13.39198   1   1
 776      4.25394     -4.91200    -13.39198   1   1
 777      4.25394      4.91200    -13.39198   1   1
 778      4.25394      4.91200     13.39198   1   1
 779     -4.25394     -4.91200     13.39198   1   1
 780     -4.25394     -4.91200    -13.39198   1   1
 781     -6.38091      1.22800     13.39198   1   1
 782     -6.38091     -1.22800     13.39198   1   1
 783     -6.38091     -1.22800    -13.39198   1   1
 784     -6.38091      1.22800    -13.39198   1   1
 785      6.38091     -1.22800    -13.39198   1   1
 786      6.38091     -1.22800     13.39198   1   1
 787      6.38091      1.22800    -13.39198   1   1
 788      6.38091      1.22800     13.39198   1   1
 789      7.79889    -11.05200     -6.69599   2   1
 790      7.79889    -11.05200      6.69599   2   1
 791     -5.67191      9.82400    -10.04397   2   1
 792     -5.67191      9.82400     10.04400   2   1
 793      3.54495      6.14000    -13.39198   2   1
 794      3.54495     -6.14000    -13.39198   2   1
 795      3.54495      6.14000     13.39198   2   1
 796      3.54495     -6.14000     13.39198   2   1
 797      0.00000     -7.36800     13.39198   1   1
 798      0.00000      7.36800     13.39198   1   1
 799      0.00000     -7.36800    -13.39198   1   1
 800      0.00000      7.36800    -13.39198   1   1
 801     -6.38091      3.68400     13.39198   1   1
 802      6.38091     -3.68400    -13.39198   1   1
 803     -6.38091     -3.68400    -13.39198   1   1
 804      6.38091     -3.68400     13.39198   1   1
 805      6.38091      3.68400    -13.39198   1   1
 806     -6.38091      3.68400    -13.39198   1   1
 807     -6.38091     -3.68400     13.39198   1   1
 808      6.38091      3.68400     13.39198   1   1
 809     -3.54494     11.05200    -10.04397   2   1
 810     -3.54494     11.05200     10.04400   2   1
 811      1.41798      7.36800     13.39198   2   1
 812      1.41798     -7.36800     13.39198   2   1
 813      1.41798      7.36800    -13.39198   2   1
 814      1.41798     -7.36800    -13.39198   2   1
 815      5.67192      4.91200    -13.39198   2   1
 816      5.67192      4.91200     13.39198   2   1
 817      5.67192     -4.91200    -13.39198   2   1
 818      5.67192     -4.91200     13.39198   2   1
 819     -2.83596      7.36800     13.39198   2   1
 820     -2.83596      7.36800    -13.39198   2   1
 821     -4.96293      6.14000    -13.39198   2   1
 822     -4.96293      6.14000     13.39198   2   1
 823      7.79889     -1.22800    -13.39198   2   1
 824      7.79889     -1.22800     13.39198   2   1
 825      7.79889      1.22800    -13.39198   2   1
 826      7.79889      1.22800     13.39198   2   1
 827      7.08991     -9.82400    -10.04397   2   1
 828      7.08991     -9.82400     10.04400   2   1
 829      4.25394     -7.36800     13.39198   1   1
 830      4.25394     -7.36800    -13.39198   1   1
 831     -4.25394      7.36800    -13.39198   1   1
 832     -4.25394      7.36800     13.39198   1   1
 833     -0.70899      8.59600    -13.39198   2   1
 834     -0.70899      8.59600     13.39198   2   1
 835      7.79889     -3.68400    -13.39198   2   1
 836      7.79889     -3.68400     13.39198   2   1
 837      7.79889      3.68400    -13.39198   2   1
 838      7.79889      3.68400     13.39198   2   1
 839     -2.12697      8.59600     13.39198   1   1
 840      2.12697     -8.59600    -13.39198   1   1
 841     -2.12697      8.59600    -13.39198   1   1
 842      2.12697     -8.59600     13.39198   1   1
 843      6.38091     -6.14000    -13.39198   1   1
 844      6.38091     -6.14000     13.39198   1   1
 845     -6.38091      6.14000    -13.39198   1   1
 846     -6.38091      6.14000     13.39198   1   1
 847      6.38091    -11.05200    -10.04397   1   1
 848     -6.38091     11.05200    -10.04397   1   1
 849      6.38091    -11.05200     10.04400   1   1
 850     -6.38091     11.05200     10.04400   1   1
 851      3.54495     -8.59600    -13.39198   2   1
 852      3.54495     -8.59600     13.39198   2   1
 853      5.67192     -7.36800    -13.39198   2   1
 854      5.67192     -7.36800     13.39198   2   1
 855     -4.96293      8.59600     13.39198   2   1
 856     -4.96293      8.59600    -13.39198   2   1
 857      7.79889     -6.14000    -13.39198   2   1
 858      7.79889     -6.14000     13.39198   2   1
 859      0.00000      0.00000     16.73999   1   1
 860     -1.41797      0.00000     16.73999   2   1
 861      0.70900     -1.22800     16.73999   2   1
 862      0.70900      1.22800     16.73999   2   1
 863     -5.67191     12.28000    -10.04397   2   1
 864     -5.67191     12.28000     10.04400   2   1
 865     -2.83596      9.82400     13.39198   2   1
 866     -2.83596      9.82400    -13.39198   2   1
 867      0.00000     -2.45600     16.73999   1   1
 868      0.00000      2.45600     16.73999   1   1
 869      2.12697     -1.22800     16.73999   1   1
 870     -2.12697      1.22800     16.73999   1   1
 871      2.12697      1.22800     16.73999   1   1
 872     -2.12697     -1.22800     16.73999   1   1
 873     -1.41797     -2.45600     16.73999   2   1
 874     -1.41797      2.45600     16.73999   2   1
 875      2.83597      0.00000     16.73999   2   1
 876      4.25394     -9.82400     13.39198   1   1
 877     -4.25394      9.82400    -13.39198   1   1
 878     -4.25394      9.82400     13.39198   1   1
 879      4.25394     -9.82400    -13.39198   1   1
 880      6.38091     -8.59600     13.39198   1   1
 881      6.38091     -8.59600    -13.39198   1   1
 882     -6.38091      8.59600    -13.39198   1   1
 883     -6.38091      8.59600     13.39198   1   1
 884      0.70900     -3.68400     16.73999   2   1
 885     -3.54494     -1.22800     16.73999   2   1
 886      0.70900      3.68400     16.73999   2   1
 887     -3.54494      1.22800     16.73999   2   1
 888      2.83597     -2.45600     16.73999   2   1
 889      2.83597      2.45600     16.73999   2   1
 890      2.12697      3.68400     16.73999   1   1
 891      2.12697     -3.68400     16.73999   1   1
 892     -2.12697      3.68400     16.73999   1   1
 893     -2.12697     -3.68400     16.73999   1   1
 894      4.25394      0.00000     16.73999   1   1
 895     -4.25394      0.00000     16.73999   1   1
 896      0.00000      4.91200     16.73999   1   1
 897      0.00000     -4.91200     16.73999   1   1
 898     -4.25394      2.45600     16.73999   1   1
 899      4.25394      2.45600     16.73999   1   1
 900     -4.25394     -2.45600     16.73999   1   1
 901      4.25394     -2.45600     16.73999   1   1
 902     -1.41797     -4.91200     16.73999   2   1
 903     -3.54494     -3.68400     16.73999   2   1
 904     -1.41797      4.91200     16.73999   2   1
 905     -3.54494      3.68400     16.73999   2   1
 906      4.96294     -1.22800     16.73999   2   1
 907      4.96294      1.22800     16.73999   2   1
 908      5.67192     -9.82400    -13.39198   2   1
 909      5.67192     -9.82400     13.39198   2   1
 910      2.83597     -4.91200     16.73999   2   1
 911      2.83597      4.91200     16.73999   2   1
 912     -5.67191      0.00000     16.73999   2   1
 913      7.79889     -8.59600     13.39198   2   1
 914      7.79889     -8.59600    -13.39198   2   1
 915      0.70900     -6.14000     16.73999   2   1
 916      0.70900      6.14000     16.73999   2   1
 917     -5.67191     -2.45600     16.73999   2   1
 918     -5.67191      2.45600     16.73999   2   1
 919      4.96294     -3.68400     16.73999   2   1
 920      4.96294      3.68400     16.73999   2   1
 921      2.12697     -6.14000     16.73999   1   1
 922      2.12697      6.14000     16.73999   1   1
 923     -2.12697      6.14000     16.73999   1   1
 924     -2.12697     -6.14000     16.73999   1   1
 925     -4.25394      4.91200     16.73999   1   1
 926      4.25394     -4.91200     16.73999   1   1
 927     -4.25394     -4.91200     16.73999   1   1
 928      4.25394      4.91200     16.73999   1   1
 929     -6.38091      1.22800     16.73999   1   1
 930      6.38091     -1.22800     16.73999   1   1
 931     -6.38091     -1.22800     16.73999   1   1
 932      6.38091      1.22800     16.73999   1   1
 933     -4.96293     11.05200     13.39198   2   1
 934     -4.96293     11.05200    -13.39198   2   1
 935     -3.54494      6.14000     16.73999   2   1
 936      7.08991      0.00000     16.73999   2   1
 937      0.00000      7.36800     16.73999   1   1
 938      0.00000     -7.36800     16.73999   1   1
 939     -6.38091     -3.68400     16.73999   1   1
 940     -6.38091      3.68400     16.73999   1   1
 941      6.38091     -3.68400     16.73999   1   1
 942      6.38091      3.68400     16.73999   1   1
 943     -1.41797      7.36800     16.73999   2   1
 944     -5.67191      4.91200     16.73999   2   1
 945      7.08991     -2.45600     16.73999   2   1
 946      7.08991      2.45600     16.73999   2   1
 947     -6.38091     11.05200     13.39198   1   1
 948      6.38091    -11.05200     13.39198   1   1
 949      6.38091    -11.05200    -13.39198   1   1
 950     -6.38091     11.05200    -13.39198   1   1
 951      2.83597     -7.36800     16.73999   2   1
 952      2.83597      7.36800     16.73999   2   1
 953      4.96294     -6.14000     16.73999   2   1
 954      4.96294      6.14000     16.73999   2   1
 955     -4.25394      7.36800     16.73999   1   1
 956      4.25394     -7.36800     16.73999   1   1
 957      0.70900      8.59600     16.73999   2   1
 958      7.08991     -4.91200     16.73999   2   1
 959      7.08991      4.91200     16.73999   2   1
 960      2.12697     -8.59600     16.73999   1   1
 961     -2.12697      8.59600     16.73999   1   1
 962     -6.38091      6.14000     16.73999   1   1
 963      6.38091     -6.14000     16.73999   1   1
 964      7.79889    -11.05200     13.39198   2   1
 965      7.79889    -11.05200    -13.39198   2   1
 966     -3.54494      8.59600     16.73999   2   1
 967     -5.67191      7.36800     16.73999   2   1
 968     -1.41797      9.82400     16.73999   2   1
 969      4.96294     -8.59600     16.73999   2   1
 970      7.08991     -7.36800     16.73999   2   1
 971     -4.25394      9.82400     16.73999   1   1
 972      4.25394     -9.82400     16.73999   1   1
 973      6.38091     -8.59600     16.73999   1   1
 974     -6.38091      8.59600     16.73999   1   1
 975     -5.67191      9.82400     16.73999   2   1
 976     -3.54494     11.05200     16.73999   2   1
 977      7.08991     -9.82400     16.73999   2   1
 978      6.38091    -11.05200     16.73999   1   1
 979     -6.38091     11.05200     16.73999   1   1
 980     -5.67191     12.28000     16.73999   2   1
