         1   0.0837   0.0483   0.0621   0.5000   1000    784     14     14      4
         2   0.0837   0.0483   0.1862   0.5000
         3   0.0837   0.0483   0.3103   0.5000
         4   0.0837   0.0483   0.4345   0.5000
         5   0.1396   0.1450   0.0621   0.5000
         6   0.1396   0.1450   0.1862   0.5000
         7   0.1396   0.1450   0.3103   0.5000
         8   0.1396   0.1450   0.4345   0.5000
         9   0.1954   0.2417   0.0621   0.5000
        10   0.1954   0.2417   0.1862   0.5000
        11   0.1954   0.2417   0.3103   0.5000
        12   0.1954   0.2417   0.4345   0.5000
        13   0.2512   0.3384   0.0621   0.5000
        14   0.2512   0.3384   0.1862   0.5000
        15   0.2512   0.3384   0.3103   0.5000
        16   0.2512   0.3384   0.4345   0.5000
        17   0.3071   0.4351   0.0621   0.5000
        18   0.3071   0.4351   0.1862   0.5000
        19   0.3071   0.4351   0.3103   0.5000
        20   0.3071   0.4351   0.4345   0.5000
        21   0.3629   0.5318   0.0621   0.5000
        22   0.3629   0.5318   0.1862   0.5000
        23   0.3629   0.5318   0.3103   0.5000
        24   0.3629   0.5318   0.4345   0.5000
        25   0.4187   0.6285   0.0621   0.5000
        26   0.4187   0.6285   0.1862   0.5000
        27   0.4187   0.6285   0.3103   0.5000
        28   0.4187   0.6285   0.4345   0.5000
        29   0.4745   0.7252   0.0621   0.5000
        30   0.4745   0.7252   0.1862   0.5000
        31   0.4745   0.7252   0.3103   0.5000
        32   0.4745   0.7252   0.4345   0.5000
        33   0.5304   0.8219   0.0621   0.5000
        34   0.5304   0.8219   0.1862   0.5000
        35   0.5304   0.8219   0.3103   0.5000
        36   0.5304   0.8219   0.4345   0.5000
        37   0.5862   0.9186   0.0621   0.5000
        38   0.5862   0.9186   0.1862   0.5000
        39   0.5862   0.9186   0.3103   0.5000
        40   0.5862   0.9186   0.4345   0.5000
        41   0.6420   1.0153   0.0621   0.5000
        42   0.6420   1.0153   0.1862   0.5000
        43   0.6420   1.0153   0.3103   0.5000
        44   0.6420   1.0153   0.4345   0.5000
        45   0.6979   1.1120   0.0621   0.5000
        46   0.6979   1.1120   0.1862   0.5000
        47   0.6979   1.1120   0.3103   0.5000
        48   0.6979   1.1120   0.4345   0.5000
        49   0.7537   1.2087   0.0621   0.5000
        50   0.7537   1.2087   0.1862   0.5000
        51   0.7537   1.2087   0.3103   0.5000
        52   0.7537   1.2087   0.4345   0.5000
        53   0.8095   1.3054   0.0621   0.5000
        54   0.8095   1.3054   0.1862   0.5000
        55   0.8095   1.3054   0.3103   0.5000
        56   0.8095   1.3054   0.4345   0.5000
        57   0.1954   0.0483   0.0621   0.5000
        58   0.1954   0.0483   0.1862   0.5000
        59   0.1954   0.0483   0.3103   0.5000
        60   0.1954   0.0483   0.4345   0.5000
        61   0.2512   0.1450   0.0621   0.5000
        62   0.2512   0.1450   0.1862   0.5000
        63   0.2512   0.1450   0.3103   0.5000
        64   0.2512   0.1450   0.4345   0.5000
        65   0.3071   0.2417   0.0621   0.5000
        66   0.3071   0.2417   0.1862   0.5000
        67   0.3071   0.2417   0.3103   0.5000
        68   0.3071   0.2417   0.4345   0.5000
        69   0.3629   0.3384   0.0621   0.5000
        70   0.3629   0.3384   0.1862   0.5000
        71   0.3629   0.3384   0.3103   0.5000
        72   0.3629   0.3384   0.4345   0.5000
        73   0.4187   0.4351   0.0621   0.5000
        74   0.4187   0.4351   0.1862   0.5000
        75   0.4187   0.4351   0.3103   0.5000
        76   0.4187   0.4351   0.4345   0.5000
        77   0.4745   0.5318   0.0621   0.5000
        78   0.4745   0.5318   0.1862   0.5000
        79   0.4745   0.5318   0.3103   0.5000
        80   0.4745   0.5318   0.4345   0.5000
        81   0.5304   0.6285   0.0621   0.5000
        82   0.5304   0.6285   0.1862   0.5000
        83   0.5304   0.6285   0.3103   0.5000
        84   0.5304   0.6285   0.4345   0.5000
        85   0.5862   0.7252   0.0621   0.5000
        86   0.5862   0.7252   0.1862   0.5000
        87   0.5862   0.7252   0.3103   0.5000
        88   0.5862   0.7252   0.4345   0.5000
        89   0.6420   0.8219   0.0621   0.5000
        90   0.6420   0.8219   0.1862   0.5000
        91   0.6420   0.8219   0.3103   0.5000
        92   0.6420   0.8219   0.4345   0.5000
        93   0.6979   0.9186   0.0621   0.5000
        94   0.6979   0.9186   0.1862   0.5000
        95   0.6979   0.9186   0.3103   0.5000
        96   0.6979   0.9186   0.4345   0.5000
        97   0.7537   1.0153   0.0621   0.5000
        98   0.7537   1.0153   0.1862   0.5000
        99   0.7537   1.0153   0.3103   0.5000
       100   0.7537   1.0153   0.4345   0.5000
       101   0.8095   1.1120   0.0621   0.5000
       102   0.8095   1.1120   0.1862   0.5000
       103   0.8095   1.1120   0.3103   0.5000
       104   0.8095   1.1120   0.4345   0.5000
       105   0.8654   1.2087   0.0621   0.5000
       106   0.8654   1.2087   0.1862   0.5000
       107   0.8654   1.2087   0.3103   0.5000
       108   0.8654   1.2087   0.4345   0.5000
       109   0.9212   1.3054   0.0621   0.5000
       110   0.9212   1.3054   0.1862   0.5000
       111   0.9212   1.3054   0.3103   0.5000
       112   0.9212   1.3054   0.4345   0.5000
       113   0.3071   0.0483   0.0621   0.5000
       114   0.3071   0.0483   0.1862   0.5000
       115   0.3071   0.0483   0.3103   0.5000
       116   0.3071   0.0483   0.4345   0.5000
       117   0.3629   0.1450   0.0621   0.5000
       118   0.3629   0.1450   0.1862   0.5000
       119   0.3629   0.1450   0.3103   0.5000
       120   0.3629   0.1450   0.4345   0.5000
       121   0.4187   0.2417   0.0621   0.5000
       122   0.4187   0.2417   0.1862   0.5000
       123   0.4187   0.2417   0.3103   0.5000
       124   0.4187   0.2417   0.4345   0.5000
       125   0.4745   0.3384   0.0621   0.5000
       126   0.4745   0.3384   0.1862   0.5000
       127   0.4745   0.3384   0.3103   0.5000
       128   0.4745   0.3384   0.4345   0.5000
       129   0.5304   0.4351   0.0621   0.5000
       130   0.5304   0.4351   0.1862   0.5000
       131   0.5304   0.4351   0.3103   0.5000
       132   0.5304   0.4351   0.4345   0.5000
       133   0.5862   0.5318   0.0621   0.5000
       134   0.5862   0.5318   0.1862   0.5000
       135   0.5862   0.5318   0.3103   0.5000
       136   0.5862   0.5318   0.4345   0.5000
       137   0.6420   0.6285   0.0621   0.5000
       138   0.6420   0.6285   0.1862   0.5000
       139   0.6420   0.6285   0.3103   0.5000
       140   0.6420   0.6285   0.4345   0.5000
       141   0.6979   0.7252   0.0621   0.5000
       142   0.6979   0.7252   0.1862   0.5000
       143   0.6979   0.7252   0.3103   0.5000
       144   0.6979   0.7252   0.4345   0.5000
       145   0.7537   0.8219   0.0621   0.5000
       146   0.7537   0.8219   0.1862   0.5000
       147   0.7537   0.8219   0.3103   0.5000
       148   0.7537   0.8219   0.4345   0.5000
       149   0.8095   0.9186   0.0621   0.5000
       150   0.8095   0.9186   0.1862   0.5000
       151   0.8095   0.9186   0.3103   0.5000
       152   0.8095   0.9186   0.4345   0.5000
       153   0.8654   1.0153   0.0621   0.5000
       154   0.8654   1.0153   0.1862   0.5000
       155   0.8654   1.0153   0.3103   0.5000
       156   0.8654   1.0153   0.4345   0.5000
       157   0.9212   1.1120   0.0621   0.5000
       158   0.9212   1.1120   0.1862   0.5000
       159   0.9212   1.1120   0.3103   0.5000
       160   0.9212   1.1120   0.4345   0.5000
       161   0.9770   1.2087   0.0621   0.5000
       162   0.9770   1.2087   0.1862   0.5000
       163   0.9770   1.2087   0.3103   0.5000
       164   0.9770   1.2087   0.4345   0.5000
       165   1.0328   1.3054   0.0621   0.5000
       166   1.0328   1.3054   0.1862   0.5000
       167   1.0328   1.3054   0.3103   0.5000
       168   1.0328   1.3054   0.4345   0.5000
       169   0.4187   0.0483   0.0621   0.5000
       170   0.4187   0.0483   0.1862   0.5000
       171   0.4187   0.0483   0.3103   0.5000
       172   0.4187   0.0483   0.4345   0.5000
       173   0.4745   0.1450   0.0621   0.5000
       174   0.4745   0.1450   0.1862   0.5000
       175   0.4745   0.1450   0.3103   0.5000
       176   0.4745   0.1450   0.4345   0.5000
       177   0.5304   0.2417   0.0621   0.5000
       178   0.5304   0.2417   0.1862   0.5000
       179   0.5304   0.2417   0.3103   0.5000
       180   0.5304   0.2417   0.4345   0.5000
       181   0.5862   0.3384   0.0621   0.5000
       182   0.5862   0.3384   0.1862   0.5000
       183   0.5862   0.3384   0.3103   0.5000
       184   0.5862   0.3384   0.4345   0.5000
       185   0.6420   0.4351   0.0621   0.5000
       186   0.6420   0.4351   0.1862   0.5000
       187   0.6420   0.4351   0.3103   0.5000
       188   0.6420   0.4351   0.4345   0.5000
       189   0.6979   0.5318   0.0621   0.5000
       190   0.6979   0.5318   0.1862   0.5000
       191   0.6979   0.5318   0.3103   0.5000
       192   0.6979   0.5318   0.4345   0.5000
       193   0.7537   0.6285   0.0621   0.5000
       194   0.7537   0.6285   0.1862   0.5000
       195   0.7537   0.6285   0.3103   0.5000
       196   0.7537   0.6285   0.4345   0.5000
       197   0.8095   0.7252   0.0621   0.5000
       198   0.8095   0.7252   0.1862   0.5000
       199   0.8095   0.7252   0.3103   0.5000
       200   0.8095   0.7252   0.4345   0.5000
       201   0.8654   0.8219   0.0621   0.5000
       202   0.8654   0.8219   0.1862   0.5000
       203   0.8654   0.8219   0.3103   0.5000
       204   0.8654   0.8219   0.4345   0.5000
       205   0.9212   0.9186   0.0621   0.5000
       206   0.9212   0.9186   0.1862   0.5000
       207   0.9212   0.9186   0.3103   0.5000
       208   0.9212   0.9186   0.4345   0.5000
       209   0.9770   1.0153   0.0621   0.5000
       210   0.9770   1.0153   0.1862   0.5000
       211   0.9770   1.0153   0.3103   0.5000
       212   0.9770   1.0153   0.4345   0.5000
       213   1.0328   1.1120   0.0621   0.5000
       214   1.0328   1.1120   0.1862   0.5000
       215   1.0328   1.1120   0.3103   0.5000
       216   1.0328   1.1120   0.4345   0.5000
       217   1.0887   1.2087   0.0621   0.5000
       218   1.0887   1.2087   0.1862   0.5000
       219   1.0887   1.2087   0.3103   0.5000
       220   1.0887   1.2087   0.4345   0.5000
       221   1.1445   1.3054   0.0621   0.5000
       222   1.1445   1.3054   0.1862   0.5000
       223   1.1445   1.3054   0.3103   0.5000
       224   1.1445   1.3054   0.4345   0.5000
       225   0.5304   0.0483   0.0621   0.5000
       226   0.5304   0.0483   0.1862   0.5000
       227   0.5304   0.0483   0.3103   0.5000
       228   0.5304   0.0483   0.4345   0.5000
       229   0.5862   0.1450   0.0621   0.5000
       230   0.5862   0.1450   0.1862   0.5000
       231   0.5862   0.1450   0.3103   0.5000
       232   0.5862   0.1450   0.4345   0.5000
       233   0.6420   0.2417   0.0621   0.5000
       234   0.6420   0.2417   0.1862   0.5000
       235   0.6420   0.2417   0.3103   0.5000
       236   0.6420   0.2417   0.4345   0.5000
       237   0.6979   0.3384   0.0621   0.5000
       238   0.6979   0.3384   0.1862   0.5000
       239   0.6979   0.3384   0.3103   0.5000
       240   0.6979   0.3384   0.4345   0.5000
       241   0.7537   0.4351   0.0621   0.5000
       242   0.7537   0.4351   0.1862   0.5000
       243   0.7537   0.4351   0.3103   0.5000
       244   0.7537   0.4351   0.4345   0.5000
       245   0.8095   0.5318   0.0621   0.5000
       246   0.8095   0.5318   0.1862   0.5000
       247   0.8095   0.5318   0.3103   0.5000
       248   0.8095   0.5318   0.4345   0.5000
       249   0.8654   0.6285   0.0621   0.5000
       250   0.8654   0.6285   0.1862   0.5000
       251   0.8654   0.6285   0.3103   0.5000
       252   0.8654   0.6285   0.4345   0.5000
       253   0.9212   0.7252   0.0621   0.5000
       254   0.9212   0.7252   0.1862   0.5000
       255   0.9212   0.7252   0.3103   0.5000
       256   0.9212   0.7252   0.4345   0.5000
       257   0.9770   0.8219   0.0621   0.5000
       258   0.9770   0.8219   0.1862   0.5000
       259   0.9770   0.8219   0.3103   0.5000
       260   0.9770   0.8219   0.4345   0.5000
       261   1.0328   0.9186   0.0621   0.5000
       262   1.0328   0.9186   0.1862   0.5000
       263   1.0328   0.9186   0.3103   0.5000
       264   1.0328   0.9186   0.4345   0.5000
       265   1.0887   1.0153   0.0621   0.5000
       266   1.0887   1.0153   0.1862   0.5000
       267   1.0887   1.0153   0.3103   0.5000
       268   1.0887   1.0153   0.4345   0.5000
       269   1.1445   1.1120   0.0621   0.5000
       270   1.1445   1.1120   0.1862   0.5000
       271   1.1445   1.1120   0.3103   0.5000
       272   1.1445   1.1120   0.4345   0.5000
       273   1.2003   1.2087   0.0621   0.5000
       274   1.2003   1.2087   0.1862   0.5000
       275   1.2003   1.2087   0.3103   0.5000
       276   1.2003   1.2087   0.4345   0.5000
       277   1.2562   1.3054   0.0621   0.5000
       278   1.2562   1.3054   0.1862   0.5000
       279   1.2562   1.3054   0.3103   0.5000
       280   1.2562   1.3054   0.4345   0.5000
       281   0.6420   0.0483   0.0621   0.5000
       282   0.6420   0.0483   0.1862   0.5000
       283   0.6420   0.0483   0.3103   0.5000
       284   0.6420   0.0483   0.4345   0.5000
       285   0.6979   0.1450   0.0621   0.5000
       286   0.6979   0.1450   0.1862   0.5000
       287   0.6979   0.1450   0.3103   0.5000
       288   0.6979   0.1450   0.4345   0.5000
       289   0.7537   0.2417   0.0621   0.5000
       290   0.7537   0.2417   0.1862   0.5000
       291   0.7537   0.2417   0.3103   0.5000
       292   0.7537   0.2417   0.4345   0.5000
       293   0.8095   0.3384   0.0621   0.5000
       294   0.8095   0.3384   0.1862   0.5000
       295   0.8095   0.3384   0.3103   0.5000
       296   0.8095   0.3384   0.4345   0.5000
       297   0.8654   0.4351   0.0621   0.5000
       298   0.8654   0.4351   0.1862   0.5000
       299   0.8654   0.4351   0.3103   0.5000
       300   0.8654   0.4351   0.4345   0.5000
       301   0.9212   0.5318   0.0621   0.5000
       302   0.9212   0.5318   0.1862   0.5000
       303   0.9212   0.5318   0.3103   0.5000
       304   0.9212   0.5318   0.4345   0.5000
       305   0.9770   0.6285   0.0621   0.5000
       306   0.9770   0.6285   0.1862   0.5000
       307   0.9770   0.6285   0.3103   0.5000
       308   0.9770   0.6285   0.4345   0.5000
       309   1.0328   0.7252   0.0621   0.5000
       310   1.0328   0.7252   0.1862   0.5000
       311   1.0328   0.7252   0.3103   0.5000
       312   1.0328   0.7252   0.4345   0.5000
       313   1.0887   0.8219   0.0621   0.5000
       314   1.0887   0.8219   0.1862   0.5000
       315   1.0887   0.8219   0.3103   0.5000
       316   1.0887   0.8219   0.4345   0.5000
       317   1.1445   0.9186   0.0621   0.5000
       318   1.1445   0.9186   0.1862   0.5000
       319   1.1445   0.9186   0.3103   0.5000
       320   1.1445   0.9186   0.4345   0.5000
       321   1.2003   1.0153   0.0621   0.5000
       322   1.2003   1.0153   0.1862   0.5000
       323   1.2003   1.0153   0.3103   0.5000
       324   1.2003   1.0153   0.4345   0.5000
       325   1.2562   1.1120   0.0621   0.5000
       326   1.2562   1.1120   0.1862   0.5000
       327   1.2562   1.1120   0.3103   0.5000
       328   1.2562   1.1120   0.4345   0.5000
       329   1.3120   1.2087   0.0621   0.5000
       330   1.3120   1.2087   0.1862   0.5000
       331   1.3120   1.2087   0.3103   0.5000
       332   1.3120   1.2087   0.4345   0.5000
       333   1.3678   1.3054   0.0621   0.5000
       334   1.3678   1.3054   0.1862   0.5000
       335   1.3678   1.3054   0.3103   0.5000
       336   1.3678   1.3054   0.4345   0.5000
       337   0.7537   0.0483   0.0621   0.5000
       338   0.7537   0.0483   0.1862   0.5000
       339   0.7537   0.0483   0.3103   0.5000
       340   0.7537   0.0483   0.4345   0.5000
       341   0.8095   0.1450   0.0621   0.5000
       342   0.8095   0.1450   0.1862   0.5000
       343   0.8095   0.1450   0.3103   0.5000
       344   0.8095   0.1450   0.4345   0.5000
       345   0.8654   0.2417   0.0621   0.5000
       346   0.8654   0.2417   0.1862   0.5000
       347   0.8654   0.2417   0.3103   0.5000
       348   0.8654   0.2417   0.4345   0.5000
       349   0.9212   0.3384   0.0621   0.5000
       350   0.9212   0.3384   0.1862   0.5000
       351   0.9212   0.3384   0.3103   0.5000
       352   0.9212   0.3384   0.4345   0.5000
       353   0.9770   0.4351   0.0621   0.5000
       354   0.9770   0.4351   0.1862   0.5000
       355   0.9770   0.4351   0.3103   0.5000
       356   0.9770   0.4351   0.4345   0.5000
       357   1.0328   0.5318   0.0621   0.5000
       358   1.0328   0.5318   0.1862   0.5000
       359   1.0328   0.5318   0.3103   0.5000
       360   1.0328   0.5318   0.4345   0.5000
       361   1.0887   0.6285   0.0621   0.5000
       362   1.0887   0.6285   0.1862   0.5000
       363   1.0887   0.6285   0.3103   0.5000
       364   1.0887   0.6285   0.4345   0.5000
       365   1.1445   0.7252   0.0621   0.5000
       366   1.1445   0.7252   0.1862   0.5000
       367   1.1445   0.7252   0.3103   0.5000
       368   1.1445   0.7252   0.4345   0.5000
       369   1.2003   0.8219   0.0621   0.5000
       370   1.2003   0.8219   0.1862   0.5000
       371   1.2003   0.8219   0.3103   0.5000
       372   1.2003   0.8219   0.4345   0.5000
       373   1.2562   0.9186   0.0621   0.5000
       374   1.2562   0.9186   0.1862   0.5000
       375   1.2562   0.9186   0.3103   0.5000
       376   1.2562   0.9186   0.4345   0.5000
       377   1.3120   1.0153   0.0621   0.5000
       378   1.3120   1.0153   0.1862   0.5000
       379   1.3120   1.0153   0.3103   0.5000
       380   1.3120   1.0153   0.4345   0.5000
       381   1.3678   1.1120   0.0621   0.5000
       382   1.3678   1.1120   0.1862   0.5000
       383   1.3678   1.1120   0.3103   0.5000
       384   1.3678   1.1120   0.4345   0.5000
       385   1.4236   1.2087   0.0621   0.5000
       386   1.4236   1.2087   0.1862   0.5000
       387   1.4236   1.2087   0.3103   0.5000
       388   1.4236   1.2087   0.4345   0.5000
       389   1.4795   1.3054   0.0621   0.5000
       390   1.4795   1.3054   0.1862   0.5000
       391   1.4795   1.3054   0.3103   0.5000
       392   1.4795   1.3054   0.4345   0.5000
       393   0.8654   0.0483   0.0621   0.5000
       394   0.8654   0.0483   0.1862   0.5000
       395   0.8654   0.0483   0.3103   0.5000
       396   0.8654   0.0483   0.4345   0.5000
       397   0.9212   0.1450   0.0621   0.5000
       398   0.9212   0.1450   0.1862   0.5000
       399   0.9212   0.1450   0.3103   0.5000
       400   0.9212   0.1450   0.4345   0.5000
       401   0.9770   0.2417   0.0621   0.5000
       402   0.9770   0.2417   0.1862   0.5000
       403   0.9770   0.2417   0.3103   0.5000
       404   0.9770   0.2417   0.4345   0.5000
       405   1.0328   0.3384   0.0621   0.5000
       406   1.0328   0.3384   0.1862   0.5000
       407   1.0328   0.3384   0.3103   0.5000
       408   1.0328   0.3384   0.4345   0.5000
       409   1.0887   0.4351   0.0621   0.5000
       410   1.0887   0.4351   0.1862   0.5000
       411   1.0887   0.4351   0.3103   0.5000
       412   1.0887   0.4351   0.4345   0.5000
       413   1.1445   0.5318   0.0621   0.5000
       414   1.1445   0.5318   0.1862   0.5000
       415   1.1445   0.5318   0.3103   0.5000
       416   1.1445   0.5318   0.4345   0.5000
       417   1.2003   0.6285   0.0621   0.5000
       418   1.2003   0.6285   0.1862   0.5000
       419   1.2003   0.6285   0.3103   0.5000
       420   1.2003   0.6285   0.4345   0.5000
       421   1.2562   0.7252   0.0621   0.5000
       422   1.2562   0.7252   0.1862   0.5000
       423   1.2562   0.7252   0.3103   0.5000
       424   1.2562   0.7252   0.4345   0.5000
       425   1.3120   0.8219   0.0621   0.5000
       426   1.3120   0.8219   0.1862   0.5000
       427   1.3120   0.8219   0.3103   0.5000
       428   1.3120   0.8219   0.4345   0.5000
       429   1.3678   0.9186   0.0621   0.5000
       430   1.3678   0.9186   0.1862   0.5000
       431   1.3678   0.9186   0.3103   0.5000
       432   1.3678   0.9186   0.4345   0.5000
       433   1.4236   1.0153   0.0621   0.5000
       434   1.4236   1.0153   0.1862   0.5000
       435   1.4236   1.0153   0.3103   0.5000
       436   1.4236   1.0153   0.4345   0.5000
       437   1.4795   1.1120   0.0621   0.5000
       438   1.4795   1.1120   0.1862   0.5000
       439   1.4795   1.1120   0.3103   0.5000
       440   1.4795   1.1120   0.4345   0.5000
       441   1.5353   1.2087   0.0621   0.5000
       442   1.5353   1.2087   0.1862   0.5000
       443   1.5353   1.2087   0.3103   0.5000
       444   1.5353   1.2087   0.4345   0.5000
       445   1.5911   1.3054   0.0621   0.5000
       446   1.5911   1.3054   0.1862   0.5000
       447   1.5911   1.3054   0.3103   0.5000
       448   1.5911   1.3054   0.4345   0.5000
       449   0.9770   0.0483   0.0621   0.5000
       450   0.9770   0.0483   0.1862   0.5000
       451   0.9770   0.0483   0.3103   0.5000
       452   0.9770   0.0483   0.4345   0.5000
       453   1.0328   0.1450   0.0621   0.5000
       454   1.0328   0.1450   0.1862   0.5000
       455   1.0328   0.1450   0.3103   0.5000
       456   1.0328   0.1450   0.4345   0.5000
       457   1.0887   0.2417   0.0621   0.5000
       458   1.0887   0.2417   0.1862   0.5000
       459   1.0887   0.2417   0.3103   0.5000
       460   1.0887   0.2417   0.4345   0.5000
       461   1.1445   0.3384   0.0621   0.5000
       462   1.1445   0.3384   0.1862   0.5000
       463   1.1445   0.3384   0.3103   0.5000
       464   1.1445   0.3384   0.4345   0.5000
       465   1.2003   0.4351   0.0621   0.5000
       466   1.2003   0.4351   0.1862   0.5000
       467   1.2003   0.4351   0.3103   0.5000
       468   1.2003   0.4351   0.4345   0.5000
       469   1.2562   0.5318   0.0621   0.5000
       470   1.2562   0.5318   0.1862   0.5000
       471   1.2562   0.5318   0.3103   0.5000
       472   1.2562   0.5318   0.4345   0.5000
       473   1.3120   0.6285   0.0621   0.5000
       474   1.3120   0.6285   0.1862   0.5000
       475   1.3120   0.6285   0.3103   0.5000
       476   1.3120   0.6285   0.4345   0.5000
       477   1.3678   0.7252   0.0621   0.5000
       478   1.3678   0.7252   0.1862   0.5000
       479   1.3678   0.7252   0.3103   0.5000
       480   1.3678   0.7252   0.4345   0.5000
       481   1.4236   0.8219   0.0621   0.5000
       482   1.4236   0.8219   0.1862   0.5000
       483   1.4236   0.8219   0.3103   0.5000
       484   1.4236   0.8219   0.4345   0.5000
       485   1.4795   0.9186   0.0621   0.5000
       486   1.4795   0.9186   0.1862   0.5000
       487   1.4795   0.9186   0.3103   0.5000
       488   1.4795   0.9186   0.4345   0.5000
       489   1.5353   1.0153   0.0621   0.5000
       490   1.5353   1.0153   0.1862   0.5000
       491   1.5353   1.0153   0.3103   0.5000
       492   1.5353   1.0153   0.4345   0.5000
       493   1.5911   1.1120   0.0621   0.5000
       494   1.5911   1.1120   0.1862   0.5000
       495   1.5911   1.1120   0.3103   0.5000
       496   1.5911   1.1120   0.4345   0.5000
       497   1.6470   1.2087   0.0621   0.5000
       498   1.6470   1.2087   0.1862   0.5000
       499   1.6470   1.2087   0.3103   0.5000
       500   1.6470   1.2087   0.4345   0.5000
       501   1.7028   1.3054   0.0621   0.5000
       502   1.7028   1.3054   0.1862   0.5000
       503   1.7028   1.3054   0.3103   0.5000
       504   1.7028   1.3054   0.4345   0.5000
       505   1.0887   0.0483   0.0621   0.5000
       506   1.0887   0.0483   0.1862   0.5000
       507   1.0887   0.0483   0.3103   0.5000
       508   1.0887   0.0483   0.4345   0.5000
       509   1.1445   0.1450   0.0621   0.5000
       510   1.1445   0.1450   0.1862   0.5000
       511   1.1445   0.1450   0.3103   0.5000
       512   1.1445   0.1450   0.4345   0.5000
       513   1.2003   0.2417   0.0621   0.5000
       514   1.2003   0.2417   0.1862   0.5000
       515   1.2003   0.2417   0.3103   0.5000
       516   1.2003   0.2417   0.4345   0.5000
       517   1.2562   0.3384   0.0621   0.5000
       518   1.2562   0.3384   0.1862   0.5000
       519   1.2562   0.3384   0.3103   0.5000
       520   1.2562   0.3384   0.4345   0.5000
       521   1.3120   0.4351   0.0621   0.5000
       522   1.3120   0.4351   0.1862   0.5000
       523   1.3120   0.4351   0.3103   0.5000
       524   1.3120   0.4351   0.4345   0.5000
       525   1.3678   0.5318   0.0621   0.5000
       526   1.3678   0.5318   0.1862   0.5000
       527   1.3678   0.5318   0.3103   0.5000
       528   1.3678   0.5318   0.4345   0.5000
       529   1.4236   0.6285   0.0621   0.5000
       530   1.4236   0.6285   0.1862   0.5000
       531   1.4236   0.6285   0.3103   0.5000
       532   1.4236   0.6285   0.4345   0.5000
       533   1.4795   0.7252   0.0621   0.5000
       534   1.4795   0.7252   0.1862   0.5000
       535   1.4795   0.7252   0.3103   0.5000
       536   1.4795   0.7252   0.4345   0.5000
       537   1.5353   0.8219   0.0621   0.5000
       538   1.5353   0.8219   0.1862   0.5000
       539   1.5353   0.8219   0.3103   0.5000
       540   1.5353   0.8219   0.4345   0.5000
       541   1.5911   0.9186   0.0621   0.5000
       542   1.5911   0.9186   0.1862   0.5000
       543   1.5911   0.9186   0.3103   0.5000
       544   1.5911   0.9186   0.4345   0.5000
       545   1.6470   1.0153   0.0621   0.5000
       546   1.6470   1.0153   0.1862   0.5000
       547   1.6470   1.0153   0.3103   0.5000
       548   1.6470   1.0153   0.4345   0.5000
       549   1.7028   1.1120   0.0621   0.5000
       550   1.7028   1.1120   0.1862   0.5000
       551   1.7028   1.1120   0.3103   0.5000
       552   1.7028   1.1120   0.4345   0.5000
       553   1.7586   1.2087   0.0621   0.5000
       554   1.7586   1.2087   0.1862   0.5000
       555   1.7586   1.2087   0.3103   0.5000
       556   1.7586   1.2087   0.4345   0.5000
       557   1.8144   1.3054   0.0621   0.5000
       558   1.8144   1.3054   0.1862   0.5000
       559   1.8144   1.3054   0.3103   0.5000
       560   1.8144   1.3054   0.4345   0.5000
       561   1.2003   0.0483   0.0621   0.5000
       562   1.2003   0.0483   0.1862   0.5000
       563   1.2003   0.0483   0.3103   0.5000
       564   1.2003   0.0483   0.4345   0.5000
       565   1.2562   0.1450   0.0621   0.5000
       566   1.2562   0.1450   0.1862   0.5000
       567   1.2562   0.1450   0.3103   0.5000
       568   1.2562   0.1450   0.4345   0.5000
       569   1.3120   0.2417   0.0621   0.5000
       570   1.3120   0.2417   0.1862   0.5000
       571   1.3120   0.2417   0.3103   0.5000
       572   1.3120   0.2417   0.4345   0.5000
       573   1.3678   0.3384   0.0621   0.5000
       574   1.3678   0.3384   0.1862   0.5000
       575   1.3678   0.3384   0.3103   0.5000
       576   1.3678   0.3384   0.4345   0.5000
       577   1.4236   0.4351   0.0621   0.5000
       578   1.4236   0.4351   0.1862   0.5000
       579   1.4236   0.4351   0.3103   0.5000
       580   1.4236   0.4351   0.4345   0.5000
       581   1.4795   0.5318   0.0621   0.5000
       582   1.4795   0.5318   0.1862   0.5000
       583   1.4795   0.5318   0.3103   0.5000
       584   1.4795   0.5318   0.4345   0.5000
       585   1.5353   0.6285   0.0621   0.5000
       586   1.5353   0.6285   0.1862   0.5000
       587   1.5353   0.6285   0.3103   0.5000
       588   1.5353   0.6285   0.4345   0.5000
       589   1.5911   0.7252   0.0621   0.5000
       590   1.5911   0.7252   0.1862   0.5000
       591   1.5911   0.7252   0.3103   0.5000
       592   1.5911   0.7252   0.4345   0.5000
       593   1.6470   0.8219   0.0621   0.5000
       594   1.6470   0.8219   0.1862   0.5000
       595   1.6470   0.8219   0.3103   0.5000
       596   1.6470   0.8219   0.4345   0.5000
       597   1.7028   0.9186   0.0621   0.5000
       598   1.7028   0.9186   0.1862   0.5000
       599   1.7028   0.9186   0.3103   0.5000
       600   1.7028   0.9186   0.4345   0.5000
       601   1.7586   1.0153   0.0621   0.5000
       602   1.7586   1.0153   0.1862   0.5000
       603   1.7586   1.0153   0.3103   0.5000
       604   1.7586   1.0153   0.4345   0.5000
       605   1.8144   1.1120   0.0621   0.5000
       606   1.8144   1.1120   0.1862   0.5000
       607   1.8144   1.1120   0.3103   0.5000
       608   1.8144   1.1120   0.4345   0.5000
       609   1.8703   1.2087   0.0621   0.5000
       610   1.8703   1.2087   0.1862   0.5000
       611   1.8703   1.2087   0.3103   0.5000
       612   1.8703   1.2087   0.4345   0.5000
       613   1.9261   1.3054   0.0621   0.5000
       614   1.9261   1.3054   0.1862   0.5000
       615   1.9261   1.3054   0.3103   0.5000
       616   1.9261   1.3054   0.4345   0.5000
       617   1.3120   0.0483   0.0621   0.5000
       618   1.3120   0.0483   0.1862   0.5000
       619   1.3120   0.0483   0.3103   0.5000
       620   1.3120   0.0483   0.4345   0.5000
       621   1.3678   0.1450   0.0621   0.5000
       622   1.3678   0.1450   0.1862   0.5000
       623   1.3678   0.1450   0.3103   0.5000
       624   1.3678   0.1450   0.4345   0.5000
       625   1.4236   0.2417   0.0621   0.5000
       626   1.4236   0.2417   0.1862   0.5000
       627   1.4236   0.2417   0.3103   0.5000
       628   1.4236   0.2417   0.4345   0.5000
       629   1.4795   0.3384   0.0621   0.5000
       630   1.4795   0.3384   0.1862   0.5000
       631   1.4795   0.3384   0.3103   0.5000
       632   1.4795   0.3384   0.4345   0.5000
       633   1.5353   0.4351   0.0621   0.5000
       634   1.5353   0.4351   0.1862   0.5000
       635   1.5353   0.4351   0.3103   0.5000
       636   1.5353   0.4351   0.4345   0.5000
       637   1.5911   0.5318   0.0621   0.5000
       638   1.5911   0.5318   0.1862   0.5000
       639   1.5911   0.5318   0.3103   0.5000
       640   1.5911   0.5318   0.4345   0.5000
       641   1.6470   0.6285   0.0621   0.5000
       642   1.6470   0.6285   0.1862   0.5000
       643   1.6470   0.6285   0.3103   0.5000
       644   1.6470   0.6285   0.4345   0.5000
       645   1.7028   0.7252   0.0621   0.5000
       646   1.7028   0.7252   0.1862   0.5000
       647   1.7028   0.7252   0.3103   0.5000
       648   1.7028   0.7252   0.4345   0.5000
       649   1.7586   0.8219   0.0621   0.5000
       650   1.7586   0.8219   0.1862   0.5000
       651   1.7586   0.8219   0.3103   0.5000
       652   1.7586   0.8219   0.4345   0.5000
       653   1.8144   0.9186   0.0621   0.5000
       654   1.8144   0.9186   0.1862   0.5000
       655   1.8144   0.9186   0.3103   0.5000
       656   1.8144   0.9186   0.4345   0.5000
       657   1.8703   1.0153   0.0621   0.5000
       658   1.8703   1.0153   0.1862   0.5000
       659   1.8703   1.0153   0.3103   0.5000
       660   1.8703   1.0153   0.4345   0.5000
       661   1.9261   1.1120   0.0621   0.5000
       662   1.9261   1.1120   0.1862   0.5000
       663   1.9261   1.1120   0.3103   0.5000
       664   1.9261   1.1120   0.4345   0.5000
       665   1.9819   1.2087   0.0621   0.5000
       666   1.9819   1.2087   0.1862   0.5000
       667   1.9819   1.2087   0.3103   0.5000
       668   1.9819   1.2087   0.4345   0.5000
       669   2.0378   1.3054   0.0621   0.5000
       670   2.0378   1.3054   0.1862   0.5000
       671   2.0378   1.3054   0.3103   0.5000
       672   2.0378   1.3054   0.4345   0.5000
       673   1.4236   0.0483   0.0621   0.5000
       674   1.4236   0.0483   0.1862   0.5000
       675   1.4236   0.0483   0.3103   0.5000
       676   1.4236   0.0483   0.4345   0.5000
       677   1.4795   0.1450   0.0621   0.5000
       678   1.4795   0.1450   0.1862   0.5000
       679   1.4795   0.1450   0.3103   0.5000
       680   1.4795   0.1450   0.4345   0.5000
       681   1.5353   0.2417   0.0621   0.5000
       682   1.5353   0.2417   0.1862   0.5000
       683   1.5353   0.2417   0.3103   0.5000
       684   1.5353   0.2417   0.4345   0.5000
       685   1.5911   0.3384   0.0621   0.5000
       686   1.5911   0.3384   0.1862   0.5000
       687   1.5911   0.3384   0.3103   0.5000
       688   1.5911   0.3384   0.4345   0.5000
       689   1.6470   0.4351   0.0621   0.5000
       690   1.6470   0.4351   0.1862   0.5000
       691   1.6470   0.4351   0.3103   0.5000
       692   1.6470   0.4351   0.4345   0.5000
       693   1.7028   0.5318   0.0621   0.5000
       694   1.7028   0.5318   0.1862   0.5000
       695   1.7028   0.5318   0.3103   0.5000
       696   1.7028   0.5318   0.4345   0.5000
       697   1.7586   0.6285   0.0621   0.5000
       698   1.7586   0.6285   0.1862   0.5000
       699   1.7586   0.6285   0.3103   0.5000
       700   1.7586   0.6285   0.4345   0.5000
       701   1.8144   0.7252   0.0621   0.5000
       702   1.8144   0.7252   0.1862   0.5000
       703   1.8144   0.7252   0.3103   0.5000
       704   1.8144   0.7252   0.4345   0.5000
       705   1.8703   0.8219   0.0621   0.5000
       706   1.8703   0.8219   0.1862   0.5000
       707   1.8703   0.8219   0.3103   0.5000
       708   1.8703   0.8219   0.4345   0.5000
       709   1.9261   0.9186   0.0621   0.5000
       710   1.9261   0.9186   0.1862   0.5000
       711   1.9261   0.9186   0.3103   0.5000
       712   1.9261   0.9186   0.4345   0.5000
       713   1.9819   1.0153   0.0621   0.5000
       714   1.9819   1.0153   0.1862   0.5000
       715   1.9819   1.0153   0.3103   0.5000
       716   1.9819   1.0153   0.4345   0.5000
       717   2.0378   1.1120   0.0621   0.5000
       718   2.0378   1.1120   0.1862   0.5000
       719   2.0378   1.1120   0.3103   0.5000
       720   2.0378   1.1120   0.4345   0.5000
       721   2.0936   1.2087   0.0621   0.5000
       722   2.0936   1.2087   0.1862   0.5000
       723   2.0936   1.2087   0.3103   0.5000
       724   2.0936   1.2087   0.4345   0.5000
       725   2.1494   1.3054   0.0621   0.5000
       726   2.1494   1.3054   0.1862   0.5000
       727   2.1494   1.3054   0.3103   0.5000
       728   2.1494   1.3054   0.4345   0.5000
       729   1.5353   0.0483   0.0621   0.5000
       730   1.5353   0.0483   0.1862   0.5000
       731   1.5353   0.0483   0.3103   0.5000
       732   1.5353   0.0483   0.4345   0.5000
       733   1.5911   0.1450   0.0621   0.5000
       734   1.5911   0.1450   0.1862   0.5000
       735   1.5911   0.1450   0.3103   0.5000
       736   1.5911   0.1450   0.4345   0.5000
       737   1.6470   0.2417   0.0621   0.5000
       738   1.6470   0.2417   0.1862   0.5000
       739   1.6470   0.2417   0.3103   0.5000
       740   1.6470   0.2417   0.4345   0.5000
       741   1.7028   0.3384   0.0621   0.5000
       742   1.7028   0.3384   0.1862   0.5000
       743   1.7028   0.3384   0.3103   0.5000
       744   1.7028   0.3384   0.4345   0.5000
       745   1.7586   0.4351   0.0621   0.5000
       746   1.7586   0.4351   0.1862   0.5000
       747   1.7586   0.4351   0.3103   0.5000
       748   1.7586   0.4351   0.4345   0.5000
       749   1.8144   0.5318   0.0621   0.5000
       750   1.8144   0.5318   0.1862   0.5000
       751   1.8144   0.5318   0.3103   0.5000
       752   1.8144   0.5318   0.4345   0.5000
       753   1.8703   0.6285   0.0621   0.5000
       754   1.8703   0.6285   0.1862   0.5000
       755   1.8703   0.6285   0.3103   0.5000
       756   1.8703   0.6285   0.4345   0.5000
       757   1.9261   0.7252   0.0621   0.5000
       758   1.9261   0.7252   0.1862   0.5000
       759   1.9261   0.7252   0.3103   0.5000
       760   1.9261   0.7252   0.4345   0.5000
       761   1.9819   0.8219   0.0621   0.5000
       762   1.9819   0.8219   0.1862   0.5000
       763   1.9819   0.8219   0.3103   0.5000
       764   1.9819   0.8219   0.4345   0.5000
       765   2.0378   0.9186   0.0621   0.5000
       766   2.0378   0.9186   0.1862   0.5000
       767   2.0378   0.9186   0.3103   0.5000
       768   2.0378   0.9186   0.4345   0.5000
       769   2.0936   1.0153   0.0621   0.5000
       770   2.0936   1.0153   0.1862   0.5000
       771   2.0936   1.0153   0.3103   0.5000
       772   2.0936   1.0153   0.4345   0.5000
       773   2.1494   1.1120   0.0621   0.5000
       774   2.1494   1.1120   0.1862   0.5000
       775   2.1494   1.1120   0.3103   0.5000
       776   2.1494   1.1120   0.4345   0.5000
       777   2.2053   1.2087   0.0621   0.5000
       778   2.2053   1.2087   0.1862   0.5000
       779   2.2053   1.2087   0.3103   0.5000
       780   2.2053   1.2087   0.4345   0.5000
       781   2.2611   1.3054   0.0621   0.5000
       782   2.2611   1.3054   0.1862   0.5000
       783   2.2611   1.3054   0.3103   0.5000
       784   2.2611   1.3054   0.4345   0.5000
