#HD#     0.1314424206E+01     0.3127577840E+02 
    0.1525201692E+00     0.6869376403E-02    -0.4399828275E-04     0.1000000000E+01     0.0000000000E+00     0.1000000000E+01     0.0000000000E+00     0.1732564815E+05 
    0.3715942510E+00     0.1674704772E-01    -0.2598583616E-03     0.1000000000E+01     0.0000000000E+00     0.1000000000E+01     0.0000000000E+00     0.4578881190E+04 
    0.6097182529E+00     0.2744252490E-01    -0.6959333966E-03     0.1000000000E+01     0.0000000000E+00     0.1000000000E+01     0.0000000000E+00     0.2190072530E+04 
    0.8668921749E+00     0.3893878340E-01    -0.1398932173E-02     0.1000000000E+01     0.0000000000E+00     0.1000000000E+01     0.0000000000E+00     0.1299114592E+04 
    0.1143116017E+01     0.5121492277E-01    -0.2417940959E-02     0.1000000000E+01     0.0000000000E+00     0.1000000000E+01     0.0000000000E+00     0.8630998490E+03 
    0.1438389779E+01     0.6424567510E-01    -0.3804158000E-02     0.1000000000E+01     0.0000000000E+00     0.1000000000E+01     0.0000000000E+00     0.6153770925E+03 
    0.1752713462E+01     0.7800090365E-01    -0.5610622253E-02     0.1000000000E+01     0.0000000000E+00     0.1000000000E+01     0.0000000000E+00     0.4605809900E+03 
    0.2086087065E+01     0.9244509479E-01    -0.7891937703E-02     0.1000000000E+01     0.0000000000E+00     0.1000000000E+01     0.0000000000E+00     0.3572268914E+03 
    0.2438510587E+01     0.1075368459E+00    -0.1070399429E-01     0.1000000000E+01     0.0000000000E+00     0.1000000000E+01     0.0000000000E+00     0.2847593754E+03 
    0.2809984030E+01     0.1232283519E+00    -0.1410368616E-01     0.1000000000E+01     0.0000000000E+00     0.1000000000E+01     0.0000000000E+00     0.2319961983E+03 
    0.3200507394E+01     0.1394648907E+00    -0.1814862762E-01     0.1000000000E+01     0.0000000000E+00     0.1000000000E+01     0.0000000000E+00     0.1924098076E+03 
    0.3610080677E+01     0.1561843118E+00    -0.2289686674E-01     0.1000000000E+01     0.0000000000E+00     0.1000000000E+01     0.0000000000E+00     0.1619735030E+03 
    0.4038703880E+01     0.1733165250E+00    -0.2840659633E-01     0.1000000000E+01     0.0000000000E+00     0.1000000000E+01     0.0000000000E+00     0.1380903670E+03 
    0.4486377004E+01     0.1907829921E+00    -0.3473586152E-01     0.1000000000E+01     0.0000000000E+00     0.1000000000E+01     0.0000000000E+00     0.1190231352E+03 
    0.4953100048E+01     0.2084962216E+00    -0.4194226295E-01     0.1000000000E+01     0.0000000000E+00     0.1000000000E+01     0.0000000000E+00     0.1035734086E+03 
    0.5438873011E+01     0.2263592627E+00    -0.5008265406E-01     0.1000000000E+01     0.0000000000E+00     0.1000000000E+01     0.0000000000E+00     0.9089263657E+02 
    0.5943695895E+01     0.2442652013E+00    -0.5921283089E-01     0.1000000000E+01     0.0000000000E+00     0.1000000000E+01     0.0000000000E+00     0.8036631282E+02 
    0.6467568700E+01     0.2620966538E+00    -0.6938721225E-01     0.1000000000E+01     0.0000000000E+00     0.1000000000E+01     0.0000000000E+00     0.7154061407E+02 
    0.7010491424E+01     0.2797252570E+00    -0.8065850801E-01     0.1000000000E+01     0.0000000000E+00     0.1000000000E+01     0.0000000000E+00     0.6407455882E+02 
    0.7572464068E+01     0.2970111533E+00    -0.9307737281E-01     0.1000000000E+01     0.0000000000E+00     0.1000000000E+01     0.0000000000E+00     0.5770800647E+02 
    0.8153486633E+01     0.3138024666E+00    -0.1066920425E+00     0.1000000000E+01     0.0000000000E+00     0.1000000000E+01     0.0000000000E+00     0.5223976685E+02 
    0.8753559118E+01     0.3299347668E+00    -0.1215479502E+00     0.1000000000E+01     0.0000000000E+00     0.1000000000E+01     0.0000000000E+00     0.4751232389E+02 
    0.9372681523E+01     0.3452305198E+00    -0.1376873186E+00     0.1000000000E+01     0.0000000000E+00     0.1000000000E+01     0.0000000000E+00     0.4340098294E+02 
    0.1001085385E+02     0.3594985190E+00    -0.1551487252E+00     0.1000000000E+01     0.0000000000E+00     0.1000000000E+01     0.0000000000E+00     0.3980603557E+02 
    0.1066807609E+02     0.3725332946E+00    -0.1739666375E+00     0.1000000000E+01     0.0000000000E+00     0.1000000000E+01     0.0000000000E+00     0.3664701962E+02 
    0.1134434826E+02     0.3841144965E+00    -0.1941709141E+00     0.1000000000E+01     0.0000000000E+00     0.1000000000E+01     0.0000000000E+00     0.3385845818E+02 
    0.1203967034E+02     0.3940062474E+00    -0.2157862682E+00     0.1000000000E+01     0.0000000000E+00     0.1000000000E+01     0.0000000000E+00     0.3138665770E+02 
    0.1275404235E+02     0.4019564601E+00    -0.2388316912E+00     0.1000000000E+01     0.0000000000E+00     0.1000000000E+01     0.0000000000E+00     0.2918727507E+02 
    0.1348746428E+02     0.4076961170E+00    -0.2633198325E+00     0.1000000000E+01     0.0000000000E+00     0.1000000000E+01     0.0000000000E+00     0.2722344995E+02 
    0.1423993612E+02     0.4109385037E+00    -0.2892563333E+00     0.1000000000E+01     0.0000000000E+00     0.1000000000E+01     0.0000000000E+00     0.2546435743E+02 
    0.1501145789E+02     0.4113783953E+00    -0.3166391131E+00     0.1000000000E+01     0.0000000000E+00     0.1000000000E+01     0.0000000000E+00     0.2388407649E+02 
    0.1580202957E+02     0.4086911874E+00    -0.3454576071E+00     0.1000000000E+01     0.0000000000E+00     0.1000000000E+01     0.0000000000E+00     0.2246069820E+02 
    0.1661165118E+02     0.4025319697E+00    -0.3756919546E+00     0.1000000000E+01     0.0000000000E+00     0.1000000000E+01     0.0000000000E+00     0.2117561754E+02 
    0.1744032271E+02     0.3925345340E+00    -0.4073121404E+00     0.1000000000E+01     0.0000000000E+00     0.1000000000E+01     0.0000000000E+00     0.2001296709E+02 
    0.1828804415E+02     0.3783103132E+00    -0.4402770923E+00     0.1000000000E+01     0.0000000000E+00     0.1000000000E+01     0.0000000000E+00     0.1895916119E+02 
    0.1915481552E+02     0.3594472456E+00    -0.4745337396E+00     0.1000000000E+01     0.0000000000E+00     0.1000000000E+01     0.0000000000E+00     0.1800252688E+02 
    0.2004063681E+02     0.3355085587E+00    -0.5100160410E+00     0.1000000000E+01     0.0000000000E+00     0.1000000000E+01     0.0000000000E+00     0.1713300339E+02 
    0.2094550802E+02     0.3060314660E+00    -0.5466439925E+00     0.1000000000E+01     0.0000000000E+00     0.1000000000E+01     0.0000000000E+00     0.1634189618E+02 
    0.2186942914E+02     0.2705257731E+00    -0.5843226311E+00     0.1000000000E+01     0.0000000000E+00     0.1000000000E+01     0.0000000000E+00     0.1562167484E+02 
    0.2281240019E+02     0.2284723857E+00    -0.6229410520E+00     0.1000000000E+01     0.0000000000E+00     0.1000000000E+01     0.0000000000E+00     0.1496580618E+02 
    0.2377442116E+02     0.1793217129E+00    -0.6623714631E+00     0.1000000000E+01     0.0000000000E+00     0.1000000000E+01     0.0000000000E+00     0.1436861605E+02 
    0.2475549205E+02     0.1224919627E+00    -0.7024683075E+00     0.1000000000E+01     0.0000000000E+00     0.1000000000E+01     0.0000000000E+00     0.1382517457E+02 
    0.2575561285E+02     0.5736731913E-01    -0.7430674858E+00     0.1000000000E+01     0.0000000000E+00     0.1000000000E+01     0.0000000000E+00     0.1333120060E+02 
    0.2677478358E+02    -0.1670400055E-01    -0.7839857222E+00     0.1000000000E+01     0.0000000000E+00     0.1000000000E+01     0.0000000000E+00     0.1288298226E+02 
    0.2781300423E+02    -0.1004118192E+00    -0.8250201188E+00     0.1000000000E+01     0.0000000000E+00     0.1000000000E+01     0.0000000000E+00     0.1247731069E+02 
    0.2887027480E+02    -0.1944862075E+00    -0.8659479535E+00     0.1000000000E+01     0.0000000000E+00     0.1000000000E+01     0.0000000000E+00     0.1211142506E+02 
    0.2994659529E+02    -0.2996998336E+00    -0.9065267789E+00     0.1000000000E+01     0.0000000000E+00     0.1000000000E+01     0.0000000000E+00     0.1178296714E+02 
    0.3104196570E+02    -0.4174688642E+00    -0.9465062699E+00     0.1000000000E+01     0.0000000000E+00     0.1000000000E+01     0.0000000000E+00     0.1148980584E+02 
    0.3215638602E+02    -0.5831212177E+00    -0.9865302070E+00     0.1000000000E+01     0.0000000000E+00     0.1000000000E+01     0.0000000000E+00     0.1121979203E+02 
    0.3328985627E+02    -0.8095825933E+00    -0.1026509678E+01     0.1000000000E+01     0.0000000000E+00     0.1000000000E+01     0.0000000000E+00     0.1097120903E+02 
    0.3444237644E+02    -0.1078918658E+01    -0.1065400114E+01     0.1000000000E+01     0.0000000000E+00     0.1000000000E+01     0.0000000000E+00     0.1075215195E+02 
    0.3561394653E+02    -0.1364348652E+01    -0.1102091510E+01     0.1000000000E+01     0.0000000000E+00     0.1000000000E+01     0.0000000000E+00     0.1056948854E+02 
    0.3680456654E+02    -0.1633142346E+01    -0.1233609111E+01     0.1000000000E+01     0.0000000000E+00     0.1000000000E+01     0.0000000000E+00     0.9599196081E+01 
    0.3801423647E+02    -0.1851799079E+01    -0.1824318786E+01     0.1000000000E+01     0.0000000000E+00     0.1000000000E+01     0.0000000000E+00     0.6596810113E+01 
    0.3924295632E+02    -0.1992360962E+01    -0.2292236018E+01     0.1000000000E+01     0.0000000000E+00     0.1000000000E+01     0.0000000000E+00     0.5334369607E+01 
    0.4049072609E+02    -0.2036735458E+01    -0.2665961534E+01     0.1000000000E+01     0.0000000000E+00     0.1000000000E+01     0.0000000000E+00     0.4658922447E+01 
    0.4175754578E+02    -0.1992853353E+01    -0.2969071496E+01     0.1000000000E+01     0.0000000000E+00     0.1000000000E+01     0.0000000000E+00     0.4248233752E+01 
    0.4304341539E+02    -0.1887729927E+01    -0.3225046168E+01     0.1000000000E+01     0.0000000000E+00     0.1000000000E+01     0.0000000000E+00     0.3970809055E+01 
    0.4434833492E+02    -0.1738753329E+01    -0.3449103110E+01     0.1000000000E+01     0.0000000000E+00     0.1000000000E+01     0.0000000000E+00     0.3768721623E+01 
    0.4567230437E+02    -0.1558221436E+01    -0.3650356467E+01     0.1000000000E+01     0.0000000000E+00     0.1000000000E+01     0.0000000000E+00     0.3613705555E+01 
    0.4701532374E+02    -0.1356962940E+01    -0.3834446448E+01     0.1000000000E+01     0.0000000000E+00     0.1000000000E+01     0.0000000000E+00     0.3490427458E+01 
    0.4837739303E+02    -0.1146342740E+01    -0.4005039245E+01     0.1000000000E+01     0.0000000000E+00     0.1000000000E+01     0.0000000000E+00     0.3389815275E+01 
    0.4975851225E+02    -0.9394500331E+00    -0.4164746789E+01     0.1000000000E+01     0.0000000000E+00     0.1000000000E+01     0.0000000000E+00     0.3306029077E+01 
    0.5115868138E+02    -0.7521163789E+00    -0.4315738229E+01     0.1000000000E+01     0.0000000000E+00     0.1000000000E+01     0.0000000000E+00     0.3234939433E+01 
    0.5257790043E+02    -0.5890528537E+00    -0.4458008795E+01     0.1000000000E+01     0.0000000000E+00     0.1000000000E+01     0.0000000000E+00     0.3174843167E+01 
    0.5401616940E+02    -0.4287995378E+00    -0.4590462348E+01     0.1000000000E+01     0.0000000000E+00     0.1000000000E+01     0.0000000000E+00     0.3125122455E+01 
    0.5547348829E+02    -0.2704139326E+00    -0.4714114040E+01     0.1000000000E+01     0.0000000000E+00     0.1000000000E+01     0.0000000000E+00     0.3083928009E+01 
    0.5694985710E+02    -0.1139059147E+00    -0.4829704954E+01     0.1000000000E+01     0.0000000000E+00     0.1000000000E+01     0.0000000000E+00     0.3049911914E+01 
    0.5844527583E+02     0.4071678970E-01    -0.4937886824E+01     0.1000000000E+01     0.0000000000E+00     0.1000000000E+01     0.0000000000E+00     0.3022004817E+01 
    0.5995974449E+02     0.1934485360E+00    -0.5039236247E+01     0.1000000000E+01     0.0000000000E+00     0.1000000000E+01     0.0000000000E+00     0.2999347223E+01 
    0.6149326306E+02     0.3442856871E+00    -0.5134266150E+01     0.1000000000E+01     0.0000000000E+00     0.1000000000E+01     0.0000000000E+00     0.2981240204E+01 
    0.6304583155E+02     0.4932265362E+00    -0.5223435129E+01     0.1000000000E+01     0.0000000000E+00     0.1000000000E+01     0.0000000000E+00     0.2967109410E+01 
    0.6461744996E+02     0.6402712260E+00    -0.5307155116E+01     0.1000000000E+01     0.0000000000E+00     0.1000000000E+01     0.0000000000E+00     0.2956478357E+01 
    0.6620811830E+02     0.7854216663E+00    -0.5385797719E+01     0.1000000000E+01     0.0000000000E+00     0.1000000000E+01     0.0000000000E+00     0.2948948323E+01 
    0.6781783655E+02     0.9286814492E+00    -0.5459699506E+01     0.1000000000E+01     0.0000000000E+00     0.1000000000E+01     0.0000000000E+00     0.2944183014E+01 
    0.6944660472E+02     0.1070055764E+01    -0.5529166433E+01     0.1000000000E+01     0.0000000000E+00     0.1000000000E+01     0.0000000000E+00     0.2941896731E+01 
    0.7109442282E+02     0.1209551311E+01    -0.5594477578E+01     0.1000000000E+01     0.0000000000E+00     0.1000000000E+01     0.0000000000E+00     0.2941845133E+01 
    0.7276129083E+02     0.1347176216E+01    -0.5655888310E+01     0.1000000000E+01     0.0000000000E+00     0.1000000000E+01     0.0000000000E+00     0.2943817960E+01 
    0.7444720876E+02     0.1482939945E+01    -0.5713632998E+01     0.1000000000E+01     0.0000000000E+00     0.1000000000E+01     0.0000000000E+00     0.2947633247E+01 
    0.7615217662E+02     0.1616853219E+01    -0.5767927322E+01     0.1000000000E+01     0.0000000000E+00     0.1000000000E+01     0.0000000000E+00     0.2953132674E+01 
