    0.1507330463E-03   -0.3980032002E+05    0.4388972514E+01
    0.1584612949E-03   -0.3785427487E+05    0.4388972472E+01
    0.1665857792E-03   -0.3601172888E+05    0.4388972386E+01
    0.1751268148E-03   -0.3425018129E+05    0.4388972253E+01
    0.1841057586E-03   -0.3258371183E+05    0.4388972069E+01
    0.1935450626E-03   -0.3098917665E+05    0.4388971833E+01
    0.2034683302E-03   -0.2948194514E+05    0.4388971538E+01
    0.2139003746E-03   -0.2803875427E+05    0.4388971182E+01
    0.2248672813E-03   -0.2667537124E+05    0.4388970759E+01
    0.2363964733E-03   -0.2536934388E+05    0.4388970264E+01
    0.2485167797E-03   -0.2413589614E+05    0.4388969690E+01
    0.2612585075E-03   -0.2295419395E+05    0.4388969030E+01
    0.2746535176E-03   -0.2183809546E+05    0.4388968276E+01
    0.2887353046E-03   -0.2076894071E+05    0.4388967421E+01
    0.3035390802E-03   -0.1975897096E+05    0.4388966454E+01
    0.3191018616E-03   -0.1879169172E+05    0.4388965365E+01
    0.3354625639E-03   -0.1787770828E+05    0.4388964141E+01
    0.3526620974E-03   -0.1700259071E+05    0.4388962771E+01
    0.3707434697E-03   -0.1617547955E+05    0.4388961239E+01
    0.3897518939E-03   -0.1538375314E+05    0.4388959529E+01
    0.4097349008E-03   -0.1463524384E+05    0.4388957623E+01
    0.4307424584E-03   -0.1391895064E+05    0.4388955503E+01
    0.4528270965E-03   -0.1324158697E+05    0.4388953145E+01
    0.4760440382E-03   -0.1259354348E+05    0.4388950527E+01
    0.5004513380E-03   -0.1198055714E+05    0.4388947620E+01
    0.5261100268E-03   -0.1139425132E+05    0.4388944396E+01
    0.5530842647E-03   -0.1083953474E+05    0.4388940823E+01
    0.5814415013E-03   -0.1030908675E+05    0.4388936864E+01
    0.6112526445E-03   -0.9807097019E+04    0.4388932478E+01
    0.6425922378E-03   -0.9327178586E+04    0.4388927624E+01
    0.6755386463E-03   -0.8872912206E+04    0.4388922250E+01
    0.7101742534E-03   -0.8438711161E+04    0.4388916305E+01
    0.7465856660E-03   -0.8027628143E+04    0.4388909729E+01
    0.7848639316E-03   -0.7634784540E+04    0.4388902455E+01
    0.8251047659E-03   -0.7262786111E+04    0.4388894412E+01
    0.8674087919E-03   -0.6907361589E+04    0.4388885520E+01
    0.9118817916E-03   -0.6570729213E+04    0.4388875690E+01
    0.9586349708E-03   -0.6249155913E+04    0.4388864824E+01
    0.1007785237E-02   -0.5944532177E+04    0.4388852816E+01
    0.1059455491E-02   -0.5653586796E+04    0.4388839546E+01
    0.1113774935E-02   -0.5377926065E+04    0.4388824882E+01
    0.1170879397E-02   -0.5114688737E+04    0.4388808680E+01
    0.1230911668E-02   -0.4865241042E+04    0.4388790781E+01
    0.1294021859E-02   -0.4627073622E+04    0.4388771006E+01
    0.1360367778E-02   -0.4401344543E+04    0.4388749162E+01
    0.1430115326E-02   -0.4185857341E+04    0.4388725032E+01
    0.1503438906E-02   -0.3981594563E+04    0.4388698380E+01
    0.1580521867E-02   -0.3786628299E+04    0.4388668944E+01
    0.1661556956E-02   -0.3601788911E+04    0.4388636434E+01
    0.1746746803E-02   -0.3425387718E+04    0.4388600532E+01
    0.1836304427E-02   -0.3258127082E+04    0.4388560884E+01
    0.1930453768E-02   -0.3098523577E+04    0.4388517104E+01
    0.2029430249E-02   -0.2947168607E+04    0.4388468763E+01
    0.2133481363E-02   -0.2802761935E+04    0.4388415389E+01
    0.2242867292E-02   -0.2665801929E+04    0.4388356460E+01
    0.2357861557E-02   -0.2535145445E+04    0.4388291403E+01
    0.2478751704E-02   -0.2411210225E+04    0.4388219583E+01
    0.2605840021E-02   -0.2292993605E+04    0.4388140304E+01
    0.2739444296E-02   -0.2180845985E+04    0.4388052795E+01
    0.2879898609E-02   -0.2073885091E+04    0.4387956209E+01
    0.3027554168E-02   -0.1972402987E+04    0.4387849610E+01
    0.3182780189E-02   -0.1875625271E+04    0.4387731969E+01
    0.3345964819E-02   -0.1783795514E+04    0.4387602152E+01
    0.3517516104E-02   -0.1696231697E+04    0.4387458909E+01
    0.3697863011E-02   -0.1613135389E+04    0.4387300863E+01
    0.3887456502E-02   -0.1533907528E+04    0.4387126500E+01
    0.4086770659E-02   -0.1458714975E+04    0.4386934151E+01
    0.4296303871E-02   -0.1387029646E+04    0.4386721981E+01
    0.4516580081E-02   -0.1318988357E+04    0.4386487968E+01
    0.4748150094E-02   -0.1254126904E+04    0.4386229891E+01
    0.4991592955E-02   -0.1192557444E+04    0.4385945302E+01
    0.5247517398E-02   -0.1133870384E+04    0.4385631514E+01
    0.5516563369E-02   -0.1078156542E+04    0.4385285571E+01
    0.5799403621E-02   -0.1025055594E+04    0.4384904223E+01
    0.6096745403E-02   -0.9746409950E+03    0.4384483899E+01
    0.6409332224E-02   -0.9265944955E+03    0.4384020678E+01
    0.6737945714E-02   -0.8809745364E+03    0.4383510253E+01
    0.7083407578E-02   -0.8375009216E+03    0.4382947896E+01
    0.7446581651E-02   -0.7962200064E+03    0.4382328418E+01
    0.7828376056E-02   -0.7568840580E+03    0.4381646129E+01
    0.8229745479E-02   -0.7195289852E+03    0.4380894785E+01
    0.8651693553E-02   -0.6839364952E+03    0.4380067548E+01
    0.9095275367E-02   -0.6501342032E+03    0.4379156918E+01
    0.9561600107E-02   -0.6179289034E+03    0.4378154690E+01
    0.1005183383E-01   -0.5873410464E+03    0.4377051873E+01
    0.1056720237E-01   -0.5582002409E+03    0.4375838641E+01
    0.1110899442E-01   -0.5305213518E+03    0.4374504236E+01
    0.1167856474E-01   -0.5041534063E+03    0.4373036915E+01
    0.1227733756E-01   -0.4791064470E+03    0.4371423834E+01
    0.1290681012E-01   -0.4552472134E+03    0.4369650992E+01
    0.1356855642E-01   -0.4325820798E+03    0.4367703096E+01
    0.1426423119E-01   -0.4109928435E+03    0.4365563494E+01
    0.1499557396E-01   -0.3904827147E+03    0.4363214025E+01
    0.1576441348E-01   -0.3709472683E+03    0.4360634945E+01
    0.1657267224E-01   -0.3523873916E+03    0.4357804751E+01
    0.1742237132E-01   -0.3347103574E+03    0.4354700111E+01
    0.1831563540E-01   -0.3179150519E+03    0.4351295655E+01
    0.1925469810E-01   -0.3019194873E+03    0.4347563906E+01
    0.2024190758E-01   -0.2867211582E+03    0.4343475045E+01
    0.2127973238E-01   -0.2722471851E+03    0.4338996853E+01
    0.2237076759E-01   -0.2584938656E+03    0.4334094430E+01
    0.2351774137E-01   -0.2453967108E+03    0.4328730165E+01
    0.2472352175E-01   -0.2329512625E+03    0.4322863410E+01
    0.2599112382E-01   -0.2211001393E+03    0.4316450489E+01
    0.2732371724E-01   -0.2098382352E+03    0.4309444316E+01
    0.2872463418E-01   -0.1991147405E+03    0.4301794461E+01
    0.3019737766E-01   -0.1889242175E+03    0.4293446717E+01
    0.3174563032E-01   -0.1792214176E+03    0.4284343238E+01
    0.3337326359E-01   -0.1700006215E+03    0.4274422051E+01
    0.3508434741E-01   -0.1612217421E+03    0.4263617298E+01
    0.3688316037E-01   -0.1528790031E+03    0.4251858682E+01
    0.3877420044E-01   -0.1449366809E+03    0.4239071863E+01
    0.4076219620E-01   -0.1373889542E+03    0.4225177824E+01
    0.4285211869E-01   -0.1302041659E+03    0.4210093460E+01
    0.4504919380E-01   -0.1233766065E+03    0.4193730871E+01
    0.4735891536E-01   -0.1168780527E+03    0.4175998203E+01
    0.4978705887E-01   -0.1107028940E+03    0.4156798852E+01
    0.5233969597E-01   -0.1048261201E+03    0.4136032616E+01
    0.5502320956E-01   -0.9924232653E+02    0.4113594817E+01
    0.5784430984E-01   -0.9392921402E+02    0.4089377842E+01
    0.6081005103E-01   -0.8888155441E+02    0.4063270162E+01
    0.6392784901E-01   -0.8407959424E+02    0.4035158332E+01
    0.6720549992E-01   -0.7951835146E+02    0.4004925915E+01
    0.7065119958E-01   -0.7518021722E+02    0.3972456031E+01
    0.7427356405E-01   -0.7106041495E+02    0.3937630158E+01
    0.7808165111E-01   -0.6714335585E+02    0.3900331275E+01
    0.8208498297E-01   -0.6342450875E+02    0.3860442573E+01
    0.8629357004E-01   -0.5988998259E+02    0.3817851249E+01
    0.9071793599E-01   -0.5653544352E+02    0.3772447088E+01
    0.9536914403E-01   -0.5334860291E+02    0.3724126890E+01
    0.1002588246E+00   -0.5032534136E+02    0.3672792988E+01
    0.1053992045E+00   -0.4745471336E+02    0.3618358264E+01
    0.1108031372E+00   -0.4473275877E+02    0.3560744575E+01
    0.1164841356E+00   -0.4214980056E+02    0.3499888192E+01
    0.1224564049E+00   -0.3970203609E+02    0.3435738257E+01
    0.1287348790E+00   -0.3738084979E+02    0.3368262399E+01
    0.1353352574E+00   -0.3518254161E+02    0.3297445262E+01
    0.1422740444E+00   -0.3309950227E+02    0.3223293877E+01
    0.1495685907E+00   -0.3112811768E+02    0.3145836488E+01
    0.1572371363E+00   -0.2926162566E+02    0.3065127158E+01
    0.1652988567E+00   -0.2749644632E+02    0.2981245051E+01
    0.1737739103E+00   -0.2582663041E+02    0.2894297560E+01
    0.1826834892E+00   -0.2424860830E+02    0.2804420455E+01
    0.1920498720E+00   -0.2275713655E+02    0.2711778672E+01
    0.2018964795E+00   -0.2134861231E+02    0.2616567734E+01
    0.2122479333E+00   -0.2001848885E+02    0.2519011302E+01
    0.2231301176E+00   -0.1876310059E+02    0.2419364447E+01
    0.2345702434E+00   -0.1757855125E+02    0.2317906933E+01
    0.2465969169E+00   -0.1646109196E+02    0.2214949092E+01
    0.2592402112E+00   -0.1540749928E+02    0.2110819999E+01
    0.2725317411E+00   -0.1441390511E+02    0.2005876678E+01
    0.2865047422E+00   -0.1347778412E+02    0.1900486207E+01
    0.3011941545E+00   -0.1259513470E+02    0.1795039429E+01
    0.3166367090E+00   -0.1176419731E+02    0.1689926530E+01
    0.3328710202E+00   -0.1098079678E+02    0.1585555970E+01
    0.3499376824E+00   -0.1024404522E+02    0.1482322836E+01
    0.3678793710E+00   -0.9549579582E+01    0.1380634593E+01
    0.3867409497E+00   -0.8897458992E+01    0.1280872253E+01
    0.4065695822E+00   -0.8283042870E+01    0.1183423338E+01
    0.4274148504E+00   -0.7707479916E+01    0.1088635358E+01
    0.4493288784E+00   -0.7165803871E+01    0.9968578858E+00
    0.4723664626E+00   -0.6660196266E+01    0.9083887104E+00
    0.4965852091E+00   -0.6185191593E+01    0.8235245702E+00
    0.5220456772E+00   -0.5743922195E+01    0.7424994384E+00
    0.5488115314E+00   -0.5330299816E+01    0.6655458220E+00
    0.5769497003E+00   -0.4947862587E+01    0.5928258693E+00
    0.6065305440E+00   -0.4589837036E+01    0.5245010196E+00
    0.6376280300E+00   -0.4259890518E+01    0.4606557457E+00
    0.6703199182E+00   -0.3950974188E+01    0.4013769518E+00
    0.7046879553E+00   -0.3666470728E+01    0.3466721733E+00
    0.7408180794E+00   -0.3399681768E+01    0.2965537154E+00
    0.7788006345E+00   -0.3153890810E+01    0.2509527223E+00
    0.8187305969E+00   -0.2923328838E+01    0.2098087513E+00
    0.8607078123E+00   -0.2710921011E+01    0.1729835867E+00
    0.9048372455E+00   -0.2511990747E+01    0.1403482564E+00
    0.9512292431E+00   -0.2329214058E+01    0.1117001967E+00
    0.9999998093E+00   -0.2158956966E+01    0.8684839534E-01
    0.1051270896E+01   -0.2003326378E+01    0.6553878278E-01
    0.1105170707E+01   -0.1859593830E+01    0.4752783183E-01
    0.1161834021E+01   -0.1724672160E+01    0.3252023263E-01
    0.1221402525E+01   -0.1592577717E+01    0.2023303259E-01
    0.1284025172E+01   -0.1472126088E+01    0.1034852270E-01
    0.1349858550E+01   -0.1360916338E+01    0.2560338189E-02
    0.1419067278E+01   -0.1260512403E+01   -0.3456334629E-02
    0.1491824413E+01   -0.1166754446E+01   -0.8012602996E-02
    0.1568311886E+01   -0.1081223577E+01   -0.1141967377E-01
    0.1648720956E+01   -0.8467244720E+00   -0.1397642102E-01
    0.1733252687E+01   -0.8467244720E+00   -0.1596499563E-01
    0.1822118453E+01   -0.8467244720E+00   -0.1765155443E-01
    0.1915540464E+01   -0.8467244720E+00   -0.1928641902E-01
    0.2013752323E+01   -0.8467244720E+00   -0.2110344287E-01
    0.2116999613E+01   -0.8467244720E+00   -0.2196210103E-01
    0.2225540504E+01   -0.8467244720E+00   -0.2208685714E-01
    0.2339646406E+01   -0.8467244720E+00   -0.2168178566E-01
    0.2459602642E+01   -0.8467244720E+00   -0.2093058757E-01
    0.2585709166E+01   -0.8467244720E+00   -0.1999637307E-01
