# # graphite                                                     FEFF 9.5.1  
# # POT  SCF 100  4.5000   0, screened core-hole, AFOLP (folp(0)= 1.150)
# # Abs   Z= 6 Rmt= 0.815 Rnm= 1.012 K  shell
# # Pot 1 Z= 6 Rmt= 0.815 Rnm= 1.012
# # Pot 2 Z= 6 Rmt= 0.815 Rnm= 1.012
# # Gam_ch=8.676E-02 H-L exch Vi= 4.000E-01 Vr= 1.000E+00
# # Mu=-1.375E+01 kf=2.759E+00 Vint=-2.304E+01 Rs_int= 1.314
# FMS rfms= 6.0000
# # PATH  Rmax= 2.000,  Keep_limit= 0.00, Heap_limit 0.00  Pwcrit= 2.50%
#  S02=1.000  Temp=   0.00  Debye_temp=   0.00  Global_sig2= 0.00000
#  Energy zero shift, vr, vi    0.00000E+00   0.00000E+00
#  Curved wave amplitude ratio filter   4.000%
#     file         sig2 tot  cw amp ratio   deg  nlegs   reff  inp sig2
#     0/   0 paths used
#  xsedge+ 50, used to normalize mu           1.0000E+00
#  -----------------------------------------------------------------------
#  omega    e    k    mu    mu0     chi     @#
     273.822    -18.559  -1.000  5.76163E-07  0.00000E+00  5.76163E-07
     274.546    -17.835  -0.900  8.48121E-07  0.00000E+00  8.48121E-07
     275.193    -17.187  -0.800  1.46591E-06  0.00000E+00  1.46591E-06
     275.765    -16.616  -0.700  2.93934E-06  0.00000E+00  2.93934E-06
     276.260    -16.121  -0.600  6.61799E-06  0.00000E+00  6.61799E-06
     276.679    -15.701  -0.500  1.59998E-05  0.00000E+00  1.59998E-05
     277.022    -15.359  -0.400  3.85606E-05  0.00000E+00  3.85606E-05
     277.289    -15.092  -0.300  8.01354E-05  0.00000E+00  8.01354E-05
     277.479    -14.901  -0.200  1.16892E-04  0.00000E+00  1.16892E-04
     277.594    -14.787  -0.100  1.12415E-04  0.00000E+00  1.12415E-04
     277.632    -14.749   0.000  9.74575E-05  0.00000E+00  9.74575E-05
     277.682    -14.699   0.115  6.53838E-05  0.00000E+00  6.53838E-05
     277.718    -14.663   0.150  3.56325E-05  0.00000E+00  3.56325E-05
     277.784    -14.597   0.200 -3.49763E-05  0.00000E+00 -3.49763E-05
     277.870    -14.511   0.250 -1.41510E-04  0.00000E+00 -1.41510E-04
     277.975    -14.406   0.300 -2.50975E-04  0.00000E+00 -2.50975E-04
     278.099    -14.282   0.350 -2.87267E-04  0.00000E+00 -2.87267E-04
     278.241    -14.139   0.400 -1.77857E-04  0.00000E+00 -1.77857E-04
     278.403    -13.977   0.450  3.28103E-05  0.00000E+00  3.28103E-05
     278.584    -13.796   0.500  1.14770E-04  0.00000E+00  1.14770E-04
     278.784    -13.596   0.550  1.63182E-06  0.00000E+00  1.63182E-06
     279.003    -13.377   0.600 -4.93120E-05  0.00000E+00 -4.93120E-05
     279.242    -13.139   0.650 -1.58665E-05  0.00000E+00 -1.58665E-05
     279.499    -12.882   0.700 -2.97897E-06  0.00000E+00 -2.97897E-06
     279.775    -12.606   0.750 -3.04615E-06  0.00000E+00 -3.04615E-06
     280.070    -12.311   0.800 -2.66047E-06  0.00000E+00 -2.66047E-06
     280.385    -11.996   0.850  4.06663E-07  0.00000E+00  4.06663E-07
     280.718    -11.663   0.900 -3.12773E-06  0.00000E+00 -3.12773E-06
     281.070    -11.310   0.950 -3.13927E-06  0.00000E+00 -3.13927E-06
     281.442    -10.939   1.000  7.05946E-06  0.00000E+00  7.05946E-06
     281.832    -10.548   1.050 -9.58774E-06  0.00000E+00 -9.58774E-06
     282.242    -10.139   1.100 -9.76215E-07  0.00000E+00 -9.76215E-07
     282.671     -9.710   1.150  1.08461E-05  0.00000E+00  1.08461E-05
     283.118     -9.263   1.200 -1.15228E-05  0.00000E+00 -1.15228E-05
     283.585     -8.796   1.250 -6.35032E-06  0.00000E+00 -6.35032E-06
     284.071     -8.310   1.300  1.65676E-05  0.00000E+00  1.65676E-05
     284.576     -7.805   1.350 -1.21649E-05  0.00000E+00 -1.21649E-05
     285.099     -7.281   1.400 -1.89735E-05  0.00000E+00 -1.89735E-05
     285.642     -6.738   1.450 -2.96354E-05  0.00000E+00 -2.96354E-05
     286.204     -6.177   1.500  1.41838E-05  0.00000E+00  1.41838E-05
     286.785     -5.596   1.550  4.92906E-06  0.00000E+00  4.92906E-06
     287.385     -4.995   1.600  9.16797E-06  0.00000E+00  9.16797E-06
     288.005     -4.376   1.650 -3.87290E-05  0.00000E+00 -3.87290E-05
     288.643     -3.738   1.700  6.39211E-05  0.00000E+00  6.39211E-05
     289.300     -3.081   1.750 -6.94991E-05  0.00000E+00 -6.94991E-05
     289.976     -2.405   1.800  3.68144E-06  0.00000E+00  3.68144E-06
     290.672     -1.709   1.850  3.53384E-05  0.00000E+00  3.53384E-05
     291.386     -0.995   1.900  8.00943E-05  0.00000E+00  8.00943E-05
     292.119     -0.262   1.950 -2.23666E-04  0.00000E+00 -2.23666E-04
     292.872      0.491   2.000 -1.03355E-04  0.00000E+00 -1.03355E-04
     293.643      1.262   2.050  3.61630E-04  0.00000E+00  3.61630E-04
     294.434      2.053   2.100  1.23301E-04  0.00000E+00  1.23301E-04
     295.244      2.863   2.150 -2.80153E-04  0.00000E+00 -2.80153E-04
     296.072      3.691   2.200  8.42806E-05  0.00000E+00  8.42806E-05
     296.920      4.539   2.250  1.04552E-04  0.00000E+00  1.04552E-04
     297.787      5.406   2.300 -6.74847E-05  0.00000E+00 -6.74847E-05
     298.673      6.292   2.350 -4.39140E-05  0.00000E+00 -4.39140E-05
     299.577      7.197   2.400  7.81160E-05  0.00000E+00  7.81160E-05
     300.501      8.120   2.450  9.94622E-05  0.00000E+00  9.94622E-05
     301.444      9.063   2.500 -1.90976E-04  0.00000E+00 -1.90976E-04
     302.406     10.025   2.550  1.02636E-04  0.00000E+00  1.02636E-04
     303.387     11.007   2.600  4.86709E-05  0.00000E+00  4.86709E-05
     304.387     12.007   2.650 -8.36523E-05  0.00000E+00 -8.36523E-05
     305.407     13.026   2.700 -4.52400E-05  0.00000E+00 -4.52400E-05
     306.445     14.064   2.750  1.38684E-05  0.00000E+00  1.38684E-05
     307.502     15.121   2.800 -6.18121E-06  0.00000E+00 -6.18121E-06
     308.578     16.198   2.850 -9.52435E-06  0.00000E+00 -9.52435E-06
     309.674     17.293   2.900  3.92181E-06  0.00000E+00  3.92181E-06
     310.788     18.407   2.950 -2.49599E-06  0.00000E+00 -2.49599E-06
     311.922     19.541   3.000  1.17921E-05  0.00000E+00  1.17921E-05
     313.074     20.693   3.050 -1.64707E-05  0.00000E+00 -1.64707E-05
     314.246     21.865   3.100  1.86434E-06  0.00000E+00  1.86434E-06
     315.436     23.056   3.150 -1.39887E-05  0.00000E+00 -1.39887E-05
     316.646     24.265   3.200 -2.10045E-05  0.00000E+00 -2.10045E-05
     317.875     25.494   3.250  1.25312E-05  0.00000E+00  1.25312E-05
     319.123     26.742   3.300 -2.30596E-06  0.00000E+00 -2.30596E-06
     320.389     28.009   3.350 -1.80405E-05  0.00000E+00 -1.80405E-05
     321.675     29.294   3.400  1.13673E-05  0.00000E+00  1.13673E-05
     322.980     30.599   3.450  3.17384E-05  0.00000E+00  3.17384E-05
     324.304     31.923   3.500  1.32137E-05  0.00000E+00  1.32137E-05
     325.647     33.266   3.550  9.58488E-06  0.00000E+00  9.58488E-06
     327.009     34.628   3.600  3.40918E-05  0.00000E+00  3.40918E-05
     328.390     36.010   3.650  2.06078E-05  0.00000E+00  2.06078E-05
     329.791     37.410   3.700  2.29493E-05  0.00000E+00  2.29493E-05
     331.210     38.829   3.750  2.55123E-06  0.00000E+00  2.55123E-06
     332.648     40.267   3.800  2.37457E-06  0.00000E+00  2.37457E-06
     334.105     41.725   3.850  8.42163E-06  0.00000E+00  8.42163E-06
     335.582     43.201   3.900 -1.09295E-05  0.00000E+00 -1.09295E-05
     337.077     44.696   3.950 -3.30860E-05  0.00000E+00 -3.30860E-05
     338.592     46.211   4.000 -4.43481E-05  0.00000E+00 -4.43481E-05
     340.125     47.744   4.050 -3.13793E-05  0.00000E+00 -3.13793E-05
     341.678     49.297   4.100 -5.68493E-06  0.00000E+00 -5.68493E-06
     343.249     50.868   4.150  2.04396E-05  0.00000E+00  2.04396E-05
     344.840     52.459   4.200  4.26819E-05  0.00000E+00  4.26819E-05
     346.450     54.069   4.250  6.17592E-05  0.00000E+00  6.17592E-05
     348.078     55.698   4.300  4.52202E-05  0.00000E+00  4.52202E-05
     349.726     57.345   4.350  4.95020E-05  0.00000E+00  4.95020E-05
     351.393     59.012   4.400  7.12714E-05  0.00000E+00  7.12714E-05
     353.079     60.698   4.450  6.72791E-05  0.00000E+00  6.72791E-05
     354.784     62.403   4.500  2.61248E-05  0.00000E+00  2.61248E-05
