# # graphite                                                     FEFF 9.5.1  
# # POT  SCF 100  4.5000   0, screened core-hole, AFOLP (folp(0)= 1.150)
# # Abs   Z= 6 Rmt= 0.815 Rnm= 1.012 K  shell
# # Pot 1 Z= 6 Rmt= 0.815 Rnm= 1.012
# # Pot 2 Z= 6 Rmt= 0.815 Rnm= 1.012
# # Gam_ch=8.676E-02 H-L exch Vi= 4.000E-01 Vr= 1.000E+00
# # Mu=-1.375E+01 kf=2.759E+00 Vint=-2.304E+01 Rs_int= 1.314
# FMS rfms= 6.0000
# # PATH  Rmax= 2.000,  Keep_limit= 0.00, Heap_limit 0.00  Pwcrit= 2.50%
#  S02=1.000  Temp=   0.00  Debye_temp=   0.00  Global_sig2= 0.00000
#  Energy zero shift, vr, vi    0.00000E+00   0.00000E+00
#  Curved wave amplitude ratio filter   4.000%
#     file         sig2 tot  cw amp ratio   deg  nlegs   reff  inp sig2
#     0/   0 paths used
#  xsedge+ 50, used to normalize mu           1.0000E+00
#  -----------------------------------------------------------------------
#  omega    e    k    mu    mu0     chi     @#
     273.822    -18.559  -1.000 -1.05075E-12  0.00000E+00 -1.05075E-12
     274.546    -17.835  -0.900 -2.20656E-12  0.00000E+00 -2.20656E-12
     275.193    -17.187  -0.800 -4.30422E-12  0.00000E+00 -4.30422E-12
     275.765    -16.616  -0.700 -8.40376E-12  0.00000E+00 -8.40376E-12
     276.260    -16.121  -0.600 -1.72024E-11  0.00000E+00 -1.72024E-11
     276.679    -15.701  -0.500 -3.76828E-11  0.00000E+00 -3.76828E-11
     277.022    -15.359  -0.400 -8.36626E-11  0.00000E+00 -8.36626E-11
     277.289    -15.092  -0.300 -1.47196E-10  0.00000E+00 -1.47196E-10
     277.479    -14.901  -0.200 -1.15945E-10  0.00000E+00 -1.15945E-10
     277.594    -14.787  -0.100 -3.52358E-11  0.00000E+00 -3.52358E-11
     277.632    -14.749   0.000 -1.29138E-10  0.00000E+00 -1.29138E-10
     277.682    -14.699   0.115 -2.36284E-10  0.00000E+00 -2.36284E-10
     277.718    -14.663   0.150 -2.33289E-10  0.00000E+00 -2.33289E-10
     277.784    -14.597   0.200  6.11721E-11  0.00000E+00  6.11721E-11
     277.870    -14.511   0.250  3.63091E-10  0.00000E+00  3.63091E-10
     277.975    -14.406   0.300  1.79513E-10  0.00000E+00  1.79513E-10
     278.099    -14.282   0.350  5.42156E-11  0.00000E+00  5.42156E-11
     278.241    -14.139   0.400 -1.53325E-11  0.00000E+00 -1.53325E-11
     278.403    -13.977   0.450 -1.94175E-10  0.00000E+00 -1.94175E-10
     278.584    -13.796   0.500 -3.91588E-10  0.00000E+00 -3.91588E-10
     278.784    -13.596   0.550 -2.47643E-10  0.00000E+00 -2.47643E-10
     279.003    -13.377   0.600  2.20389E-10  0.00000E+00  2.20389E-10
     279.242    -13.139   0.650  7.05240E-10  0.00000E+00  7.05240E-10
     279.499    -12.882   0.700  4.10635E-10  0.00000E+00  4.10635E-10
     279.775    -12.606   0.750 -1.19532E-09  0.00000E+00 -1.19532E-09
     280.070    -12.311   0.800 -5.85547E-10  0.00000E+00 -5.85547E-10
     280.385    -11.996   0.850  1.87992E-10  0.00000E+00  1.87992E-10
     280.718    -11.663   0.900 -4.91622E-10  0.00000E+00 -4.91622E-10
     281.070    -11.310   0.950  6.86316E-10  0.00000E+00  6.86316E-10
     281.442    -10.939   1.000 -8.58526E-10  0.00000E+00 -8.58526E-10
     281.832    -10.548   1.050  3.01146E-10  0.00000E+00  3.01146E-10
     282.242    -10.139   1.100 -1.31116E-10  0.00000E+00 -1.31116E-10
     282.671     -9.710   1.150 -2.17809E-09  0.00000E+00 -2.17809E-09
     283.118     -9.263   1.200  2.15295E-09  0.00000E+00  2.15295E-09
     283.585     -8.796   1.250 -7.19311E-10  0.00000E+00 -7.19311E-10
     284.071     -8.310   1.300  1.33614E-09  0.00000E+00  1.33614E-09
     284.576     -7.805   1.350 -2.25303E-10  0.00000E+00 -2.25303E-10
     285.099     -7.281   1.400  6.94043E-10  0.00000E+00  6.94043E-10
     285.642     -6.738   1.450  9.89324E-10  0.00000E+00  9.89324E-10
     286.204     -6.177   1.500 -3.96108E-10  0.00000E+00 -3.96108E-10
     286.785     -5.596   1.550  1.81222E-09  0.00000E+00  1.81222E-09
     287.385     -4.995   1.600 -3.33404E-09  0.00000E+00 -3.33404E-09
     288.005     -4.376   1.650  2.63195E-09  0.00000E+00  2.63195E-09
     288.643     -3.738   1.700 -3.17921E-10  0.00000E+00 -3.17921E-10
     289.300     -3.081   1.750 -2.29258E-09  0.00000E+00 -2.29258E-09
     289.976     -2.405   1.800  3.23593E-09  0.00000E+00  3.23593E-09
     290.672     -1.709   1.850 -2.25166E-09  0.00000E+00 -2.25166E-09
     291.386     -0.995   1.900  1.85766E-09  0.00000E+00  1.85766E-09
     292.119     -0.262   1.950  3.73236E-10  0.00000E+00  3.73236E-10
     292.872      0.491   2.000 -2.63587E-09  0.00000E+00 -2.63587E-09
     293.643      1.262   2.050 -2.27177E-09  0.00000E+00 -2.27177E-09
     294.434      2.053   2.100  1.33090E-09  0.00000E+00  1.33090E-09
     295.244      2.863   2.150 -2.28691E-09  0.00000E+00 -2.28691E-09
     296.072      3.691   2.200  3.33165E-09  0.00000E+00  3.33165E-09
     296.920      4.539   2.250  2.07305E-09  0.00000E+00  2.07305E-09
     297.787      5.406   2.300 -6.91470E-09  0.00000E+00 -6.91470E-09
     298.673      6.292   2.350  9.90854E-09  0.00000E+00  9.90854E-09
     299.577      7.197   2.400  5.28862E-09  0.00000E+00  5.28862E-09
     300.501      8.120   2.450 -6.84952E-09  0.00000E+00 -6.84952E-09
     301.444      9.063   2.500  3.60259E-09  0.00000E+00  3.60259E-09
     302.406     10.025   2.550  8.73115E-10  0.00000E+00  8.73115E-10
     303.387     11.007   2.600 -2.61129E-09  0.00000E+00 -2.61129E-09
     304.387     12.007   2.650  3.24886E-09  0.00000E+00  3.24886E-09
     305.407     13.026   2.700 -2.56740E-09  0.00000E+00 -2.56740E-09
     306.445     14.064   2.750  5.97230E-10  0.00000E+00  5.97230E-10
     307.502     15.121   2.800  3.10181E-09  0.00000E+00  3.10181E-09
     308.578     16.198   2.850 -1.69618E-09  0.00000E+00 -1.69618E-09
     309.674     17.293   2.900 -1.06775E-09  0.00000E+00 -1.06775E-09
     310.788     18.407   2.950  4.78463E-10  0.00000E+00  4.78463E-10
     311.922     19.541   3.000  3.05096E-11  0.00000E+00  3.05096E-11
     313.074     20.693   3.050  3.32695E-11  0.00000E+00  3.32695E-11
     314.246     21.865   3.100  8.98975E-10  0.00000E+00  8.98975E-10
     315.436     23.056   3.150  6.21276E-10  0.00000E+00  6.21276E-10
     316.646     24.265   3.200 -7.15476E-10  0.00000E+00 -7.15476E-10
     317.875     25.494   3.250  7.76652E-10  0.00000E+00  7.76652E-10
     319.123     26.742   3.300  1.33723E-09  0.00000E+00  1.33723E-09
     320.389     28.009   3.350  1.99048E-09  0.00000E+00  1.99048E-09
     321.675     29.294   3.400 -1.27384E-10  0.00000E+00 -1.27384E-10
     322.980     30.599   3.450 -2.29445E-09  0.00000E+00 -2.29445E-09
     324.304     31.923   3.500 -5.29443E-10  0.00000E+00 -5.29443E-10
     325.647     33.266   3.550  1.15423E-09  0.00000E+00  1.15423E-09
     327.009     34.628   3.600  1.36901E-09  0.00000E+00  1.36901E-09
     328.390     36.010   3.650  1.04247E-09  0.00000E+00  1.04247E-09
     329.791     37.410   3.700  2.51047E-09  0.00000E+00  2.51047E-09
     331.210     38.829   3.750  2.41729E-09  0.00000E+00  2.41729E-09
     332.648     40.267   3.800  9.61745E-10  0.00000E+00  9.61745E-10
     334.105     41.725   3.850 -6.70814E-10  0.00000E+00 -6.70814E-10
     335.582     43.201   3.900  2.73893E-09  0.00000E+00  2.73893E-09
     337.077     44.696   3.950  2.38566E-09  0.00000E+00  2.38566E-09
     338.592     46.211   4.000  3.02264E-10  0.00000E+00  3.02264E-10
     340.125     47.744   4.050 -2.04497E-09  0.00000E+00 -2.04497E-09
     341.678     49.297   4.100 -3.40089E-09  0.00000E+00 -3.40089E-09
     343.249     50.868   4.150 -3.10895E-09  0.00000E+00 -3.10895E-09
     344.840     52.459   4.200 -1.21189E-09  0.00000E+00 -1.21189E-09
     346.450     54.069   4.250  2.45913E-09  0.00000E+00  2.45913E-09
     348.078     55.698   4.300  5.15908E-09  0.00000E+00  5.15908E-09
     349.726     57.345   4.350 -1.35642E-09  0.00000E+00 -1.35642E-09
     351.393     59.012   4.400 -7.50026E-09  0.00000E+00 -7.50026E-09
     353.079     60.698   4.450 -1.00563E-08  0.00000E+00 -1.00563E-08
     354.784     62.403   4.500 -7.78719E-09  0.00000E+00 -7.78719E-09
