# Cr2GeC
#  POT  SCF  30  4.0000   0, NO core-hole, AFOLP (folp(0)= 1.150)
    1 190 191  Unique potential, I_mt, I_norman.    Following data in atomic units.
  iph            1
   i      r         vcoul        rho     ovrlp vcoul  ovrlp vtot  ovrlp rho
    1  1.5073E-04 -3.9791E+04  1.2623E+02 -3.9791E+04 -3.9798E+04  3.4759E+02
    2  1.5846E-04 -3.7850E+04  1.2620E+02 -3.7850E+04 -3.7859E+04  9.3739E+02
    3  1.6659E-04 -3.6003E+04  1.2618E+02 -3.6003E+04 -3.6009E+04  2.1432E+02
    4  1.7513E-04 -3.4246E+04  1.2615E+02 -3.4246E+04 -3.4256E+04  7.5208E+02
    5  1.8411E-04 -3.2575E+04  1.2613E+02 -3.2576E+04 -3.2581E+04  1.3506E+02
    6  1.9355E-04 -3.0986E+04  1.2610E+02 -3.0986E+04 -3.0995E+04  6.1712E+02
    7  2.0347E-04 -2.9474E+04  1.2608E+02 -2.9474E+04 -2.9479E+04  8.8117E+01
    8  2.1390E-04 -2.8036E+04  1.2605E+02 -2.8036E+04 -2.8044E+04  5.1705E+02
    9  2.2487E-04 -2.6668E+04  1.2602E+02 -2.6668E+04 -2.6672E+04  6.2712E+01
   10  2.3640E-04 -2.5367E+04  1.2599E+02 -2.5367E+04 -2.5374E+04  4.4100E+02
   11  2.4852E-04 -2.4129E+04  1.2596E+02 -2.4129E+04 -2.4133E+04  4.9487E+01
   12  2.6126E-04 -2.2951E+04  1.2593E+02 -2.2951E+04 -2.2959E+04  3.8244E+02
   13  2.7465E-04 -2.1831E+04  1.2590E+02 -2.1831E+04 -2.1835E+04  4.5087E+01
   14  2.8874E-04 -2.0766E+04  1.2586E+02 -2.0766E+04 -2.0773E+04  3.3645E+02
   15  3.0354E-04 -1.9752E+04  1.2583E+02 -1.9752E+04 -1.9756E+04  4.5072E+01
   16  3.1910E-04 -1.8788E+04  1.2579E+02 -1.8788E+04 -1.8795E+04  3.0010E+02
   17  3.3546E-04 -1.7871E+04  1.2576E+02 -1.7871E+04 -1.7875E+04  4.8666E+01
   18  3.5266E-04 -1.6999E+04  1.2572E+02 -1.6999E+04 -1.7006E+04  2.7087E+02
   19  3.7074E-04 -1.6169E+04  1.2568E+02 -1.6169E+04 -1.6173E+04  5.3457E+01
   20  3.8975E-04 -1.5380E+04  1.2564E+02 -1.5380E+04 -1.5386E+04  2.4732E+02
   21  4.0973E-04 -1.4629E+04  1.2559E+02 -1.4629E+04 -1.4633E+04  5.9595E+01
   22  4.3074E-04 -1.3915E+04  1.2555E+02 -1.3915E+04 -1.3921E+04  2.2804E+02
   23  4.5283E-04 -1.3236E+04  1.2551E+02 -1.3236E+04 -1.3240E+04  6.5613E+01
   24  4.7604E-04 -1.2589E+04  1.2546E+02 -1.2589E+04 -1.2595E+04  2.1227E+02
   25  5.0045E-04 -1.1975E+04  1.2541E+02 -1.1975E+04 -1.1979E+04  7.1981E+01
   26  5.2611E-04 -1.1390E+04  1.2536E+02 -1.1390E+04 -1.1396E+04  1.9916E+02
   27  5.5308E-04 -1.0834E+04  1.2531E+02 -1.0834E+04 -1.0838E+04  7.7729E+01
   28  5.8144E-04 -1.0305E+04  1.2525E+02 -1.0305E+04 -1.0311E+04  1.8830E+02
   29  6.1125E-04 -9.8013E+03  1.2520E+02 -9.8015E+03 -9.8059E+03  8.3406E+01
   30  6.4259E-04 -9.3226E+03  1.2514E+02 -9.3227E+03 -9.3284E+03  1.7914E+02
   31  6.7554E-04 -8.8672E+03  1.2508E+02 -8.8673E+03 -8.8719E+03  8.8330E+01
   32  7.1017E-04 -8.4341E+03  1.2501E+02 -8.4342E+03 -8.4398E+03  1.7147E+02
   33  7.4659E-04 -8.0220E+03  1.2494E+02 -8.0221E+03 -8.0267E+03  9.3031E+01
   34  7.8486E-04 -7.6301E+03  1.2488E+02 -7.6302E+03 -7.6357E+03  1.6493E+02
   35  8.2510E-04 -7.2572E+03  1.2480E+02 -7.2573E+03 -7.2620E+03  9.7007E+01
   36  8.6741E-04 -6.9026E+03  1.2473E+02 -6.9027E+03 -6.9082E+03  1.5939E+02
   37  9.1188E-04 -6.5652E+03  1.2465E+02 -6.5653E+03 -6.5701E+03  1.0073E+02
   38  9.5863E-04 -6.2443E+03  1.2457E+02 -6.2444E+03 -6.2499E+03  1.5461E+02
   39  1.0078E-03 -5.9391E+03  1.2448E+02 -5.9392E+03 -5.9440E+03  1.0382E+02
   40  1.0595E-03 -5.6487E+03  1.2439E+02 -5.6488E+03 -5.6542E+03  1.5054E+02
   41  1.1138E-03 -5.3725E+03  1.2430E+02 -5.3726E+03 -5.3774E+03  1.0667E+02
   42  1.1709E-03 -5.1098E+03  1.2420E+02 -5.1099E+03 -5.1152E+03  1.4698E+02
   43  1.2309E-03 -4.8599E+03  1.2410E+02 -4.8600E+03 -4.8648E+03  1.0899E+02
   44  1.2940E-03 -4.6221E+03  1.2400E+02 -4.6223E+03 -4.6276E+03  1.4391E+02
   45  1.3604E-03 -4.3960E+03  1.2389E+02 -4.3961E+03 -4.4010E+03  1.1111E+02
   46  1.4301E-03 -4.1809E+03  1.2377E+02 -4.1810E+03 -4.1863E+03  1.4121E+02
   47  1.5034E-03 -3.9763E+03  1.2365E+02 -3.9764E+03 -3.9813E+03  1.1280E+02
   48  1.5805E-03 -3.7817E+03  1.2352E+02 -3.7818E+03 -3.7870E+03  1.3885E+02
   49  1.6616E-03 -3.5965E+03  1.2339E+02 -3.5966E+03 -3.6015E+03  1.1432E+02
   50  1.7467E-03 -3.4204E+03  1.2325E+02 -3.4205E+03 -3.4257E+03  1.3674E+02
   51  1.8363E-03 -3.2529E+03  1.2311E+02 -3.2530E+03 -3.2579E+03  1.1549E+02
   52  1.9305E-03 -3.0935E+03  1.2296E+02 -3.0936E+03 -3.0988E+03  1.3488E+02
   53  2.0294E-03 -2.9419E+03  1.2280E+02 -2.9420E+03 -2.9470E+03  1.1654E+02
   54  2.1335E-03 -2.7977E+03  1.2264E+02 -2.7979E+03 -2.8030E+03  1.3319E+02
   55  2.2429E-03 -2.6606E+03  1.2246E+02 -2.6607E+03 -2.6657E+03  1.1729E+02
   56  2.3579E-03 -2.5301E+03  1.2228E+02 -2.5302E+03 -2.5354E+03  1.3167E+02
   57  2.4788E-03 -2.4060E+03  1.2209E+02 -2.4061E+03 -2.4111E+03  1.1793E+02
   58  2.6058E-03 -2.2880E+03  1.2190E+02 -2.2881E+03 -2.2932E+03  1.3025E+02
   59  2.7394E-03 -2.1757E+03  1.2169E+02 -2.1758E+03 -2.1807E+03  1.1834E+02
   60  2.8799E-03 -2.0688E+03  1.2147E+02 -2.0690E+03 -2.0741E+03  1.2896E+02
   61  3.0276E-03 -1.9672E+03  1.2125E+02 -1.9673E+03 -1.9723E+03  1.1866E+02
   62  3.1828E-03 -1.8706E+03  1.2101E+02 -1.8707E+03 -1.8758E+03  1.2773E+02
   63  3.3460E-03 -1.7786E+03  1.2076E+02 -1.7788E+03 -1.7837E+03  1.1878E+02
   64  3.5175E-03 -1.6912E+03  1.2050E+02 -1.6913E+03 -1.6964E+03  1.2656E+02
   65  3.6979E-03 -1.6080E+03  1.2023E+02 -1.6081E+03 -1.6131E+03  1.1881E+02
   66  3.8875E-03 -1.5289E+03  1.1995E+02 -1.5290E+03 -1.5340E+03  1.2543E+02
   67  4.0868E-03 -1.4536E+03  1.1965E+02 -1.4537E+03 -1.4587E+03  1.1868E+02
   68  4.2963E-03 -1.3820E+03  1.1934E+02 -1.3821E+03 -1.3872E+03  1.2432E+02
   69  4.5166E-03 -1.3139E+03  1.1901E+02 -1.3140E+03 -1.3190E+03  1.1846E+02
   70  4.7482E-03 -1.2491E+03  1.1867E+02 -1.2492E+03 -1.2542E+03  1.2322E+02
   71  4.9916E-03 -1.1875E+03  1.1831E+02 -1.1876E+03 -1.1925E+03  1.1809E+02
   72  5.2475E-03 -1.1288E+03  1.1794E+02 -1.1290E+03 -1.1340E+03  1.2212E+02
   73  5.5166E-03 -1.0731E+03  1.1755E+02 -1.0732E+03 -1.0781E+03  1.1763E+02
   74  5.7994E-03 -1.0200E+03  1.1714E+02 -1.0201E+03 -1.0252E+03  1.2098E+02
   75  6.0967E-03 -9.6958E+02  1.1671E+02 -9.6969E+02 -9.7464E+02  1.1703E+02
   76  6.4093E-03 -9.2159E+02  1.1626E+02 -9.2169E+02 -9.2668E+02  1.1982E+02
   77  6.7379E-03 -8.7593E+02  1.1580E+02 -8.7604E+02 -8.8098E+02  1.1634E+02
   78  7.0834E-03 -8.3250E+02  1.1531E+02 -8.3261E+02 -8.3758E+02  1.1861E+02
   79  7.4466E-03 -7.9119E+02  1.1479E+02 -7.9130E+02 -7.9623E+02  1.1550E+02
   80  7.8284E-03 -7.5190E+02  1.1426E+02 -7.5200E+02 -7.5696E+02  1.1735E+02
   81  8.2297E-03 -7.1452E+02  1.1370E+02 -7.1463E+02 -7.1955E+02  1.1457E+02
   82  8.6517E-03 -6.7897E+02  1.1312E+02 -6.7907E+02 -6.8401E+02  1.1601E+02
   83  9.0953E-03 -6.4514E+02  1.1251E+02 -6.4525E+02 -6.5015E+02  1.1349E+02
   84  9.5616E-03 -6.1297E+02  1.1187E+02 -6.1308E+02 -6.1800E+02  1.1459E+02
   85  1.0052E-02 -5.8237E+02  1.1120E+02 -5.8248E+02 -5.8737E+02  1.1230E+02
   86  1.0567E-02 -5.5326E+02  1.1051E+02 -5.5337E+02 -5.5827E+02  1.1308E+02
   87  1.1109E-02 -5.2557E+02  1.0979E+02 -5.2568E+02 -5.3055E+02  1.1096E+02
   88  1.1679E-02 -4.9924E+02  1.0903E+02 -4.9934E+02 -5.0422E+02  1.1146E+02
   89  1.2277E-02 -4.7418E+02  1.0824E+02 -4.7429E+02 -4.7914E+02  1.0948E+02
   90  1.2907E-02 -4.5035E+02  1.0742E+02 -4.5046E+02 -4.5531E+02  1.0972E+02
   91  1.3569E-02 -4.2768E+02  1.0656E+02 -4.2779E+02 -4.3261E+02  1.0785E+02
   92  1.4264E-02 -4.0612E+02  1.0567E+02 -4.0623E+02 -4.1105E+02  1.0786E+02
   93  1.4996E-02 -3.8561E+02  1.0474E+02 -3.8572E+02 -3.9052E+02  1.0607E+02
   94  1.5764E-02 -3.6610E+02  1.0377E+02 -3.6621E+02 -3.7101E+02  1.0586E+02
   95  1.6573E-02 -3.4755E+02  1.0276E+02 -3.4765E+02 -3.5242E+02  1.0411E+02
   96  1.7422E-02 -3.2990E+02  1.0171E+02 -3.3000E+02 -3.3477E+02  1.0371E+02
   97  1.8316E-02 -3.1311E+02  1.0062E+02 -3.1321E+02 -3.1795E+02  1.0199E+02
   98  1.9255E-02 -2.9714E+02  9.9493E+01 -2.9725E+02 -3.0197E+02  1.0139E+02
   99  2.0242E-02 -2.8195E+02  9.8317E+01 -2.8206E+02 -2.8676E+02  9.9683E+01
  100  2.1280E-02 -2.6750E+02  9.7097E+01 -2.6761E+02 -2.7230E+02  9.8913E+01
  101  2.2371E-02 -2.5376E+02  9.5832E+01 -2.5387E+02 -2.5853E+02  9.7196E+01
  102  2.3518E-02 -2.4069E+02  9.4520E+01 -2.4080E+02 -2.4545E+02  9.6253E+01
  103  2.4724E-02 -2.2826E+02  9.3162E+01 -2.2837E+02 -2.3299E+02  9.4508E+01
  104  2.5991E-02 -2.1644E+02  9.1755E+01 -2.1655E+02 -2.2115E+02  9.3408E+01
  105  2.7324E-02 -2.0520E+02  9.0300E+01 -2.0530E+02 -2.0988E+02  9.1628E+01
  106  2.8725E-02 -1.9450E+02  8.8797E+01 -1.9461E+02 -1.9917E+02  9.0371E+01
  107  3.0197E-02 -1.8433E+02  8.7244E+01 -1.8444E+02 -1.8897E+02  8.8540E+01
  108  3.1746E-02 -1.7466E+02  8.5643E+01 -1.7477E+02 -1.7927E+02  8.7140E+01
  109  3.3373E-02 -1.6547E+02  8.3991E+01 -1.6557E+02 -1.7004E+02  8.5253E+01
  110  3.5084E-02 -1.5672E+02  8.2291E+01 -1.5683E+02 -1.6127E+02  8.3711E+01
  111  3.6883E-02 -1.4840E+02  8.0542E+01 -1.4851E+02 -1.5292E+02  8.1760E+01
  112  3.8774E-02 -1.4050E+02  7.8744E+01 -1.4061E+02 -1.4499E+02  8.0087E+01
  113  4.0762E-02 -1.3298E+02  7.6899E+01 -1.3309E+02 -1.3743E+02  7.8071E+01
  114  4.2852E-02 -1.2583E+02  7.5007E+01 -1.2594E+02 -1.3025E+02  7.6271E+01
  115  4.5049E-02 -1.1904E+02  7.3070E+01 -1.1915E+02 -1.2342E+02  7.4187E+01
  116  4.7359E-02 -1.1258E+02  7.1089E+01 -1.1269E+02 -1.1693E+02  7.2274E+01
  117  4.9787E-02 -1.0644E+02  6.9066E+01 -1.0655E+02 -1.1075E+02  7.0126E+01
  118  5.2340E-02 -1.0061E+02  6.7002E+01 -1.0072E+02 -1.0488E+02  6.8108E+01
  119  5.5023E-02 -9.5063E+01  6.4902E+01 -9.5177E+01 -9.9288E+01  6.5899E+01
  120  5.7844E-02 -8.9796E+01  6.2766E+01 -8.9911E+01 -9.3978E+01  6.3792E+01
  121  6.0810E-02 -8.4792E+01  6.0599E+01 -8.4908E+01 -8.8928E+01  6.1532E+01
  122  6.3928E-02 -8.0039E+01  5.8403E+01 -8.0155E+01 -8.4129E+01  5.9347E+01
  123  6.7206E-02 -7.5525E+01  5.6183E+01 -7.5642E+01 -7.9565E+01  5.7046E+01
  124  7.0651E-02 -7.1239E+01  5.3942E+01 -7.1357E+01 -7.5229E+01  5.4804E+01
  125  7.4274E-02 -6.7170E+01  5.1685E+01 -6.7290E+01 -7.1108E+01  5.2477E+01
  126  7.8082E-02 -6.3308E+01  4.9416E+01 -6.3429E+01 -6.7193E+01  5.0196E+01
  127  8.2085E-02 -5.9644E+01  4.7141E+01 -5.9767E+01 -6.3472E+01  4.7860E+01
  128  8.6294E-02 -5.6169E+01  4.4865E+01 -5.6292E+01 -5.9940E+01  4.5564E+01
  129  9.0718E-02 -5.2873E+01  4.2594E+01 -5.2998E+01 -5.6584E+01  4.3239E+01
  130  9.5369E-02 -4.9748E+01  4.0333E+01 -4.9875E+01 -5.3399E+01  4.0951E+01
  131  1.0026E-01 -4.6788E+01  3.8088E+01 -4.6916E+01 -5.0375E+01  3.8659E+01
  132  1.0540E-01 -4.3983E+01  3.5866E+01 -4.4113E+01 -4.7505E+01  3.6407E+01
  133  1.1080E-01 -4.1327E+01  3.3673E+01 -4.1460E+01 -4.4783E+01  3.4173E+01
  134  1.1648E-01 -3.8814E+01  3.1516E+01 -3.8948E+01 -4.2201E+01  3.1981E+01
  135  1.2246E-01 -3.6436E+01  2.9400E+01 -3.6572E+01 -3.9753E+01  2.9829E+01
  136  1.2873E-01 -3.4188E+01  2.7332E+01 -3.4326E+01 -3.7433E+01  2.7726E+01
  137  1.3534E-01 -3.2063E+01  2.5319E+01 -3.2204E+01 -3.5234E+01  2.5681E+01
  138  1.4227E-01 -3.0056E+01  2.3366E+01 -3.0199E+01 -3.3152E+01  2.3692E+01
  139  1.4957E-01 -2.8162E+01  2.1479E+01 -2.8307E+01 -3.1181E+01  2.1779E+01
  140  1.5724E-01 -2.6374E+01  1.9663E+01 -2.6522E+01 -2.9315E+01  1.9927E+01
  141  1.6530E-01 -2.4689E+01  1.7923E+01 -2.4840E+01 -2.7550E+01  1.8166E+01
  142  1.7377E-01 -2.3101E+01  1.6264E+01 -2.3254E+01 -2.5881E+01  1.6473E+01
  143  1.8268E-01 -2.1605E+01  1.4690E+01 -2.1761E+01 -2.4304E+01  1.4881E+01
  144  1.9205E-01 -2.0197E+01  1.3203E+01 -2.0356E+01 -2.2813E+01  1.3362E+01
  145  2.0190E-01 -1.8873E+01  1.1806E+01 -1.9035E+01 -2.1405E+01  1.1953E+01
  146  2.1225E-01 -1.7628E+01  1.0501E+01 -1.7793E+01 -2.0075E+01  1.0619E+01
  147  2.2313E-01 -1.6459E+01  9.2893E+00 -1.6626E+01 -1.8821E+01  9.3985E+00
  148  2.3457E-01 -1.5360E+01  8.1706E+00 -1.5531E+01 -1.7637E+01  8.2543E+00
  149  2.4660E-01 -1.4329E+01  7.1444E+00 -1.4503E+01 -1.6521E+01  7.2234E+00
  150  2.5924E-01 -1.3362E+01  6.2096E+00 -1.3538E+01 -1.5467E+01  6.2668E+00
  151  2.7253E-01 -1.2454E+01  5.3638E+00 -1.2633E+01 -1.4475E+01  5.4199E+00
  152  2.8650E-01 -1.1603E+01  4.6044E+00 -1.1785E+01 -1.3539E+01  4.6423E+00
  153  3.0119E-01 -1.0805E+01  3.9278E+00 -1.0990E+01 -1.2659E+01  3.9675E+00
  154  3.1664E-01 -1.0057E+01  3.3299E+00 -1.0245E+01 -1.1827E+01  3.3551E+00
  155  3.3287E-01 -9.3556E+00  2.8061E+00 -9.5462E+00 -1.1047E+01  2.8358E+00
  156  3.4994E-01 -8.6979E+00  2.3513E+00 -8.8912E+00 -1.0309E+01  2.3697E+00
  157  3.6788E-01 -8.0811E+00  1.9604E+00 -8.2771E+00 -9.6186E+00  1.9851E+00
  158  3.8674E-01 -7.5025E+00  1.6275E+00 -7.7012E+00 -8.9657E+00  1.6440E+00
  159  4.0657E-01 -6.9596E+00  1.3472E+00 -7.1608E+00 -8.3558E+00  1.3714E+00
  160  4.2741E-01 -6.4500E+00  1.1136E+00 -6.6538E+00 -7.7793E+00  1.1318E+00
  161  4.4933E-01 -5.9715E+00  9.2125E-01 -6.1779E+00 -7.2430E+00  9.4786E-01
  162  4.7237E-01 -5.5220E+00  7.6465E-01 -5.7310E+00 -6.7365E+00  7.8714E-01
  163  4.9659E-01 -5.0997E+00  6.3867E-01 -5.3113E+00 -6.2679E+00  6.6985E-01
  164  5.2205E-01 -4.7028E+00  5.3852E-01 -4.9171E+00 -5.8257E+00  5.6679E-01
  165  5.4881E-01 -4.3298E+00  4.5976E-01 -4.5469E+00 -5.4191E+00  4.9633E-01
  166  5.7695E-01 -3.9792E+00  3.9842E-01 -4.1994E+00 -5.0358E+00  4.3311E-01
  167  6.0653E-01 -3.6497E+00  3.5096E-01 -3.8732E+00 -4.6853E+00  3.9326E-01
  168  6.3763E-01 -3.3403E+00  3.1430E-01 -3.5674E+00 -4.3545E+00  3.5513E-01
  169  6.7032E-01 -3.0500E+00  2.8583E-01 -3.2809E+00 -4.0529E+00  3.3322E-01
  170  7.0469E-01 -2.7777E+00  2.6336E-01 -3.0130E+00 -3.7678E+00  3.0964E-01
  171  7.4082E-01 -2.5227E+00  2.4513E-01 -2.7628E+00 -3.5080E+00  2.9684E-01
  172  7.7880E-01 -2.2842E+00  2.2975E-01 -2.5299E+00 -3.2622E+00  2.8028E-01
  173  8.1873E-01 -2.0617E+00  2.1614E-01 -2.3135E+00 -3.0382E+00  2.7085E-01
  174  8.6071E-01 -1.8545E+00  2.0353E-01 -2.1133E+00 -2.8265E+00  2.5707E-01
  175  9.0484E-01 -1.6620E+00  1.9139E-01 -1.9286E+00 -2.6341E+00  2.4793E-01
  176  9.5123E-01 -1.4837E+00  1.7937E-01 -1.7592E+00 -2.4529E+00  2.3451E-01
  177  1.0000E+00 -1.3190E+00  1.6730E-01 -1.6046E+00 -2.2889E+00  2.2432E-01
  178  1.0513E+00 -1.1675E+00  1.5511E-01 -1.4643E+00 -2.1358E+00  2.1068E-01
  179  1.1052E+00 -1.0287E+00  1.4283E-01 -1.3381E+00 -1.9984E+00  1.9934E-01
  180  1.1618E+00 -9.0192E-01  1.3054E-01 -1.2254E+00 -1.8714E+00  1.8540E-01
  181  1.2214E+00 -7.8676E-01  1.1836E-01 -1.1259E+00 -1.7589E+00  1.7336E-01
  182  1.2840E+00 -6.8262E-01  1.0643E-01 -1.0392E+00 -1.6564E+00  1.5977E-01
  183  1.3499E+00 -5.8893E-01  9.4880E-02 -9.6478E-01 -1.5641E+00  1.4772E-01
  184  1.4191E+00 -5.0511E-01  8.3836E-02 -9.0224E-01 -1.4794E+00  1.3494E-01
  185  1.4918E+00 -4.3054E-01  7.3409E-02 -8.5107E-01 -1.4053E+00  1.2356E-01
  186  1.5683E+00 -3.6462E-01  6.3689E-02 -8.1082E-01 -1.3405E+00  1.1221E-01
  187  1.6487E+00 -3.0670E-01  5.4738E-02 -7.8099E-01 -1.2838E+00  1.0207E-01
  188  1.7333E+00 -2.5617E-01  4.6598E-02 -7.6110E-01 -1.2341E+00  9.2444E-02
  189  1.8221E+00 -2.1238E-01  3.9285E-02 -7.5070E-01 -1.1891E+00  8.3944E-02
  190  1.9155E+00 -1.7473E-01  3.2795E-02 -7.4935E-01 -1.1580E+00  7.6381E-02
  191  2.0138E+00 -1.4260E-01  2.7102E-02 -7.5664E-01 -1.1433E+00  6.9865E-02
  192  2.1170E+00 -1.1540E-01  2.2170E-02 -7.7227E-01 -9.5874E-01  6.4844E-02
  193  2.2255E+00 -9.2567E-02  1.7947E-02 -7.9607E-01 -9.5874E-01  6.1375E-02
  194  2.3396E+00 -7.3575E-02  1.4374E-02 -8.2792E-01 -9.5874E-01  5.9534E-02
  195  2.4596E+00 -5.7920E-02  1.1387E-02 -8.6939E-01 -9.5874E-01  5.9519E-02
  196  2.5857E+00 -4.5139E-02  8.9209E-03  0.0000E+00 -9.5874E-01  0.0000E+00
  197  2.7183E+00 -3.4810E-02  6.9088E-03  0.0000E+00 -9.5874E-01  0.0000E+00
  198  2.8577E+00 -2.6550E-02  5.2876E-03  0.0000E+00 -9.5874E-01  0.0000E+00
  199  3.0042E+00 -2.0017E-02  3.9977E-03  0.0000E+00 -9.5874E-01  0.0000E+00
  200  3.1582E+00 -1.4909E-02  2.9845E-03  0.0000E+00 -9.5874E-01  0.0000E+00
  201  3.3201E+00 -1.0964E-02  2.1991E-03  0.0000E+00 -9.5874E-01  0.0000E+00
  202  3.4903E+00 -7.9557E-03  1.5984E-03  0.0000E+00 -9.5874E-01  0.0000E+00
  203  3.6693E+00 -5.6919E-03  1.1454E-03  0.0000E+00 -9.5874E-01  0.0000E+00
  204  3.8574E+00 -4.0122E-03  8.0867E-04  0.0000E+00 -9.5874E-01  0.0000E+00
  205  4.0552E+00 -2.7844E-03  5.6213E-04  0.0000E+00 -9.5874E-01  0.0000E+00
  206  4.2631E+00 -1.9007E-03  3.8442E-04  0.0000E+00 -9.5874E-01  0.0000E+00
  207  4.4817E+00 -1.2752E-03  2.5841E-04  0.0000E+00 -9.5874E-01  0.0000E+00
  208  4.7115E+00 -8.3996E-04  1.7060E-04  0.0000E+00 -9.5874E-01  0.0000E+00
  209  4.9530E+00 -5.4271E-04  1.1050E-04  0.0000E+00 -9.5874E-01  0.0000E+00
  210  5.2070E+00 -3.4358E-04  7.0145E-05  0.0000E+00 -9.5874E-01  0.0000E+00
  211  5.4739E+00 -2.1289E-04  4.3594E-05  0.0000E+00 -9.5874E-01  0.0000E+00
  212  5.7546E+00 -1.2896E-04  2.6491E-05  0.0000E+00 -9.5874E-01  0.0000E+00
  213  6.0496E+00 -7.6276E-05  1.5721E-05  0.0000E+00 -9.5874E-01  0.0000E+00
  214  6.3598E+00 -4.4000E-05  9.0989E-06  0.0000E+00 -9.5874E-01  0.0000E+00
  215  6.6859E+00 -2.4724E-05  5.1286E-06  0.0000E+00 -9.5874E-01  0.0000E+00
  216  7.0287E+00 -1.3519E-05  2.8110E-06  0.0000E+00 -9.5874E-01  0.0000E+00
  217  7.3891E+00 -7.1878E-06  1.4959E-06  0.0000E+00 -9.5874E-01  0.0000E+00
  218  7.7679E+00 -3.7163E-06  7.7164E-07  0.0000E+00 -9.5874E-01  0.0000E+00
  219  8.1662E+00 -1.8715E-06  3.8516E-07  0.0000E+00 -9.5874E-01  0.0000E+00
  220  8.5849E+00 -9.2286E-07  1.8570E-07  0.0000E+00 -9.5874E-01  0.0000E+00
  221  9.0250E+00 -4.5123E-07  8.6320E-08  0.0000E+00 -9.5874E-01  0.0000E+00
  222  9.4877E+00 -2.2455E-07  3.8608E-08  0.0000E+00 -9.5874E-01  0.0000E+00
  223  9.9742E+00 -1.1900E-07  1.6582E-08  0.0000E+00 -9.5874E-01  0.0000E+00
  224  1.0486E+01 -7.1033E-08  6.8238E-09  0.0000E+00 -9.5874E-01  0.0000E+00
  225  1.1023E+01 -4.9336E-08  2.6847E-09  0.0000E+00 -9.5874E-01  0.0000E+00
  226  1.1588E+01 -3.9143E-08  1.0074E-09  0.0000E+00 -9.5874E-01  0.0000E+00
  227  1.2182E+01 -3.3796E-08  3.5967E-10  0.0000E+00 -9.5874E-01  0.0000E+00
  228  1.2807E+01 -3.0432E-08  1.2186E-10  0.0000E+00 -9.5874E-01  0.0000E+00
  229  1.3464E+01 -2.7880E-08  3.9076E-11  0.0000E+00 -9.5874E-01  0.0000E+00
  230  1.4154E+01 -2.5683E-08  1.1825E-11  0.0000E+00 -9.5874E-01  0.0000E+00
  231  1.4880E+01 -2.3670E-08  3.3675E-12  0.0000E+00 -9.5874E-01  0.0000E+00
  232  1.5643E+01 -2.1779E-08  8.9958E-13  0.0000E+00 -9.5874E-01  0.0000E+00
  233  1.6445E+01 -1.9988E-08  2.2471E-13  0.0000E+00 -9.5874E-01  0.0000E+00
  234  1.7288E+01 -1.8286E-08  5.2311E-14  0.0000E+00 -9.5874E-01  0.0000E+00
  235  1.8174E+01 -1.6668E-08  1.1310E-14  0.0000E+00 -9.5874E-01  0.0000E+00
  236  1.9106E+01 -1.5129E-08  2.2626E-15  0.0000E+00 -9.5874E-01  0.0000E+00
  237  2.0086E+01 -1.3664E-08  4.1733E-16  0.0000E+00 -9.5874E-01  0.0000E+00
  238  2.1115E+01 -1.2272E-08  7.0690E-17  0.0000E+00 -9.5874E-01  0.0000E+00
  239  2.2198E+01 -1.0947E-08  1.0953E-17  0.0000E+00 -9.5874E-01  0.0000E+00
  240  2.3336E+01 -9.6867E-09  1.5464E-18  0.0000E+00 -9.5874E-01  0.0000E+00
  241  2.4533E+01 -8.4880E-09  1.9808E-19  0.0000E+00 -9.5874E-01  0.0000E+00
  242  2.5790E+01 -7.3477E-09  2.2920E-20  0.0000E+00 -9.5874E-01  0.0000E+00
  243  2.7113E+01 -6.2630E-09  2.3888E-21  0.0000E+00 -9.5874E-01  0.0000E+00
  244  2.8503E+01 -5.2313E-09  2.2319E-22  0.0000E+00 -9.5874E-01  0.0000E+00
  245  2.9964E+01 -4.2498E-09  1.8414E-23  0.0000E+00 -9.5874E-01  0.0000E+00
  246  3.1500E+01 -3.3162E-09  1.3699E-24  0.0000E+00 -9.5874E-01  0.0000E+00
  247  3.3115E+01 -2.4282E-09  7.8394E-26  0.0000E+00 -9.5874E-01  0.0000E+00
  248  3.4813E+01 -1.5835E-09  3.7292E-27  0.0000E+00 -9.5874E-01  0.0000E+00
  249  3.6598E+01 -7.7993E-10  1.5264E-28  0.0000E+00 -9.5874E-01  0.0000E+00
