Pathfinder: finding scattering paths...
Preparing plane wave scattering amplitudes
Searching for paths
    Rmax  8.0000  keep and heap limits   0.0000000   0.0000000
    Preparing neighbor table
    nfound  heapsize  maxheap  maxscatt   reff
          1000      1894      1894     5     5.2497
          2000      3038      3038     5     5.9914
          3000      4038      4038     5     5.9914
          4000      5038      5038     5     6.1134
          5000      6038      6038     5     6.2903
          6000      7038      7038     5     6.3307
          7000      8038      8038     5     6.3307
          8000      9038      9038     5     6.3307
          9000     10038     10038     5     6.3307
         10000     11038     11038     5     6.5159
         11000     12038     12038     5     6.5159
         12000     13038     13038     5     6.5159
         13000     14038     14038     5     6.6296
         14000     14918     14918     5     6.8551
         15000     15106     15577     5     6.8551
         16000     15787     15943     5     6.8551
         17000     15806     16407     5     6.8551
         18000     16556     16556     5     6.8551
         19000     17009     17016     5     6.8551
         20000     17079     17079     5     6.8551
         21000     17020     17273     5     6.8551
         22000     17034     17273     5     6.8551
         23000     17174     17273     5     6.8551
         24000     17238     17453     5     6.9183
         25000     17811     18113     5     6.9183
         26000     18334     18469     5     6.9183
         27000     18778     18778     5     6.9183
         28000     19398     19405     5     6.9183
         29000     19886     19886     5     7.0403
         30000     20535     20535     5     7.1483
         31000     20806     20973     5     7.1540
         32000     21397     21397     5     7.1624
         33000     21869     22041     5     7.2575
         34000     22263     22603     5     7.2576
         35000     22621     22621     5     7.2576
         36000     23616     23616     5     7.2576
         37000     24481     24483     5     7.2576
         38000     23747     24488     5     7.2576
         39000     24367     24488     5     7.2576
         40000     25322     25322     5     7.2576
         41000     26266     26266     5     7.2576
         42000     24375     26287     5     7.2576
         43000     24375     26287     5     7.2576
         44000     25141     26287     5     7.2576
         45000     26137     26287     5     7.2576
         46000     27132     27132     5     7.2576
         47000     28113     28113     5     7.2576
         48000     29048     29048     5     7.2576
         49000     29467     29571     5     7.2576
         50000     26998     29571     5     7.2576
         51000     26487     29571     5     7.2576
         52000     26616     29571     5     7.2576
         53000     27274     29571     5     7.2576
         54000     26645     29571     5     7.2576
         55000     27627     29571     5     7.2576
         56000     28556     29571     5     7.2576
         57000     27478     29571     5     7.2576
         58000     28440     29571     5     7.2576
         59000     29425     29571     5     7.2576
         60000     26789     29889     5     7.3796
         61000     27020     29889     5     7.3796
         62000     27253     29889     5     7.3796
         63000     26876     29889     5     7.3796
         64000     27285     29889     5     7.3796
         65000     26692     29889     5     7.3796
         66000     26800     29889     5     7.4242
         67000     27404     29889     5     7.4427
         68000     27866     29889     5     7.4427
         69000     28229     29889     5     7.4428
         70000     29109     29889     5     7.5564
         71000     29683     29889     5     7.5564
         72000     29812     30062     5     7.5565
         73000     30704     30704     5     7.5565
         74000     30735     30832     5     7.5565
         75000     30956     31118     6     7.5968
         76000     30675     31118     6     7.5968
         77000     30643     31118     6     7.5968
         78000     30459     31118     6     7.5968
         79000     31139     31139     6     7.5968
         80000     30786     31194     6     7.5968
         81000     30579     31194     6     7.5968
         82000     30146     31194     6     7.5968
         83000     29929     31194     6     7.5968
         84000     29654     31194     6     7.5968
         85000     29405     31194     6     7.5968
         86000     29240     31194     6     7.5968
         87000     29107     31194     6     7.5968
         88000     28961     31194     6     7.5968
         89000     28822     31194     6     7.5968
         90000     27679     31194     6     7.5968
         91000     27219     31194     6     7.5968
         92000     26601     31194     6     7.5968
         93000     26361     31194     6     7.5968
         94000     26209     31194     6     7.5968
         95000     26077     31194     6     7.5968
         96000     25950     31194     6     7.5968
         97000     25805     31194     6     7.5968
         98000     25580     31194     6     7.5968
         99000     25378     31194     6     7.5968
        100000     25169     31194     6     7.5968
        101000     24980     31194     6     7.5968
        102000     24857     31194     6     7.5968
        103000     24703     31194     6     7.5968
        104000     23883     31194     6     7.5968
        105000     23470     31194     6     7.5968
        106000     22923     31194     6     7.5968
        107000     22542     31194     6     7.5968
        108000     22185     31194     6     7.5968
        109000     21832     31194     6     7.5968
        110000     21486     31194     6     7.5968
        111000     21206     31194     6     7.5968
        112000     20957     31194     6     7.5968
        113000     20688     31194     6     7.5968
        114000     20412     31194     6     7.5968
        115000     20199     31194     6     7.5968
        116000     19983     31194     6     7.5968
        117000     19784     31194     6     7.5968
        118000     19570     31194     6     7.5968
        119000     19383     31194     6     7.5968
        120000     19174     31194     6     7.5968
        121000     18981     31194     6     7.5968
        122000     18794     31194     6     7.5968
        123000     18575     31194     6     7.5968
        124000     18381     31194     6     7.5968
        125000     18170     31194     6     7.5968
        126000     18069     31194     6     7.5968
        127000     17933     31194     6     7.5968
        128000     18014     31194     6     7.6727
        129000     18009     31194     6     7.6785
        130000     18259     31194     6     7.7820
        131000     18225     31194     6     7.7820
        132000     18009     31194     6     7.7820
        133000     17931     31194     6     7.7820
        134000     17650     31194     6     7.7820
        135000     17597     31194     6     7.7820
        136000     17442     31194     6     7.7820
        137000     17374     31194     6     7.7820
        138000     17081     31194     6     7.7820
        139000     16910     31194     6     7.7820
        140000     16723     31194     6     7.7820
        141000     16566     31194     6     7.7820
        142000     16362     31194     6     7.7820
        143000     16193     31194     6     7.7820
        144000     16270     31194     6     7.7820
        145000     15751     31194     6     7.7820
        146000     15591     31194     6     7.7820
        147000     15466     31194     6     7.7820
        148000     15320     31194     6     7.7820
        149000     15175     31194     6     7.7820
        150000     14380     31194     6     7.7820
        151000     14230     31194     6     7.7820
        152000     13797     31194     6     7.7820
        153000     13557     31194     6     7.7820
        154000     13231     31194     6     7.7820
        155000     13065     31194     6     7.7820
        156000     12934     31194     6     7.7820
        157000     12676     31194     6     7.7820
        158000     12496     31194     6     7.7820
        159000     12344     31194     6     7.7820
        160000     12050     31194     6     7.7820
        161000     11744     31194     6     7.7820
        162000     11096     31194     6     7.7820
        163000     10678     31194     6     7.7820
        164000     10457     31194     6     7.7820
        165000     10372     31194     6     7.7820
        166000     10291     31194     6     7.7820
        167000      9856     31194     6     7.7820
        168000      9548     31194     6     7.7820
        169000      9364     31194     6     7.7820
        170000      9055     31194     6     7.7820
        171000      8715     31194     6     7.7820
        172000      8402     31194     6     7.7820
        173000      8013     31194     6     7.7820
        174000      7710     31194     6     7.7820
        175000      7552     31194     6     7.7820
        176000      6929     31194     6     7.8267
        177000      6933     31194     6     7.8452
        178000      6890     31194     6     7.8452
        179000      6412     31194     6     7.8452
        180000      5988     31194     6     7.8452
        181000      5817     31194     6     7.8957
        182000      5620     31194     6     7.8957
        183000      5372     31194     6     7.8957
        184000      4999     31194     6     7.8957
        185000      4482     31194     6     7.8957
        186000      4171     31194     6     7.8957
        187000      4021     31194     6     7.8957
        188000      3756     31194     6     7.8957
        189000      3499     31194     6     7.8957
        190000      3247     31194     6     7.8957
        191000      3013     31194     6     7.8957
        192000      2704     31194     6     7.8957
        193000      2269     31194     6     7.8957
        194000      1928     31194     6     7.8957
        195000      1979     31194     6     7.9040
        196000      1456     31194     6     7.9040
        197000       992     31194     6     7.9040
        198000       494     31194     6     7.9040
        199000       267     31194     6     7.9672
    Paths found   199940   (maxheap, maxscatt   31194   6)
Eliminating path degeneracies
    Unique paths     52,  total paths    2630
Done with module: pathfinder.

