#HD#   0.2184187210   0.2198504000
     0.0025066      0.6632731      0.0000093     -0.0042181      0.0042181      0.0000093      0.0000094      0.4987598
   740.7432288      1.0000000      0.0129510     -0.0039384      0.0135366      0.0130332      0.0130473      0.0000000
  1481.4839509      1.0000000      0.0289108     -0.0035935      0.0291333      0.0293163      0.0293479      0.0000000
  2222.2246731      1.0000000      0.0415661     -0.0033200      0.0416985      0.0423974      0.0424432      0.0000000
  2962.9653953      1.0000000      0.0374347     -0.0034093      0.0375896      0.0381026      0.0381437      0.0000000
  3703.7061174      1.0000000      0.0281527     -0.0036099      0.0283832      0.0285281      0.0285589      0.0000000
  4444.4468396      1.0000000      0.0208360     -0.0037680      0.0211739      0.0210419      0.0210646      0.0000000
  5185.1875618      1.0000000      0.0158389     -0.0038760      0.0163062      0.0159587      0.0159759      0.0000000
  5925.9282840      1.0000000      0.0124270     -0.0039497      0.0130396      0.0125014      0.0125149      0.0000000
  7037.0393672      1.0000000      0.0076585     -0.0040528      0.0086648      0.0076851      0.0076934      0.0000000
  7777.7800894      1.0000000      0.0050988     -0.0041081      0.0065478      0.0051106      0.0051161      0.0000000
  8518.5208116      1.0000000      0.0030094     -0.0041533      0.0051289      0.0030136      0.0030168      0.0000000
  9259.2615337      1.0000000      0.0013670     -0.0041888      0.0044062      0.0013679      0.0013694      0.0000000
 10000.0022559      1.0000000      0.0005619     -0.0042062      0.0042435      0.0005622      0.0005628      0.0000000
 10740.7429781      1.0000000      0.0003479     -0.0042108      0.0042251      0.0003481      0.0003484      0.0000000
 11481.4837003      1.0000000      0.0003220     -0.0042114      0.0042236      0.0003221      0.0003224      0.0000000
 12222.2244224      1.0000000      0.0003575     -0.0042106      0.0042257      0.0003576      0.0003580      0.0000000
 12962.9651446      1.0000000      0.0004248     -0.0042091      0.0042305      0.0004250      0.0004255      0.0000000
 14074.0762279      1.0000000      0.0005704     -0.0042060      0.0042445      0.0005707      0.0005713      0.0000000
 14814.8169500      1.0000000      0.0011767     -0.0041929      0.0043549      0.0011776      0.0011789      0.0000000
 15555.5576722      1.0000000      0.0014738     -0.0041865      0.0044383      0.0014751      0.0014767      0.0000000
 16296.2983944      1.0000000      0.0016099     -0.0041835      0.0044826      0.0016115      0.0016132      0.0000000
 17037.0391166      1.0000000      0.0033988     -0.0041449      0.0053602      0.0034051      0.0034088      0.0000000
 17777.7798387      1.0000000      0.0052828     -0.0041041      0.0066897      0.0052973      0.0053030      0.0000000
 18518.5205609      1.0000000      0.0083091     -0.0040387      0.0092387      0.0083440      0.0083530      0.0000000
 19259.2612831      1.0000000      0.0098148     -0.0040062      0.0106009      0.0098628      0.0098734      0.0000000
 20370.3723664      1.0000000      0.0137669     -0.0039208      0.0143143      0.0138643      0.0138793      0.0000000
 21111.1130885      1.0000000      0.0149480     -0.0038953      0.0154472      0.0150581      0.0150744      0.0000000
 21851.8538107      1.0000000      0.0139869     -0.0039160      0.0145248      0.0140802      0.0140954      0.0000000
 22592.5945329      1.0000000      0.0117047     -0.0039653      0.0123581      0.0117685      0.0117812      0.0000000
 23333.3352550      1.0000000      0.0093926     -0.0040153      0.0102149      0.0094337      0.0094439      0.0000000
 24074.0759772      1.0000000      0.0074610     -0.0040571      0.0084927      0.0074872      0.0074953      0.0000000
 24814.8166994      1.0000000      0.0062446     -0.0040834      0.0074612      0.0062636      0.0062704      0.0000000
 25555.5574216      1.0000000      0.0051311     -0.0041074      0.0065726      0.0051440      0.0051496      0.0000000
 26296.2981437      1.0000000      0.0038794     -0.0041345      0.0056696      0.0038868      0.0038910      0.0000000
 27407.4092270      1.0000000      0.0021347     -0.0041722      0.0046866      0.0021372      0.0021396      0.0000000
 28148.1499492      1.0000000      0.0062399     -0.0040835      0.0074572      0.0062599      0.0062667      0.0000000
 28888.8906713      1.0000000      0.0084592     -0.0040355      0.0093725      0.0084952      0.0085044      0.0000000
 29629.6313935      1.0000000      0.0100082     -0.0040020      0.0107787      0.0100580      0.0100689      0.0000000
 30370.3721157      1.0000000      0.0112898     -0.0039743      0.0119690      0.0113527      0.0113650      0.0000000
 31111.1128379      1.0000000      0.0139696     -0.0039164      0.0145082      0.0140653      0.0140805      0.0000000
 31851.8535600      1.0000000      0.0157432     -0.0038781      0.0162138      0.0158640      0.0158812      0.0000000
 32592.5942822      1.0000000      0.0178720     -0.0038321      0.0182782      0.0180271      0.0180466      0.0000000
 33703.7053655      1.0000000      0.0220219     -0.0037424      0.0223376      0.0222631      0.0222872      0.0000000
 34444.4460876      1.0000000      0.0247788     -0.0036828      0.0250510      0.0250815      0.0251086      0.0000000
 35185.1868098      1.0000000      0.0278321     -0.0036168      0.0280661      0.0282134      0.0282439      0.0000000
 35925.9275320      1.0000000      0.0332583     -0.0034995      0.0334419      0.0338096      0.0338461      0.0000000
 36666.6682542      1.0000000      0.0387997     -0.0033798      0.0389467      0.0395424      0.0395851      0.0000000
 37407.4089763      1.0000000      0.0521514     -0.0030912      0.0522429      0.0535349      0.0535927      0.0000000
 38148.1496985      1.0000000      0.0608910     -0.0029023      0.0609601      0.0627052      0.0627729      0.0000000
 38888.8904207      1.0000000      0.0806891     -0.0024744      0.0807270      0.0839835      0.0840743      0.0000000
 39629.6311429      1.0000000      0.1219185     -0.0015834      0.1219287      0.1295874      0.1297274      0.0000000
 40740.7422261      1.0000000      0.1731536     -0.0004761      0.1731543      0.1874435      0.1876460      0.0000000
 41481.4829483      1.0000000      0.1944922     -0.0000149      0.1944922      0.2124409      0.2126704      0.0000000
 42222.2236705      1.0000000      0.1971655      0.0000429      0.1971655      0.2155383      0.2157712      0.0000000
 42962.9643926      1.0000000      0.1722946     -0.0004946      0.1722953      0.1862468      0.1864480      0.0000000
 43703.7051148      1.0000000      0.1461485     -0.0010597      0.1461523      0.1561597      0.1563284      0.0000000
 44444.4458370      1.0000000      0.1259829     -0.0014955      0.1259918      0.1334218      0.1335660      0.0000000
 45185.1865592      1.0000000      0.1123046     -0.0017911      0.1123189      0.1182245      0.1183522      0.0000000
 45925.9272813      1.0000000      0.1046683     -0.0019562      0.1046865      0.1098216      0.1099402      0.0000000
 47037.0383646      1.0000000      0.0986842     -0.0020855      0.0987063      0.1032338      0.1033454      0.0000000
 47777.7790868      1.0000000      0.0913022     -0.0022451      0.0913298      0.0951548      0.0952576      0.0000000
 48518.5198089      1.0000000      0.0808432     -0.0024711      0.0808810      0.0838284      0.0839190      0.0000000
 49259.2605311      1.0000000      0.0685385     -0.0027370      0.0685931      0.0706586      0.0707350      0.0000000
 50000.0012533      1.0000000      0.0572607     -0.0029808      0.0573383      0.0587379      0.0588013      0.0000000
 50740.7419755      1.0000000      0.0499367     -0.0031391      0.0500352      0.0510785      0.0511337      0.0000000
 51481.4826976      1.0000000      0.0470126     -0.0032023      0.0471215      0.0480474      0.0480993      0.0000000
 52222.2234198      1.0000000      0.0474551     -0.0031927      0.0475624      0.0485279      0.0485803      0.0000000
 52962.9641420      1.0000000      0.0504134     -0.0031288      0.0505104      0.0516381      0.0516939      0.0000000
 54074.0752252      1.0000000      0.0523417     -0.0030871      0.0524326      0.0536425      0.0537005      0.0000000
 54814.8159474      1.0000000      0.0489796     -0.0031597      0.0490814      0.0501160      0.0501701      0.0000000
 55555.5566696      1.0000000      0.0419786     -0.0033111      0.0421090      0.0428112      0.0428575      0.0000000
 56296.2973918      1.0000000      0.0337335     -0.0034893      0.0339134      0.0342704      0.0343074      0.0000000
 57037.0381139      1.0000000      0.0252016     -0.0036736      0.0254679      0.0255012      0.0255288      0.0000000
 57777.7788361      1.0000000      0.0205822     -0.0037735      0.0209252      0.0207832      0.0208057      0.0000000
 58518.5195583      1.0000000      0.0147026     -0.0039006      0.0152112      0.0148056      0.0148216      0.0000000
 59259.2602805      1.0000000      0.0102291     -0.0039972      0.0109823      0.0102794      0.0102905      0.0000000
 60370.3713637      1.0000000      0.0054831     -0.0040998      0.0068463      0.0054969      0.0055028      0.0000000
 61111.1120859      1.0000000      0.0038971     -0.0041341      0.0056814      0.0039043      0.0039086      0.0000000
 61851.8528081      1.0000000      0.0027903     -0.0041580      0.0050075      0.0027942      0.0027972      0.0000000
 62592.5935302      1.0000000      0.0020059     -0.0041750      0.0046319      0.0020081      0.0020103      0.0000000
 63333.3342524      1.0000000      0.0014539     -0.0041869      0.0044322      0.0014552      0.0014567      0.0000000
 64074.0749746      1.0000000      0.0010782     -0.0041950      0.0043314      0.0010789      0.0010801      0.0000000
 64814.8156968      1.0000000      0.0007675     -0.0042017      0.0042712      0.0007679      0.0007687      0.0000000
 65555.5564189      1.0000000      0.0005716     -0.0042060      0.0042446      0.0005719      0.0005725      0.0000000
 66296.2971411      1.0000000      0.0004056     -0.0042095      0.0042290      0.0004058      0.0004062      0.0000000
 67407.4082244      1.0000000      0.0002150     -0.0042137      0.0042191      0.0002150      0.0002153      0.0000000
 68148.1489465      1.0000000      0.0001118     -0.0042159      0.0042174      0.0001118      0.0001119      0.0000000
 68888.8896687      1.0000000      0.0000871     -0.0042164      0.0042173      0.0000871      0.0000872      0.0000000
 69629.6303909      1.0000000      0.0000822     -0.0042165      0.0042173      0.0000822      0.0000823      0.0000000
 70370.3711131      1.0000000      0.0000812     -0.0042166      0.0042173      0.0000812      0.0000813      0.0000000
 71111.1118352      1.0000000      0.0000827     -0.0042165      0.0042173      0.0000827      0.0000828      0.0000000
 71851.8525574      1.0000000      0.0001089     -0.0042160      0.0042174      0.0001089      0.0001091      0.0000000
 72592.5932796      1.0000000      0.0001738     -0.0042146      0.0042181      0.0001739      0.0001741      0.0000000
 73703.7043628      1.0000000      0.0002829     -0.0042122      0.0042217      0.0002830      0.0002833      0.0000000
 74444.4450850      1.0000000      0.0003748     -0.0042102      0.0042269      0.0003749      0.0003753      0.0000000
 75185.1858072      1.0000000      0.0004213     -0.0042092      0.0042302      0.0004214      0.0004219      0.0000000
 75925.9265294      1.0000000      0.0003999     -0.0042097      0.0042286      0.0004000      0.0004005      0.0000000
 76666.6672515      1.0000000      0.0004255     -0.0042091      0.0042306      0.0004257      0.0004262      0.0000000
 77407.4079737      1.0000000      0.0005051     -0.0042074      0.0042376      0.0005054      0.0005059      0.0000000
 78148.1486959      1.0000000      0.0004873     -0.0042078      0.0042359      0.0004876      0.0004881      0.0000000
 78888.8894181      1.0000000      0.0003983     -0.0042097      0.0042285      0.0003984      0.0003989      0.0000000
 79629.6301402      1.0000000      0.0003091     -0.0042116      0.0042230      0.0003092      0.0003096      0.0000000
 80740.7412235      1.0000000      0.0002664     -0.0042126      0.0042210      0.0002665      0.0002668      0.0000000
 81481.4819457      1.0000000      0.0001368     -0.0042154      0.0042176      0.0001368      0.0001370      0.0000000
 82222.2226678      1.0000000      0.0000657     -0.0042169      0.0042174      0.0000657      0.0000658      0.0000000
 82962.9633900      1.0000000      0.0000321     -0.0042176      0.0042177      0.0000321      0.0000322      0.0000000
 83703.7041122      1.0000000      0.0000160     -0.0042180      0.0042180      0.0000160      0.0000160      0.0000000
 84444.4448344      1.0000000      0.0000082     -0.0042181      0.0042181      0.0000082      0.0000082      0.0000000
 85185.1855565      1.0000000      0.0000045     -0.0042182      0.0042182      0.0000045      0.0000045      0.0000000
 85925.9262787      1.0000000      0.0000026     -0.0042183      0.0042183      0.0000026      0.0000026      0.0000000
 87037.0373620      1.0000000      0.0000015     -0.0042183      0.0042183      0.0000015      0.0000015      0.0000000
 87777.7780841      1.0000000      0.0000012     -0.0042183      0.0042183      0.0000012      0.0000012      0.0000000
 88518.5188063      1.0000000      0.0000011     -0.0042183      0.0042183      0.0000011      0.0000011      0.0000000
 89259.2595285      1.0000000      0.0000012     -0.0042183      0.0042183      0.0000012      0.0000012      0.0000000
 90000.0002507      1.0000000      0.0000015     -0.0042183      0.0042183      0.0000015      0.0000015      0.0000000
 90740.7409728      1.0000000      0.0000019     -0.0042183      0.0042183      0.0000019      0.0000019      0.0000000
 91481.4816950      1.0000000      0.0000018     -0.0042183      0.0042183      0.0000018      0.0000018      0.0000000
 92222.2224172      1.0000000      0.0000015     -0.0042183      0.0042183      0.0000015      0.0000015      0.0000000
 92962.9631394      1.0000000      0.0000010     -0.0042183      0.0042183      0.0000010      0.0000010      0.0000000
 94074.0742226      1.0000000      0.0000006     -0.0042183      0.0042183      0.0000006      0.0000006      0.0000000
 94814.8149448      1.0000000      0.0000005     -0.0042183      0.0042183      0.0000005      0.0000005      0.0000000
 95555.5556670      1.0000000      0.0000005     -0.0042183      0.0042183      0.0000005      0.0000005      0.0000000
 96296.2963891      1.0000000      0.0000005     -0.0042183      0.0042183      0.0000005      0.0000005      0.0000000
 97037.0371113      1.0000000      0.0000004     -0.0042183      0.0042183      0.0000004      0.0000004      0.0000000
 97777.7778335      1.0000000      0.0000004     -0.0042183      0.0042183      0.0000004      0.0000004      0.0000000
 98518.5185557      1.0000000      0.0000003     -0.0042183      0.0042183      0.0000003      0.0000003      0.0000000
 99259.2592778      1.0000000      0.0000003     -0.0042183      0.0042183      0.0000003      0.0000003      0.0000000
