natx =     1000
    x       y        z       iph  
      0.00000      0.00000      0.00000   0      0.00000
     -0.84870     -1.47000      2.01833   2      2.63721
     -0.84870     -1.47000     -2.01833   2      2.63721
     -0.84870      1.47000     -2.01833   2      2.63721
     -0.84870      1.47000      2.01833   2      2.63721
      1.69741      0.00000     -2.01833   2      2.63721
      1.69741      0.00000      2.01833   2      2.63721
     -2.54611      1.47000      0.00000   3      2.94000
      0.00000     -2.94000      0.00000   3      2.94000
      0.00000      2.94000      0.00000   3      2.94000
      2.54611     -1.47000      0.00000   3      2.94000
     -2.54611     -1.47000      0.00000   3      2.94000
      2.54611      1.47000      0.00000   3      2.94000
     -1.69741      0.00000      3.02750   1      3.47087
      0.84870     -1.47000      3.02750   1      3.47087
      0.84870     -1.47000     -3.02750   1      3.47087
      0.84870      1.47000      3.02750   1      3.47087
     -1.69741      0.00000     -3.02750   1      3.47087
      0.84870      1.47000     -3.02750   1      3.47087
      1.69741     -2.94000     -2.01833   2      3.94949
      1.69741     -2.94000      2.01833   2      3.94949
     -3.39482      0.00000     -2.01833   2      3.94949
     -3.39482      0.00000      2.01833   2      3.94949
      1.69741      2.94000     -2.01833   2      3.94949
      1.69741      2.94000      2.01833   2      3.94949
      0.00000      0.00000     -4.03667   2      4.03667
      0.00000      0.00000      4.03667   2      4.03667
     -1.69741     -2.94000     -3.02750   1      4.54869
     -1.69741     -2.94000      3.02750   1      4.54869
     -1.69741      2.94000     -3.02750   1      4.54869
     -1.69741      2.94000      3.02750   1      4.54869
      3.39482      0.00000     -3.02750   1      4.54869
      3.39482      0.00000      3.02750   1      4.54869
     -0.84870     -4.41000     -2.01833   2      4.92362
     -0.84870     -4.41000      2.01833   2      4.92362
      4.24352     -1.47000     -2.01833   2      4.92362
      4.24352     -1.47000      2.01833   2      4.92362
     -3.39482      2.94000     -2.01833   2      4.92362
     -3.39482      2.94000      2.01833   2      4.92362
     -0.84870      4.41000     -2.01833   2      4.92362
     -0.84870      4.41000      2.01833   2      4.92362
     -3.39482     -2.94000      2.01833   2      4.92362
     -3.39482     -2.94000     -2.01833   2      4.92362
      4.24352      1.47000     -2.01833   2      4.92362
      4.24352      1.47000      2.01833   2      4.92362
     -2.54611     -1.47000     -4.03667   2      4.99382
     -2.54611      1.47000     -4.03667   2      4.99382
      0.00000     -2.94000     -4.03667   2      4.99382
      0.00000      2.94000     -4.03667   2      4.99382
      2.54611     -1.47000     -4.03667   2      4.99382
      2.54611      1.47000     -4.03667   2      4.99382
     -2.54611      1.47000      4.03667   2      4.99382
      0.00000     -2.94000      4.03667   2      4.99382
      0.00000      2.94000      4.03667   2      4.99382
      2.54611     -1.47000      4.03667   2      4.99382
     -2.54611     -1.47000      4.03667   2      4.99382
      2.54611      1.47000      4.03667   2      4.99382
     -2.54611      4.41000      0.00000   3      5.09223
      2.54611     -4.41000      0.00000   3      5.09223
     -5.09223      0.00000      0.00000   3      5.09223
     -2.54611     -4.41000      0.00000   3      5.09223
      2.54611      4.41000      0.00000   3      5.09223
      5.09223      0.00000      0.00000   3      5.09223
      0.84870     -4.41000      3.02750   1      5.41610
     -4.24352     -1.47000      3.02750   1      5.41610
      3.39482     -2.94000      3.02750   1      5.41610
     -4.24352      1.47000      3.02750   1      5.41610
      0.84870     -4.41000     -3.02750   1      5.41610
      0.84870      4.41000     -3.02750   1      5.41610
      0.84870      4.41000      3.02750   1      5.41610
      3.39482     -2.94000     -3.02750   1      5.41610
     -4.24352      1.47000     -3.02750   1      5.41610
     -4.24352     -1.47000     -3.02750   1      5.41610
      3.39482      2.94000     -3.02750   1      5.41610
      3.39482      2.94000      3.02750   1      5.41610
     -5.09223      2.94000      0.00000   3      5.88000
      0.00000     -5.88000      0.00000   3      5.88000
      0.00000      5.88000      0.00000   3      5.88000
      5.09223     -2.94000      0.00000   3      5.88000
     -5.09223     -2.94000      0.00000   3      5.88000
      5.09223      2.94000      0.00000   3      5.88000
     -0.84870     -1.47000      6.05500   3      6.28842
     -0.84870      1.47000      6.05500   3      6.28842
      1.69741      0.00000      6.05500   3      6.28842
     -0.84870     -1.47000     -6.05500   3      6.28842
     -0.84870      1.47000     -6.05500   3      6.28842
      1.69741      0.00000     -6.05500   3      6.28842
      1.69741     -5.88000     -2.01833   2      6.44432
      1.69741     -5.88000      2.01833   2      6.44432
      4.24352     -4.41000     -2.01833   2      6.44432
      4.24352     -4.41000      2.01833   2      6.44432
      1.69741      5.88000     -2.01833   2      6.44432
      1.69741      5.88000      2.01833   2      6.44432
      4.24352      4.41000     -2.01833   2      6.44432
      4.24352      4.41000      2.01833   2      6.44432
     -2.54611      4.41000     -4.03667   2      6.49811
      2.54611     -4.41000     -4.03667   2      6.49811
     -2.54611     -4.41000     -4.03667   2      6.49811
     -2.54611     -4.41000      4.03667   2      6.49811
     -2.54611      4.41000      4.03667   2      6.49811
     -5.09223      0.00000     -4.03667   2      6.49811
      2.54611     -4.41000      4.03667   2      6.49811
      2.54611      4.41000     -4.03667   2      6.49811
      5.09223      0.00000     -4.03667   2      6.49811
     -5.09223      0.00000      4.03667   2      6.49811
      2.54611      4.41000      4.03667   2      6.49811
      5.09223      0.00000      4.03667   2      6.49811
     -1.69741      5.88000      3.02750   1      6.82798
     -4.24352      4.41000      3.02750   1      6.82798
     -1.69741      5.88000     -3.02750   1      6.82798
     -4.24352      4.41000     -3.02750   1      6.82798
      5.94093     -1.47000     -3.02750   1      6.82798
      5.94093     -1.47000      3.02750   1      6.82798
      5.94093      1.47000     -3.02750   1      6.82798
      5.94093      1.47000      3.02750   1      6.82798
     -3.39482      0.00000      6.05500   3      6.94175
      1.69741     -2.94000      6.05500   3      6.94175
      1.69741      2.94000      6.05500   3      6.94175
     -3.39482      0.00000     -6.05500   3      6.94175
      1.69741     -2.94000     -6.05500   3      6.94175
      1.69741      2.94000     -6.05500   3      6.94175
     -3.39482      5.88000     -2.01833   2      7.08328
     -3.39482      5.88000      2.01833   2      7.08328
      6.78964      0.00000     -2.01833   2      7.08328
      6.78964      0.00000      2.01833   2      7.08328
      0.00000     -5.88000     -4.03667   2      7.13226
      0.00000      5.88000     -4.03667   2      7.13226
     -5.09223      2.94000     -4.03667   2      7.13226
      5.09223     -2.94000     -4.03667   2      7.13226
     -5.09223      2.94000      4.03667   2      7.13226
     -5.09223     -2.94000     -4.03667   2      7.13226
      0.00000     -5.88000      4.03667   2      7.13226
      0.00000      5.88000      4.03667   2      7.13226
      5.09223     -2.94000      4.03667   2      7.13226
      5.09223      2.94000     -4.03667   2      7.13226
     -5.09223     -2.94000      4.03667   2      7.13226
      5.09223      2.94000      4.03667   2      7.13226
      3.39482     -5.88000      3.02750   1      7.43404
      3.39482     -5.88000     -3.02750   1      7.43404
      3.39482      5.88000     -3.02750   1      7.43404
      3.39482      5.88000      3.02750   1      7.43404
     -0.84870     -4.41000      6.05500   3      7.53866
     -0.84870      4.41000      6.05500   3      7.53866
     -3.39482     -2.94000      6.05500   3      7.53866
      4.24352     -1.47000      6.05500   3      7.53866
      4.24352      1.47000      6.05500   3      7.53866
     -3.39482      2.94000      6.05500   3      7.53866
     -0.84870     -4.41000     -6.05500   3      7.53866
     -3.39482      2.94000     -6.05500   3      7.53866
      4.24352     -1.47000     -6.05500   3      7.53866
     -0.84870      4.41000     -6.05500   3      7.53866
     -3.39482     -2.94000     -6.05500   3      7.53866
      4.24352      1.47000     -6.05500   3      7.53866
      6.78964     -2.94000     -2.01833   2      7.66919
      6.78964     -2.94000      2.01833   2      7.66919
     -0.84870      7.35000     -2.01833   2      7.66919
     -0.84870      7.35000      2.01833   2      7.66919
      6.78964      2.94000     -2.01833   2      7.66919
      6.78964      2.94000      2.01833   2      7.66919
     -5.09223      5.88000      0.00000   3      7.77851
     -2.54611      7.35000      0.00000   3      7.77851
      2.54611     -7.35000      0.00000   3      7.77851
      5.09223     -5.88000      0.00000   3      7.77851
      0.84870      7.35000     -3.02750   1      7.99428
      0.84870      7.35000      3.02750   1      7.99428
      5.94093     -4.41000     -3.02750   1      7.99428
      5.94093     -4.41000      3.02750   1      7.99428
      5.94093      4.41000     -3.02750   1      7.99428
      5.94093      4.41000      3.02750   1      7.99428
      0.00000      0.00000     -8.07333   2      8.07333
      0.00000      0.00000      8.07333   2      8.07333
     -2.54611     -1.47000     -8.07333   2      8.59199
     -2.54611      1.47000     -8.07333   2      8.59199
      0.00000     -2.94000     -8.07333   2      8.59199
      0.00000      2.94000     -8.07333   2      8.59199
      2.54611     -1.47000     -8.07333   2      8.59199
      2.54611      1.47000     -8.07333   2      8.59199
     -2.54611     -1.47000      8.07333   2      8.59199
     -2.54611      1.47000      8.07333   2      8.59199
      0.00000     -2.94000      8.07333   2      8.59199
      0.00000      2.94000      8.07333   2      8.59199
      2.54611     -1.47000      8.07333   2      8.59199
      2.54611      1.47000      8.07333   2      8.59199
      1.69741     -5.88000      6.05500   3      8.60922
      4.24352     -4.41000      6.05500   3      8.60922
      1.69741     -5.88000     -6.05500   3      8.60922
      1.69741      5.88000     -6.05500   3      8.60922
      1.69741      5.88000      6.05500   3      8.60922
      4.24352     -4.41000     -6.05500   3      8.60922
      4.24352      4.41000     -6.05500   3      8.60922
      4.24352      4.41000      6.05500   3      8.60922
      4.24352     -7.35000     -2.01833   2      8.72374
      4.24352     -7.35000      2.01833   2      8.72374
     -2.54611      7.35000     -4.03667   2      8.76355
      2.54611     -7.35000     -4.03667   2      8.76355
      5.09223     -5.88000     -4.03667   2      8.76355
     -5.09223      5.88000     -4.03667   2      8.76355
     -2.54611      7.35000      4.03667   2      8.76355
     -5.09223      5.88000      4.03667   2      8.76355
      2.54611     -7.35000      4.03667   2      8.76355
      5.09223     -5.88000      4.03667   2      8.76355
     -4.24352      7.35000     -3.02750   1      9.01087
     -4.24352      7.35000      3.02750   1      9.01087
     -3.39482      5.88000     -6.05500   3      9.09737
     -3.39482      5.88000      6.05500   3      9.09737
      6.78964      0.00000      6.05500   3      9.09737
      6.78964      0.00000     -6.05500   3      9.09737
      6.78964     -5.88000     -2.01833   2      9.20583
      6.78964     -5.88000      2.01833   2      9.20583
     -1.69741      0.00000     -9.08250   1      9.23975
     -1.69741      0.00000      9.08250   1      9.23975
      0.84870     -1.47000     -9.08250   1      9.23975
      0.84870     -1.47000      9.08250   1      9.23975
      0.84870      1.47000     -9.08250   1      9.23975
      0.84870      1.47000      9.08250   1      9.23975
     -1.69741      8.82000     -3.02750   1      9.47836
     -1.69741      8.82000      3.02750   1      9.47836
     -2.54611      4.41000     -8.07333   2      9.54513
      2.54611     -4.41000     -8.07333   2      9.54513
     -2.54611     -4.41000      8.07333   2      9.54513
     -2.54611     -4.41000     -8.07333   2      9.54513
     -2.54611      4.41000      8.07333   2      9.54513
      2.54611     -4.41000      8.07333   2      9.54513
     -5.09223      0.00000     -8.07333   2      9.54513
      2.54611      4.41000     -8.07333   2      9.54513
      2.54611      4.41000      8.07333   2      9.54513
     -5.09223      0.00000      8.07333   2      9.54513
      5.09223      0.00000     -8.07333   2      9.54513
      5.09223      0.00000      8.07333   2      9.54513
      6.78964     -2.94000      6.05500   3      9.56064
     -0.84870      7.35000      6.05500   3      9.56064
      6.78964     -2.94000     -6.05500   3      9.56064
     -0.84870      7.35000     -6.05500   3      9.56064
      6.78964      2.94000     -6.05500   3      9.56064
      6.78964      2.94000      6.05500   3      9.56064
     -3.39482      8.82000     -2.01833   2      9.66390
     -3.39482      8.82000      2.01833   2      9.66390
     -1.69741      2.94000     -9.08250   1      9.69622
     -1.69741      2.94000      9.08250   1      9.69622
     -1.69741     -2.94000      9.08250   1      9.69622
      3.39482      0.00000     -9.08250   1      9.69622
      3.39482      0.00000      9.08250   1      9.69622
     -1.69741     -2.94000     -9.08250   1      9.69622
      5.94093     -7.35000     -3.02750   1      9.92386
      5.94093     -7.35000      3.02750   1      9.92386
      0.00000     -5.88000     -8.07333   2      9.98765
      0.00000     -5.88000      8.07333   2      9.98765
      0.00000      5.88000     -8.07333   2      9.98765
      0.00000      5.88000      8.07333   2      9.98765
     -5.09223      2.94000      8.07333   2      9.98765
     -5.09223      2.94000     -8.07333   2      9.98765
     -5.09223     -2.94000     -8.07333   2      9.98765
      5.09223     -2.94000     -8.07333   2      9.98765
      5.09223     -2.94000      8.07333   2      9.98765
      5.09223      2.94000     -8.07333   2      9.98765
     -5.09223     -2.94000      8.07333   2      9.98765
      5.09223      2.94000      8.07333   2      9.98765
     -4.24352      1.47000      9.08250   1     10.13214
      0.84870     -4.41000     -9.08250   1     10.13214
      0.84870     -4.41000      9.08250   1     10.13214
     -4.24352     -1.47000     -9.08250   1     10.13214
      0.84870      4.41000     -9.08250   1     10.13214
     -4.24352      1.47000     -9.08250   1     10.13214
      0.84870      4.41000      9.08250   1     10.13214
      3.39482     -2.94000     -9.08250   1     10.13214
      3.39482     -2.94000      9.08250   1     10.13214
     -4.24352     -1.47000      9.08250   1     10.13214
      3.39482      2.94000     -9.08250   1     10.13214
      3.39482      2.94000      9.08250   1     10.13214
     -5.09223      8.82000      0.00000   3     10.18446
      5.09223     -8.82000      0.00000   3     10.18446
     -0.84870      1.47000    -10.09167   2     10.23342
     -0.84870      1.47000     10.09167   2     10.23342
     -0.84870     -1.47000     10.09167   2     10.23342
      1.69741      0.00000    -10.09167   2     10.23342
      1.69741      0.00000     10.09167   2     10.23342
     -0.84870     -1.47000    -10.09167   2     10.23342
      4.24352     -7.35000      6.05500   3     10.42559
      4.24352     -7.35000     -6.05500   3     10.42559
      1.69741     -2.94000    -10.09167   2     10.64737
     -3.39482      0.00000    -10.09167   2     10.64737
      1.69741     -2.94000     10.09167   2     10.64737
      1.69741      2.94000    -10.09167   2     10.64737
      1.69741      2.94000     10.09167   2     10.64737
     -3.39482      0.00000     10.09167   2     10.64737
      6.78964     -5.88000      6.05500   3     10.83220
      6.78964     -5.88000     -6.05500   3     10.83220
     -1.69741      5.88000     -9.08250   1     10.95205
     -1.69741      5.88000      9.08250   1     10.95205
     -4.24352      4.41000     -9.08250   1     10.95205
     -4.24352      4.41000      9.08250   1     10.95205
      5.94093     -1.47000     -9.08250   1     10.95205
      5.94093     -1.47000      9.08250   1     10.95205
      5.94093      1.47000     -9.08250   1     10.95205
      5.94093      1.47000      9.08250   1     10.95205
     -5.09223      8.82000     -4.03667   2     10.95527
      5.09223     -8.82000     -4.03667   2     10.95527
     -5.09223      8.82000      4.03667   2     10.95527
      5.09223     -8.82000      4.03667   2     10.95527
     -0.84870      4.41000    -10.09167   2     11.04582
     -3.39482      2.94000     10.09167   2     11.04582
     -0.84870      4.41000     10.09167   2     11.04582
     -0.84870     -4.41000     10.09167   2     11.04582
     -3.39482     -2.94000     10.09167   2     11.04582
     -0.84870     -4.41000    -10.09167   2     11.04582
     -3.39482      2.94000    -10.09167   2     11.04582
      4.24352     -1.47000    -10.09167   2     11.04582
      4.24352     -1.47000     10.09167   2     11.04582
      4.24352      1.47000    -10.09167   2     11.04582
      4.24352      1.47000     10.09167   2     11.04582
     -3.39482     -2.94000    -10.09167   2     11.04582
     -2.54611      7.35000     -8.07333   2     11.21088
      2.54611     -7.35000     -8.07333   2     11.21088
      5.09223     -5.88000     -8.07333   2     11.21088
     -5.09223      5.88000     -8.07333   2     11.21088
     -2.54611      7.35000      8.07333   2     11.21088
      2.54611     -7.35000      8.07333   2     11.21088
     -5.09223      5.88000      8.07333   2     11.21088
      5.09223     -5.88000      8.07333   2     11.21088
     -3.39482      8.82000      6.05500   3     11.22409
     -3.39482      8.82000     -6.05500   3     11.22409
      6.78964     -8.82000     -2.01833   2     11.31217
      6.78964     -8.82000      2.01833   2     11.31217
      3.39482     -5.88000     -9.08250   1     11.33980
      3.39482     -5.88000      9.08250   1     11.33980
      3.39482      5.88000     -9.08250   1     11.33980
      3.39482      5.88000      9.08250   1     11.33980
     -4.24352     10.29000     -3.02750   1     11.53505
     -4.24352     10.29000      3.02750   1     11.53505
      0.84870      7.35000     -9.08250   1     11.71472
      0.84870      7.35000      9.08250   1     11.71472
      5.94093     -4.41000     -9.08250   1     11.71472
      5.94093     -4.41000      9.08250   1     11.71472
      5.94093      4.41000     -9.08250   1     11.71472
      5.94093      4.41000      9.08250   1     11.71472
      1.69741     -5.88000    -10.09167   2     11.80243
      1.69741     -5.88000     10.09167   2     11.80243
      1.69741      5.88000    -10.09167   2     11.80243
      1.69741      5.88000     10.09167   2     11.80243
      4.24352     -4.41000    -10.09167   2     11.80243
      4.24352     -4.41000     10.09167   2     11.80243
      4.24352      4.41000    -10.09167   2     11.80243
      4.24352      4.41000     10.09167   2     11.80243
      0.00000      0.00000    -12.11000   3     12.11000
      0.00000      0.00000     12.11000   3     12.11000
     -3.39482      5.88000    -10.09167   2     12.16310
     -3.39482      5.88000     10.09167   2     12.16310
      6.78964      0.00000    -10.09167   2     12.16310
      6.78964      0.00000     10.09167   2     12.16310
     -4.24352      7.35000      9.08250   1     12.43068
     -4.24352      7.35000     -9.08250   1     12.43068
      0.00000     -2.94000    -12.11000   3     12.46177
      0.00000     -2.94000     12.11000   3     12.46177
      0.00000      2.94000    -12.11000   3     12.46177
      0.00000      2.94000     12.11000   3     12.46177
      2.54611     -1.47000    -12.11000   3     12.46177
      2.54611     -1.47000     12.11000   3     12.46177
      2.54611      1.47000    -12.11000   3     12.46177
     -2.54611      1.47000     12.11000   3     12.46177
      2.54611      1.47000     12.11000   3     12.46177
     -2.54611     -1.47000     12.11000   3     12.46177
     -2.54611      1.47000    -12.11000   3     12.46177
     -2.54611     -1.47000    -12.11000   3     12.46177
      6.78964     -2.94000    -10.09167   2     12.51337
      6.78964     -2.94000     10.09167   2     12.51337
     -0.84870      7.35000    -10.09167   2     12.51337
     -0.84870      7.35000     10.09167   2     12.51337
      6.78964      2.94000    -10.09167   2     12.51337
      6.78964      2.94000     10.09167   2     12.51337
      6.78964     -8.82000     -6.05500   3     12.67102
      6.78964     -8.82000      6.05500   3     12.67102
     -1.69741      8.82000      9.08250   1     12.77362
     -1.69741      8.82000     -9.08250   1     12.77362
     -5.09223      8.82000     -8.07333   2     12.99623
     -5.09223      8.82000      8.07333   2     12.99623
      5.09223     -8.82000     -8.07333   2     12.99623
      5.09223     -8.82000      8.07333   2     12.99623
      5.94093     -7.35000     -9.08250   1     13.10759
      5.94093     -7.35000      9.08250   1     13.10759
     -2.54611     -4.41000     12.11000   3     13.13708
     -2.54611     -4.41000    -12.11000   3     13.13708
     -5.09223      0.00000     12.11000   3     13.13708
      2.54611     -4.41000    -12.11000   3     13.13708
      2.54611     -4.41000     12.11000   3     13.13708
     -5.09223      0.00000    -12.11000   3     13.13708
      2.54611      4.41000    -12.11000   3     13.13708
      2.54611      4.41000     12.11000   3     13.13708
     -2.54611      4.41000     12.11000   3     13.13708
      5.09223      0.00000    -12.11000   3     13.13708
      5.09223      0.00000     12.11000   3     13.13708
     -2.54611      4.41000    -12.11000   3     13.13708
      4.24352     -7.35000    -10.09167   2     13.18604
      4.24352     -7.35000     10.09167   2     13.18604
      0.00000     -5.88000    -12.11000   3     13.46204
      0.00000     -5.88000     12.11000   3     13.46204
     -5.09223     -2.94000    -12.11000   3     13.46204
      0.00000      5.88000    -12.11000   3     13.46204
      0.00000      5.88000     12.11000   3     13.46204
     -5.09223      2.94000     12.11000   3     13.46204
     -5.09223      2.94000    -12.11000   3     13.46204
     -5.09223     -2.94000     12.11000   3     13.46204
      5.09223     -2.94000    -12.11000   3     13.46204
      5.09223     -2.94000     12.11000   3     13.46204
      5.09223      2.94000    -12.11000   3     13.46204
      5.09223      2.94000     12.11000   3     13.46204
      6.78964     -5.88000    -10.09167   2     13.50982
      6.78964     -5.88000     10.09167   2     13.50982
     -3.39482      8.82000     10.09167   2     13.82602
     -3.39482      8.82000    -10.09167   2     13.82602
      1.69741      0.00000    -14.12833   2     14.22993
      1.69741      0.00000     14.12833   2     14.22993
     -0.84870      1.47000    -14.12833   2     14.22993
     -0.84870      1.47000     14.12833   2     14.22993
     -0.84870     -1.47000     14.12833   2     14.22993
     -0.84870     -1.47000    -14.12833   2     14.22993
     -4.24352     10.29000      9.08250   1     14.36605
     -4.24352     10.29000     -9.08250   1     14.36605
      2.54611     -7.35000    -12.11000   3     14.39296
      2.54611     -7.35000     12.11000   3     14.39296
     -2.54611      7.35000    -12.11000   3     14.39296
     -5.09223      5.88000     12.11000   3     14.39296
      5.09223     -5.88000    -12.11000   3     14.39296
      5.09223     -5.88000     12.11000   3     14.39296
     -5.09223      5.88000    -12.11000   3     14.39296
     -2.54611      7.35000     12.11000   3     14.39296
      1.69741     -2.94000    -14.12833   2     14.53047
      1.69741     -2.94000     14.12833   2     14.53047
      1.69741      2.94000    -14.12833   2     14.53047
     -3.39482      0.00000     14.12833   2     14.53047
      1.69741      2.94000     14.12833   2     14.53047
     -3.39482      0.00000    -14.12833   2     14.53047
     -0.84870     -4.41000    -14.12833   2     14.82492
     -3.39482      2.94000    -14.12833   2     14.82492
     -0.84870      4.41000    -14.12833   2     14.82492
     -3.39482      2.94000     14.12833   2     14.82492
      4.24352     -1.47000    -14.12833   2     14.82492
      4.24352     -1.47000     14.12833   2     14.82492
      4.24352      1.47000    -14.12833   2     14.82492
      4.24352      1.47000     14.12833   2     14.82492
     -3.39482     -2.94000     14.12833   2     14.82492
     -3.39482     -2.94000    -14.12833   2     14.82492
     -0.84870      4.41000     14.12833   2     14.82492
     -0.84870     -4.41000     14.12833   2     14.82492
      6.78964     -8.82000    -10.09167   2     15.02442
      6.78964     -8.82000     10.09167   2     15.02442
      0.84870     -1.47000     15.13750   1     15.23237
      0.84870      1.47000    -15.13750   1     15.23237
      0.84870      1.47000     15.13750   1     15.23237
     -1.69741      0.00000     15.13750   1     15.23237
     -1.69741      0.00000    -15.13750   1     15.23237
      0.84870     -1.47000    -15.13750   1     15.23237
      1.69741     -5.88000     14.12833   2     15.39693
      4.24352     -4.41000    -14.12833   2     15.39693
      4.24352     -4.41000     14.12833   2     15.39693
      1.69741     -5.88000    -14.12833   2     15.39693
      1.69741      5.88000    -14.12833   2     15.39693
      1.69741      5.88000     14.12833   2     15.39693
      4.24352      4.41000    -14.12833   2     15.39693
      4.24352      4.41000     14.12833   2     15.39693
     -1.69741      2.94000    -15.13750   1     15.51350
     -1.69741     -2.94000    -15.13750   1     15.51350
      3.39482      0.00000    -15.13750   1     15.51350
      3.39482      0.00000     15.13750   1     15.51350
     -1.69741      2.94000     15.13750   1     15.51350
     -1.69741     -2.94000     15.13750   1     15.51350
      6.78964      0.00000    -14.12833   2     15.67511
     -3.39482      5.88000    -14.12833   2     15.67511
      6.78964      0.00000     14.12833   2     15.67511
     -3.39482      5.88000     14.12833   2     15.67511
     -4.24352      1.47000     15.13750   1     15.78963
      0.84870      4.41000    -15.13750   1     15.78963
     -4.24352     -1.47000     15.13750   1     15.78963
      0.84870      4.41000     15.13750   1     15.78963
      3.39482     -2.94000    -15.13750   1     15.78963
     -4.24352      1.47000    -15.13750   1     15.78963
      3.39482     -2.94000     15.13750   1     15.78963
     -4.24352     -1.47000    -15.13750   1     15.78963
      3.39482      2.94000    -15.13750   1     15.78963
      3.39482      2.94000     15.13750   1     15.78963
      0.84870     -4.41000    -15.13750   1     15.78963
      0.84870     -4.41000     15.13750   1     15.78963
     -5.09223      8.82000    -12.11000   3     15.82325
     -5.09223      8.82000     12.11000   3     15.82325
      5.09223     -8.82000    -12.11000   3     15.82325
      5.09223     -8.82000     12.11000   3     15.82325
      6.78964     -2.94000    -14.12833   2     15.94844
      6.78964     -2.94000     14.12833   2     15.94844
     -0.84870      7.35000    -14.12833   2     15.94844
     -0.84870      7.35000     14.12833   2     15.94844
      6.78964      2.94000    -14.12833   2     15.94844
      6.78964      2.94000     14.12833   2     15.94844
      0.00000      0.00000    -16.14667   2     16.14667
      0.00000      0.00000     16.14667   2     16.14667
     -1.69741      5.88000     15.13750   1     16.32788
     -4.24352      4.41000    -15.13750   1     16.32788
     -4.24352      4.41000     15.13750   1     16.32788
     -1.69741      5.88000    -15.13750   1     16.32788
      5.94093     -1.47000    -15.13750   1     16.32788
      5.94093     -1.47000     15.13750   1     16.32788
      5.94093      1.47000    -15.13750   1     16.32788
      5.94093      1.47000     15.13750   1     16.32788
     -2.54611     -1.47000    -16.14667   2     16.41214
      0.00000      2.94000    -16.14667   2     16.41214
      2.54611     -1.47000    -16.14667   2     16.41214
      2.54611      1.47000    -16.14667   2     16.41214
      0.00000     -2.94000    -16.14667   2     16.41214
     -2.54611      1.47000    -16.14667   2     16.41214
      0.00000      2.94000     16.14667   2     16.41214
     -2.54611     -1.47000     16.14667   2     16.41214
     -2.54611      1.47000     16.14667   2     16.41214
      2.54611     -1.47000     16.14667   2     16.41214
      2.54611      1.47000     16.14667   2     16.41214
      0.00000     -2.94000     16.14667   2     16.41214
      4.24352     -7.35000    -14.12833   2     16.48150
      4.24352     -7.35000     14.12833   2     16.48150
      3.39482     -5.88000    -15.13750   1     16.59045
      3.39482     -5.88000     15.13750   1     16.59045
      3.39482      5.88000    -15.13750   1     16.59045
      3.39482      5.88000     15.13750   1     16.59045
      6.78964     -5.88000    -14.12833   2     16.74167
      6.78964     -5.88000     14.12833   2     16.74167
      0.84870      7.35000    -15.13750   1     16.84894
      0.84870      7.35000     15.13750   1     16.84894
      5.94093     -4.41000    -15.13750   1     16.84894
      5.94093     -4.41000     15.13750   1     16.84894
      5.94093      4.41000    -15.13750   1     16.84894
      5.94093      4.41000     15.13750   1     16.84894
      2.54611     -4.41000    -16.14667   2     16.93061
      2.54611      4.41000    -16.14667   2     16.93061
     -2.54611      4.41000    -16.14667   2     16.93061
     -2.54611     -4.41000    -16.14667   2     16.93061
      2.54611     -4.41000     16.14667   2     16.93061
     -2.54611      4.41000     16.14667   2     16.93061
     -2.54611     -4.41000     16.14667   2     16.93061
      2.54611      4.41000     16.14667   2     16.93061
     -5.09223      0.00000    -16.14667   2     16.93061
      5.09223      0.00000    -16.14667   2     16.93061
     -5.09223      0.00000     16.14667   2     16.93061
      5.09223      0.00000     16.14667   2     16.93061
     -3.39482      8.82000    -14.12833   2     16.99785
     -3.39482      8.82000     14.12833   2     16.99785
      0.00000      5.88000    -16.14667   2     17.18398
      0.00000     -5.88000    -16.14667   2     17.18398
     -5.09223     -2.94000    -16.14667   2     17.18398
      5.09223     -2.94000    -16.14667   2     17.18398
     -5.09223      2.94000    -16.14667   2     17.18398
      5.09223      2.94000    -16.14667   2     17.18398
      0.00000      5.88000     16.14667   2     17.18398
     -5.09223     -2.94000     16.14667   2     17.18398
      5.09223     -2.94000     16.14667   2     17.18398
     -5.09223      2.94000     16.14667   2     17.18398
      0.00000     -5.88000     16.14667   2     17.18398
      5.09223      2.94000     16.14667   2     17.18398
     -4.24352      7.35000    -15.13750   1     17.35436
     -4.24352      7.35000     15.13750   1     17.35436
     -1.69741      8.82000     15.13750   1     17.60163
     -1.69741      8.82000    -15.13750   1     17.60163
      5.94093     -7.35000    -15.13750   1     17.84548
      5.94093     -7.35000     15.13750   1     17.84548
      2.54611     -7.35000    -16.14667   2     17.92261
      2.54611     -7.35000     16.14667   2     17.92261
     -5.09223      5.88000    -16.14667   2     17.92261
     -2.54611      7.35000     16.14667   2     17.92261
      5.09223     -5.88000    -16.14667   2     17.92261
      5.09223     -5.88000     16.14667   2     17.92261
     -5.09223      5.88000     16.14667   2     17.92261
     -2.54611      7.35000    -16.14667   2     17.92261
      6.78964     -8.82000    -14.12833   2     17.98614
      6.78964     -8.82000     14.12833   2     17.98614
     -0.84870     -1.47000    -18.16500   3     18.24413
     -0.84870      1.47000    -18.16500   3     18.24413
      1.69741      0.00000     18.16500   3     18.24413
     -0.84870      1.47000     18.16500   3     18.24413
      1.69741      0.00000    -18.16500   3     18.24413
     -0.84870     -1.47000     18.16500   3     18.24413
      1.69741      2.94000    -18.16500   3     18.47950
      1.69741     -2.94000     18.16500   3     18.47950
     -3.39482      0.00000    -18.16500   3     18.47950
     -3.39482      0.00000     18.16500   3     18.47950
      1.69741     -2.94000    -18.16500   3     18.47950
      1.69741      2.94000     18.16500   3     18.47950
      4.24352     -1.47000    -18.16500   3     18.71191
     -3.39482     -2.94000     18.16500   3     18.71191
      4.24352     -1.47000     18.16500   3     18.71191
      4.24352      1.47000    -18.16500   3     18.71191
     -3.39482      2.94000    -18.16500   3     18.71191
      4.24352      1.47000     18.16500   3     18.71191
     -3.39482     -2.94000    -18.16500   3     18.71191
     -0.84870     -4.41000    -18.16500   3     18.71191
     -3.39482      2.94000     18.16500   3     18.71191
     -0.84870     -4.41000     18.16500   3     18.71191
     -0.84870      4.41000     18.16500   3     18.71191
     -0.84870      4.41000    -18.16500   3     18.71191
     -4.24352     10.29000    -15.13750   1     18.78924
     -4.24352     10.29000     15.13750   1     18.78924
      5.09223     -8.82000    -16.14667   2     19.09026
     -5.09223      8.82000    -16.14667   2     19.09026
     -5.09223      8.82000     16.14667   2     19.09026
      5.09223     -8.82000     16.14667   2     19.09026
      4.24352     -4.41000    -18.16500   3     19.16828
      4.24352     -4.41000     18.16500   3     19.16828
      1.69741     -5.88000    -18.16500   3     19.16828
      4.24352      4.41000    -18.16500   3     19.16828
      4.24352      4.41000     18.16500   3     19.16828
      1.69741      5.88000    -18.16500   3     19.16828
      1.69741     -5.88000     18.16500   3     19.16828
      1.69741      5.88000     18.16500   3     19.16828
     -3.39482      5.88000     18.16500   3     19.39243
     -3.39482      5.88000    -18.16500   3     19.39243
      6.78964      0.00000    -18.16500   3     19.39243
      6.78964      0.00000     18.16500   3     19.39243
     -0.84870      7.35000     18.16500   3     19.61403
      6.78964     -2.94000    -18.16500   3     19.61403
      6.78964     -2.94000     18.16500   3     19.61403
     -0.84870      7.35000    -18.16500   3     19.61403
      6.78964      2.94000    -18.16500   3     19.61403
      6.78964      2.94000     18.16500   3     19.61403
      4.24352     -7.35000     18.16500   3     20.04987
      4.24352     -7.35000    -18.16500   3     20.04987
      0.00000      0.00000    -20.18333   2     20.18333
      0.00000      0.00000     20.18333   2     20.18333
      6.78964     -5.88000    -18.16500   3     20.26427
      6.78964     -5.88000     18.16500   3     20.26427
      2.54611     -1.47000    -20.18333   2     20.39634
      2.54611      1.47000    -20.18333   2     20.39634
      0.00000      2.94000    -20.18333   2     20.39634
     -2.54611      1.47000    -20.18333   2     20.39634
     -2.54611     -1.47000    -20.18333   2     20.39634
      0.00000     -2.94000    -20.18333   2     20.39634
      2.54611     -1.47000     20.18333   2     20.39634
     -2.54611      1.47000     20.18333   2     20.39634
     -2.54611     -1.47000     20.18333   2     20.39634
      2.54611      1.47000     20.18333   2     20.39634
      0.00000     -2.94000     20.18333   2     20.39634
      0.00000      2.94000     20.18333   2     20.39634
     -3.39482      8.82000     18.16500   3     20.47644
     -3.39482      8.82000    -18.16500   3     20.47644
      2.54611     -4.41000    -20.18333   2     20.81581
      2.54611      4.41000    -20.18333   2     20.81581
     -5.09223      0.00000    -20.18333   2     20.81581
     -2.54611      4.41000    -20.18333   2     20.81581
      5.09223      0.00000    -20.18333   2     20.81581
     -2.54611     -4.41000    -20.18333   2     20.81581
      2.54611     -4.41000     20.18333   2     20.81581
      2.54611      4.41000     20.18333   2     20.81581
     -2.54611     -4.41000     20.18333   2     20.81581
     -5.09223      0.00000     20.18333   2     20.81581
      5.09223      0.00000     20.18333   2     20.81581
     -2.54611      4.41000     20.18333   2     20.81581
     -5.09223     -2.94000    -20.18333   2     21.02240
     -5.09223      2.94000    -20.18333   2     21.02240
      0.00000      5.88000    -20.18333   2     21.02240
     -5.09223      2.94000     20.18333   2     21.02240
      5.09223     -2.94000    -20.18333   2     21.02240
      0.00000      5.88000     20.18333   2     21.02240
      0.00000     -5.88000     20.18333   2     21.02240
      5.09223     -2.94000     20.18333   2     21.02240
      0.00000     -5.88000    -20.18333   2     21.02240
      5.09223      2.94000    -20.18333   2     21.02240
     -5.09223     -2.94000     20.18333   2     21.02240
      5.09223      2.94000     20.18333   2     21.02240
     -1.69741      0.00000    -21.19250   1     21.26037
      0.84870      1.47000     21.19250   1     21.26037
      0.84870     -1.47000    -21.19250   1     21.26037
     -1.69741      0.00000     21.19250   1     21.26037
      0.84870     -1.47000     21.19250   1     21.26037
      0.84870      1.47000    -21.19250   1     21.26037
      6.78964     -8.82000    -18.16500   3     21.30396
      6.78964     -8.82000     18.16500   3     21.30396
     -1.69741     -2.94000     21.19250   1     21.46269
     -1.69741      2.94000    -21.19250   1     21.46269
     -1.69741     -2.94000    -21.19250   1     21.46269
     -1.69741      2.94000     21.19250   1     21.46269
      3.39482      0.00000    -21.19250   1     21.46269
      3.39482      0.00000     21.19250   1     21.46269
      2.54611     -7.35000    -20.18333   2     21.63035
     -5.09223      5.88000    -20.18333   2     21.63035
      5.09223     -5.88000    -20.18333   2     21.63035
     -2.54611      7.35000    -20.18333   2     21.63035
     -5.09223      5.88000     20.18333   2     21.63035
      2.54611     -7.35000     20.18333   2     21.63035
      5.09223     -5.88000     20.18333   2     21.63035
     -2.54611      7.35000     20.18333   2     21.63035
     -4.24352     -1.47000     21.19250   1     21.66311
      3.39482      2.94000    -21.19250   1     21.66311
     -4.24352      1.47000    -21.19250   1     21.66311
      3.39482      2.94000     21.19250   1     21.66311
      0.84870     -4.41000     21.19250   1     21.66311
      0.84870     -4.41000    -21.19250   1     21.66311
      3.39482     -2.94000    -21.19250   1     21.66311
      0.84870      4.41000    -21.19250   1     21.66311
     -4.24352      1.47000     21.19250   1     21.66311
      3.39482     -2.94000     21.19250   1     21.66311
      0.84870      4.41000     21.19250   1     21.66311
     -4.24352     -1.47000    -21.19250   1     21.66311
     -4.24352      4.41000     21.19250   1     22.05851
     -1.69741      5.88000    -21.19250   1     22.05851
      5.94093     -1.47000    -21.19250   1     22.05851
      5.94093     -1.47000     21.19250   1     22.05851
      5.94093      1.47000    -21.19250   1     22.05851
     -1.69741      5.88000     21.19250   1     22.05851
      5.94093      1.47000     21.19250   1     22.05851
     -4.24352      4.41000    -21.19250   1     22.05851
      3.39482     -5.88000     21.19250   1     22.25357
      3.39482      5.88000    -21.19250   1     22.25357
      3.39482      5.88000     21.19250   1     22.25357
      3.39482     -5.88000    -21.19250   1     22.25357
     -0.84870     -1.47000     22.20167   2     22.26646
     -0.84870     -1.47000    -22.20167   2     22.26646
      1.69741      0.00000    -22.20167   2     22.26646
     -0.84870      1.47000     22.20167   2     22.26646
     -0.84870      1.47000    -22.20167   2     22.26646
      1.69741      0.00000     22.20167   2     22.26646
      0.84870      7.35000     21.19250   1     22.44693
      0.84870      7.35000    -21.19250   1     22.44693
      5.94093     -4.41000    -21.19250   1     22.44693
      5.94093     -4.41000     21.19250   1     22.44693
      5.94093      4.41000    -21.19250   1     22.44693
      5.94093      4.41000     21.19250   1     22.44693
     -3.39482      0.00000    -22.20167   2     22.45972
      1.69741      2.94000     22.20167   2     22.45972
     -3.39482      0.00000     22.20167   2     22.45972
      1.69741     -2.94000    -22.20167   2     22.45972
      1.69741      2.94000    -22.20167   2     22.45972
      1.69741     -2.94000     22.20167   2     22.45972
      5.09223     -8.82000    -20.18333   2     22.60730
     -5.09223      8.82000    -20.18333   2     22.60730
     -5.09223      8.82000     20.18333   2     22.60730
      5.09223     -8.82000     20.18333   2     22.60730
     -0.84870      4.41000    -22.20167   2     22.65132
      4.24352      1.47000     22.20167   2     22.65132
      4.24352     -1.47000    -22.20167   2     22.65132
     -3.39482     -2.94000    -22.20167   2     22.65132
     -3.39482     -2.94000     22.20167   2     22.65132
     -3.39482      2.94000    -22.20167   2     22.65132
      4.24352     -1.47000     22.20167   2     22.65132
     -0.84870     -4.41000     22.20167   2     22.65132
     -0.84870      4.41000     22.20167   2     22.65132
     -3.39482      2.94000     22.20167   2     22.65132
      4.24352      1.47000    -22.20167   2     22.65132
     -0.84870     -4.41000    -22.20167   2     22.65132
     -4.24352      7.35000     21.19250   1     22.82876
     -4.24352      7.35000    -21.19250   1     22.82876
     -1.69741      8.82000     21.19250   1     23.01729
     -1.69741      8.82000    -21.19250   1     23.01729
      4.24352      4.41000    -22.20167   2     23.02975
      1.69741      5.88000     22.20167   2     23.02975
      4.24352      4.41000     22.20167   2     23.02975
      4.24352     -4.41000    -22.20167   2     23.02975
      4.24352     -4.41000     22.20167   2     23.02975
      1.69741     -5.88000     22.20167   2     23.02975
      1.69741      5.88000    -22.20167   2     23.02975
      1.69741     -5.88000    -22.20167   2     23.02975
      5.94093     -7.35000    -21.19250   1     23.20429
      5.94093     -7.35000     21.19250   1     23.20429
     -3.39482      5.88000     22.20167   2     23.21666
      6.78964      0.00000    -22.20167   2     23.21666
     -3.39482      5.88000    -22.20167   2     23.21666
      6.78964      0.00000     22.20167   2     23.21666
      6.78964     -2.94000    -22.20167   2     23.40207
     -0.84870      7.35000     22.20167   2     23.40207
     -0.84870      7.35000    -22.20167   2     23.40207
      6.78964     -2.94000     22.20167   2     23.40207
      6.78964      2.94000    -22.20167   2     23.40207
      6.78964      2.94000     22.20167   2     23.40207
      4.24352     -7.35000    -22.20167   2     23.76855
      4.24352     -7.35000     22.20167   2     23.76855
     -4.24352     10.29000     21.19250   1     23.93770
     -4.24352     10.29000    -21.19250   1     23.93770
      6.78964     -5.88000    -22.20167   2     23.94969
      6.78964     -5.88000     22.20167   2     23.94969
     -3.39482      8.82000    -22.20167   2     24.12947
     -3.39482      8.82000     22.20167   2     24.12947
      0.00000      0.00000     24.22000   3     24.22000
      0.00000      0.00000    -24.22000   3     24.22000
      0.00000     -2.94000     24.22000   3     24.39779
      0.00000      2.94000     24.22000   3     24.39779
     -2.54611     -1.47000    -24.22000   3     24.39779
     -2.54611      1.47000    -24.22000   3     24.39779
     -2.54611      1.47000     24.22000   3     24.39779
      2.54611      1.47000    -24.22000   3     24.39779
      0.00000     -2.94000    -24.22000   3     24.39779
      2.54611      1.47000     24.22000   3     24.39779
     -2.54611     -1.47000     24.22000   3     24.39779
      0.00000      2.94000    -24.22000   3     24.39779
      2.54611     -1.47000     24.22000   3     24.39779
      2.54611     -1.47000    -24.22000   3     24.39779
      2.54611      4.41000     24.22000   3     24.74953
     -2.54611     -4.41000     24.22000   3     24.74953
     -2.54611      4.41000    -24.22000   3     24.74953
      2.54611      4.41000    -24.22000   3     24.74953
     -2.54611      4.41000     24.22000   3     24.74953
     -5.09223      0.00000     24.22000   3     24.74953
      2.54611     -4.41000    -24.22000   3     24.74953
      5.09223      0.00000    -24.22000   3     24.74953
     -5.09223      0.00000    -24.22000   3     24.74953
     -2.54611     -4.41000    -24.22000   3     24.74953
      5.09223      0.00000     24.22000   3     24.74953
      2.54611     -4.41000     24.22000   3     24.74953
      6.78964     -8.82000    -22.20167   2     24.83557
      6.78964     -8.82000     22.20167   2     24.83557
      0.00000      5.88000     24.22000   3     24.92354
      0.00000     -5.88000     24.22000   3     24.92354
      0.00000     -5.88000    -24.22000   3     24.92354
     -5.09223      2.94000    -24.22000   3     24.92354
      5.09223     -2.94000    -24.22000   3     24.92354
      5.09223     -2.94000     24.22000   3     24.92354
     -5.09223      2.94000     24.22000   3     24.92354
     -5.09223     -2.94000    -24.22000   3     24.92354
     -5.09223     -2.94000     24.22000   3     24.92354
      5.09223      2.94000    -24.22000   3     24.92354
      0.00000      5.88000    -24.22000   3     24.92354
      5.09223      2.94000     24.22000   3     24.92354
     -2.54611      7.35000    -24.22000   3     25.43843
      5.09223     -5.88000    -24.22000   3     25.43843
     -2.54611      7.35000     24.22000   3     25.43843
      5.09223     -5.88000     24.22000   3     25.43843
     -5.09223      5.88000    -24.22000   3     25.43843
      2.54611     -7.35000     24.22000   3     25.43843
      2.54611     -7.35000    -24.22000   3     25.43843
     -5.09223      5.88000     24.22000   3     25.43843
      5.09223     -8.82000     24.22000   3     26.27416
     -5.09223      8.82000    -24.22000   3     26.27416
      5.09223     -8.82000    -24.22000   3     26.27416
     -5.09223      8.82000     24.22000   3     26.27416
     -0.84870      1.47000     26.23833   2     26.29318
     -0.84870     -1.47000     26.23833   2     26.29318
      1.69741      0.00000     26.23833   2     26.29318
     -3.39482      0.00000     26.23833   2     26.45704
      1.69741     -2.94000     26.23833   2     26.45704
      1.69741      2.94000     26.23833   2     26.45704
      4.24352     -1.47000     26.23833   2     26.61989
     -0.84870      4.41000     26.23833   2     26.61989
      4.24352      1.47000     26.23833   2     26.61989
     -0.84870     -4.41000     26.23833   2     26.61989
     -3.39482     -2.94000     26.23833   2     26.61989
     -3.39482      2.94000     26.23833   2     26.61989
      1.69741      5.88000     26.23833   2     26.94264
      1.69741     -5.88000     26.23833   2     26.94264
      4.24352     -4.41000     26.23833   2     26.94264
      4.24352      4.41000     26.23833   2     26.94264
     -3.39482      5.88000     26.23833   2     27.10257
      6.78964      0.00000     26.23833   2     27.10257
     -0.84870      7.35000     26.23833   2     27.26157
      6.78964     -2.94000     26.23833   2     27.26157
      6.78964      2.94000     26.23833   2     27.26157
     -1.69741      0.00000     27.24750   1     27.30032
      0.84870     -1.47000     27.24750   1     27.30032
      0.84870      1.47000     27.24750   1     27.30032
     -1.69741      2.94000     27.24750   1     27.45817
      3.39482      0.00000     27.24750   1     27.45817
     -1.69741     -2.94000     27.24750   1     27.45817
      4.24352     -7.35000     26.23833   2     27.57680
      0.84870     -4.41000     27.24750   1     27.61512
     -4.24352     -1.47000     27.24750   1     27.61512
      3.39482     -2.94000     27.24750   1     27.61512
     -4.24352      1.47000     27.24750   1     27.61512
      0.84870      4.41000     27.24750   1     27.61512
      3.39482      2.94000     27.24750   1     27.61512
      6.78964     -5.88000     26.23833   2     27.73308
     -3.39482      8.82000     26.23833   2     27.88848
     -4.24352      4.41000     27.24750   1     27.92636
      5.94093     -1.47000     27.24750   1     27.92636
     -1.69741      5.88000     27.24750   1     27.92636
      5.94093      1.47000     27.24750   1     27.92636
      3.39482      5.88000     27.24750   1     28.08070
      3.39482     -5.88000     27.24750   1     28.08070
      5.94093     -4.41000     27.24750   1     28.23418
      0.84870      7.35000     27.24750   1     28.23418
      5.94093      4.41000     27.24750   1     28.23418
      0.00000      0.00000     28.25667   2     28.25667
      2.54611      1.47000     28.25667   2     28.40920
      0.00000     -2.94000     28.25667   2     28.40920
      2.54611     -1.47000     28.25667   2     28.40920
     -2.54611     -1.47000     28.25667   2     28.40920
      0.00000      2.94000     28.25667   2     28.40920
     -2.54611      1.47000     28.25667   2     28.40920
      6.78964     -8.82000     26.23833   2     28.50161
     -4.24352      7.35000     27.24750   1     28.53868
     -1.69741      8.82000     27.24750   1     28.68972
      2.54611      4.41000     28.25667   2     28.71184
     -5.09223      0.00000     28.25667   2     28.71184
     -2.54611      4.41000     28.25667   2     28.71184
      5.09223      0.00000     28.25667   2     28.71184
     -2.54611     -4.41000     28.25667   2     28.71184
      2.54611     -4.41000     28.25667   2     28.71184
      5.94093     -7.35000     27.24750   1     28.83996
      0.00000      5.88000     28.25667   2     28.86198
     -5.09223     -2.94000     28.25667   2     28.86198
      5.09223     -2.94000     28.25667   2     28.86198
     -5.09223      2.94000     28.25667   2     28.86198
      0.00000     -5.88000     28.25667   2     28.86198
      5.09223      2.94000     28.25667   2     28.86198
     -5.09223      5.88000     28.25667   2     29.30775
      2.54611     -7.35000     28.25667   2     29.30775
      5.09223     -5.88000     28.25667   2     29.30775
     -2.54611      7.35000     28.25667   2     29.30775
     -4.24352     10.29000     27.24750   1     29.43328
     -5.09223      8.82000     28.25667   2     30.03602
      5.09223     -8.82000     28.25667   2     30.03602
      1.69741      0.00000     30.27500   3     30.32255
     -0.84870     -1.47000     30.27500   3     30.32255
     -0.84870      1.47000     30.27500   3     30.32255
      1.69741     -2.94000     30.27500   3     30.46474
     -3.39482      0.00000     30.27500   3     30.46474
      1.69741      2.94000     30.27500   3     30.46474
     -0.84870      4.41000     30.27500   3     30.60627
     -3.39482     -2.94000     30.27500   3     30.60627
     -0.84870     -4.41000     30.27500   3     30.60627
      4.24352     -1.47000     30.27500   3     30.60627
      4.24352      1.47000     30.27500   3     30.60627
     -3.39482      2.94000     30.27500   3     30.60627
      4.24352      4.41000     30.27500   3     30.88740
      1.69741     -5.88000     30.27500   3     30.88740
      1.69741      5.88000     30.27500   3     30.88740
      4.24352     -4.41000     30.27500   3     30.88740
     -3.39482      5.88000     30.27500   3     31.02700
      6.78964      0.00000     30.27500   3     31.02700
      6.78964     -2.94000     30.27500   3     31.16598
     -0.84870      7.35000     30.27500   3     31.16598
      6.78964      2.94000     30.27500   3     31.16598
      4.24352     -7.35000     30.27500   3     31.44210
      6.78964     -5.88000     30.27500   3     31.57925
     -3.39482      8.82000     30.27500   3     31.71581
      6.78964     -8.82000     30.27500   3     32.25627
      0.00000      0.00000     32.29333   2     32.29333
      0.00000      2.94000     32.29333   2     32.42689
      2.54611      1.47000     32.29333   2     32.42689
     -2.54611     -1.47000     32.29333   2     32.42689
      2.54611     -1.47000     32.29333   2     32.42689
      0.00000     -2.94000     32.29333   2     32.42689
     -2.54611      1.47000     32.29333   2     32.42689
     -2.54611     -4.41000     32.29333   2     32.69236
      2.54611     -4.41000     32.29333   2     32.69236
      5.09223      0.00000     32.29333   2     32.69236
      2.54611      4.41000     32.29333   2     32.69236
     -5.09223      0.00000     32.29333   2     32.69236
     -2.54611      4.41000     32.29333   2     32.69236
     -5.09223     -2.94000     32.29333   2     32.82429
      0.00000     -5.88000     32.29333   2     32.82429
     -5.09223      2.94000     32.29333   2     32.82429
      5.09223     -2.94000     32.29333   2     32.82429
      0.00000      5.88000     32.29333   2     32.82429
      5.09223      2.94000     32.29333   2     32.82429
     -2.54611      7.35000     32.29333   2     33.21693
      5.09223     -5.88000     32.29333   2     33.21693
     -5.09223      5.88000     32.29333   2     33.21693
      2.54611     -7.35000     32.29333   2     33.21693
      0.84870     -1.47000     33.30250   1     33.34573
     -1.69741      0.00000     33.30250   1     33.34573
      0.84870      1.47000     33.30250   1     33.34573
     -1.69741      2.94000     33.30250   1     33.47508
      3.39482      0.00000     33.30250   1     33.47508
     -1.69741     -2.94000     33.30250   1     33.47508
      0.84870     -4.41000     33.30250   1     33.60394
      0.84870      4.41000     33.30250   1     33.60394
     -4.24352      1.47000     33.30250   1     33.60394
      3.39482      2.94000     33.30250   1     33.60394
     -4.24352     -1.47000     33.30250   1     33.60394
      3.39482     -2.94000     33.30250   1     33.60394
     -4.24352      4.41000     33.30250   1     33.86018
      5.94093      1.47000     33.30250   1     33.86018
      5.94093     -1.47000     33.30250   1     33.86018
     -1.69741      5.88000     33.30250   1     33.86018
      5.09223     -8.82000     32.29333   2     33.86123
     -5.09223      8.82000     32.29333   2     33.86123
      3.39482      5.88000     33.30250   1     33.98758
      3.39482     -5.88000     33.30250   1     33.98758
      0.84870      7.35000     33.30250   1     34.11450
      5.94093      4.41000     33.30250   1     34.11450
      5.94093     -4.41000     33.30250   1     34.11450
     -0.84870     -1.47000     34.31167   2     34.35363
     -0.84870      1.47000     34.31167   2     34.35363
      1.69741      0.00000     34.31167   2     34.35363
     -4.24352      7.35000     33.30250   1     34.36694
      1.69741     -2.94000     34.31167   2     34.47920
     -3.39482      0.00000     34.31167   2     34.47920
      1.69741      2.94000     34.31167   2     34.47920
     -1.69741      8.82000     33.30250   1     34.49246
     -0.84870      4.41000     34.31167   2     34.60432
     -3.39482      2.94000     34.31167   2     34.60432
     -3.39482     -2.94000     34.31167   2     34.60432
     -0.84870     -4.41000     34.31167   2     34.60432
      4.24352     -1.47000     34.31167   2     34.60432
      4.24352      1.47000     34.31167   2     34.60432
      5.94093     -7.35000     33.30250   1     34.61753
      4.24352     -4.41000     34.31167   2     34.85321
      1.69741     -5.88000     34.31167   2     34.85321
      4.24352      4.41000     34.31167   2     34.85321
      1.69741      5.88000     34.31167   2     34.85321
     -3.39482      5.88000     34.31167   2     34.97699
      6.78964      0.00000     34.31167   2     34.97699
     -0.84870      7.35000     34.31167   2     35.10033
      6.78964      2.94000     34.31167   2     35.10033
      6.78964     -2.94000     34.31167   2     35.10033
     -4.24352     10.29000     33.30250   1     35.11336
      4.24352     -7.35000     34.31167   2     35.34573
      6.78964     -5.88000     34.31167   2     35.46779
     -3.39482      8.82000     34.31167   2     35.58943
      6.78964     -8.82000     34.31167   2     36.07190
