nat, nph =  1000    3
    1   14    2    8
 iat     x       y        z       iph  
 -----------------------------------------------------------------------
   1      0.00000      0.00000      0.00000   0   1
   2     -0.84870     -1.47000      2.01833   2   1
   3     -0.84870     -1.47000     -2.01833   2   1
   4     -0.84870      1.47000     -2.01833   2   1
   5     -0.84870      1.47000      2.01833   2   1
   6      1.69741      0.00000     -2.01833   2   1
   7      1.69741      0.00000      2.01833   2   1
   8     -2.54611      1.47000      0.00000   3   1
   9      0.00000     -2.94000      0.00000   3   1
  10      0.00000      2.94000      0.00000   3   1
  11      2.54611     -1.47000      0.00000   3   1
  12     -2.54611     -1.47000      0.00000   3   1
  13      2.54611      1.47000      0.00000   3   1
  14     -1.69741      0.00000      3.02750   1   1
  15      0.84870     -1.47000      3.02750   1   1
  16      0.84870      1.47000      3.02750   1   1
  17      0.84870     -1.47000     -3.02750   1   1
  18     -1.69741      0.00000     -3.02750   1   1
  19      0.84870      1.47000     -3.02750   1   1
  20      1.69741     -2.94000     -2.01833   2   1
  21      1.69741     -2.94000      2.01833   2   1
  22     -3.39482      0.00000     -2.01833   2   1
  23     -3.39482      0.00000      2.01833   2   1
  24      1.69741      2.94000     -2.01833   2   1
  25      1.69741      2.94000      2.01833   2   1
  26      0.00000      0.00000     -4.03667   2   1
  27      0.00000      0.00000      4.03667   2   1
  28     -1.69741     -2.94000      3.02750   1   1
  29     -1.69741      2.94000      3.02750   1   1
  30     -1.69741      2.94000     -3.02750   1   1
  31     -1.69741     -2.94000     -3.02750   1   1
  32      3.39482      0.00000     -3.02750   1   1
  33      3.39482      0.00000      3.02750   1   1
  34     -0.84870     -4.41000     -2.01833   2   1
  35     -0.84870     -4.41000      2.01833   2   1
  36      4.24352     -1.47000     -2.01833   2   1
  37      4.24352     -1.47000      2.01833   2   1
  38     -3.39482      2.94000     -2.01833   2   1
  39     -3.39482      2.94000      2.01833   2   1
  40     -0.84870      4.41000     -2.01833   2   1
  41     -0.84870      4.41000      2.01833   2   1
  42     -3.39482     -2.94000      2.01833   2   1
  43     -3.39482     -2.94000     -2.01833   2   1
  44      4.24352      1.47000     -2.01833   2   1
  45      4.24352      1.47000      2.01833   2   1
  46     -2.54611      1.47000     -4.03667   2   1
  47      0.00000     -2.94000     -4.03667   2   1
  48      0.00000      2.94000     -4.03667   2   1
  49      2.54611     -1.47000     -4.03667   2   1
  50     -2.54611     -1.47000     -4.03667   2   1
  51      2.54611      1.47000     -4.03667   2   1
  52     -2.54611      1.47000      4.03667   2   1
  53      0.00000     -2.94000      4.03667   2   1
  54      0.00000      2.94000      4.03667   2   1
  55      2.54611     -1.47000      4.03667   2   1
  56     -2.54611     -1.47000      4.03667   2   1
  57      2.54611      1.47000      4.03667   2   1
  58     -2.54611      4.41000      0.00000   3   1
  59      2.54611     -4.41000      0.00000   3   1
  60     -2.54611     -4.41000      0.00000   3   1
  61      2.54611      4.41000      0.00000   3   1
  62     -5.09223      0.00000      0.00000   3   1
  63      5.09223      0.00000      0.00000   3   1
  64      3.39482     -2.94000      3.02750   1   1
  65     -4.24352      1.47000      3.02750   1   1
  66      0.84870     -4.41000      3.02750   1   1
  67     -4.24352     -1.47000      3.02750   1   1
  68      0.84870     -4.41000     -3.02750   1   1
  69      0.84870      4.41000     -3.02750   1   1
  70      0.84870      4.41000      3.02750   1   1
  71      3.39482     -2.94000     -3.02750   1   1
  72     -4.24352      1.47000     -3.02750   1   1
  73     -4.24352     -1.47000     -3.02750   1   1
  74      3.39482      2.94000     -3.02750   1   1
  75      3.39482      2.94000      3.02750   1   1
  76     -5.09223      2.94000      0.00000   3   1
  77      0.00000     -5.88000      0.00000   3   1
  78      0.00000      5.88000      0.00000   3   1
  79      5.09223     -2.94000      0.00000   3   1
  80     -5.09223     -2.94000      0.00000   3   1
  81      5.09223      2.94000      0.00000   3   1
  82     -0.84870     -1.47000      6.05500   3   1
  83     -0.84870      1.47000      6.05500   3   1
  84      1.69741      0.00000      6.05500   3   1
  85     -0.84870     -1.47000     -6.05500   3   1
  86     -0.84870      1.47000     -6.05500   3   1
  87      1.69741      0.00000     -6.05500   3   1
  88      1.69741     -5.88000     -2.01833   2   1
  89      1.69741     -5.88000      2.01833   2   1
  90      4.24352     -4.41000     -2.01833   2   1
  91      4.24352     -4.41000      2.01833   2   1
  92      1.69741      5.88000     -2.01833   2   1
  93      1.69741      5.88000      2.01833   2   1
  94      4.24352      4.41000     -2.01833   2   1
  95      4.24352      4.41000      2.01833   2   1
  96     -2.54611      4.41000     -4.03667   2   1
  97      2.54611     -4.41000     -4.03667   2   1
  98     -2.54611     -4.41000     -4.03667   2   1
  99     -5.09223      0.00000     -4.03667   2   1
 100      2.54611      4.41000     -4.03667   2   1
 101      5.09223      0.00000     -4.03667   2   1
 102      2.54611     -4.41000      4.03667   2   1
 103     -2.54611      4.41000      4.03667   2   1
 104     -2.54611     -4.41000      4.03667   2   1
 105     -5.09223      0.00000      4.03667   2   1
 106      2.54611      4.41000      4.03667   2   1
 107      5.09223      0.00000      4.03667   2   1
 108     -1.69741      5.88000      3.02750   1   1
 109     -4.24352      4.41000      3.02750   1   1
 110     -1.69741      5.88000     -3.02750   1   1
 111     -4.24352      4.41000     -3.02750   1   1
 112      5.94093     -1.47000     -3.02750   1   1
 113      5.94093     -1.47000      3.02750   1   1
 114      5.94093      1.47000     -3.02750   1   1
 115      5.94093      1.47000      3.02750   1   1
 116     -3.39482      0.00000      6.05500   3   1
 117      1.69741     -2.94000      6.05500   3   1
 118      1.69741      2.94000      6.05500   3   1
 119     -3.39482      0.00000     -6.05500   3   1
 120      1.69741     -2.94000     -6.05500   3   1
 121      1.69741      2.94000     -6.05500   3   1
 122     -3.39482      5.88000     -2.01833   2   1
 123     -3.39482      5.88000      2.01833   2   1
 124      6.78964      0.00000     -2.01833   2   1
 125      6.78964      0.00000      2.01833   2   1
 126      0.00000     -5.88000     -4.03667   2   1
 127      0.00000      5.88000     -4.03667   2   1
 128     -5.09223      2.94000     -4.03667   2   1
 129      5.09223     -2.94000     -4.03667   2   1
 130     -5.09223      2.94000      4.03667   2   1
 131     -5.09223     -2.94000     -4.03667   2   1
 132      0.00000     -5.88000      4.03667   2   1
 133      0.00000      5.88000      4.03667   2   1
 134      5.09223     -2.94000      4.03667   2   1
 135      5.09223      2.94000     -4.03667   2   1
 136     -5.09223     -2.94000      4.03667   2   1
 137      5.09223      2.94000      4.03667   2   1
 138      3.39482     -5.88000      3.02750   1   1
 139      3.39482     -5.88000     -3.02750   1   1
 140      3.39482      5.88000     -3.02750   1   1
 141      3.39482      5.88000      3.02750   1   1
 142     -0.84870     -4.41000      6.05500   3   1
 143     -0.84870      4.41000      6.05500   3   1
 144     -3.39482     -2.94000      6.05500   3   1
 145      4.24352     -1.47000      6.05500   3   1
 146     -3.39482      2.94000      6.05500   3   1
 147      4.24352      1.47000      6.05500   3   1
 148     -0.84870     -4.41000     -6.05500   3   1
 149      4.24352     -1.47000     -6.05500   3   1
 150     -3.39482      2.94000     -6.05500   3   1
 151     -0.84870      4.41000     -6.05500   3   1
 152     -3.39482     -2.94000     -6.05500   3   1
 153      4.24352      1.47000     -6.05500   3   1
 154      6.78964     -2.94000     -2.01833   2   1
 155      6.78964     -2.94000      2.01833   2   1
 156     -0.84870      7.35000     -2.01833   2   1
 157     -0.84870      7.35000      2.01833   2   1
 158      6.78964      2.94000     -2.01833   2   1
 159      6.78964      2.94000      2.01833   2   1
 160     -5.09223      5.88000      0.00000   3   1
 161     -2.54611      7.35000      0.00000   3   1
 162      2.54611     -7.35000      0.00000   3   1
 163      5.09223     -5.88000      0.00000   3   1
 164      0.84870      7.35000     -3.02750   1   1
 165      0.84870      7.35000      3.02750   1   1
 166      5.94093     -4.41000      3.02750   1   1
 167      5.94093     -4.41000     -3.02750   1   1
 168      5.94093      4.41000     -3.02750   1   1
 169      5.94093      4.41000      3.02750   1   1
 170      0.00000      0.00000     -8.07333   2   1
 171      0.00000      0.00000      8.07333   2   1
 172     -2.54611     -1.47000     -8.07333   2   1
 173     -2.54611      1.47000     -8.07333   2   1
 174      0.00000     -2.94000     -8.07333   2   1
 175      0.00000      2.94000     -8.07333   2   1
 176      2.54611     -1.47000     -8.07333   2   1
 177      2.54611      1.47000     -8.07333   2   1
 178     -2.54611     -1.47000      8.07333   2   1
 179     -2.54611      1.47000      8.07333   2   1
 180      0.00000     -2.94000      8.07333   2   1
 181      0.00000      2.94000      8.07333   2   1
 182      2.54611     -1.47000      8.07333   2   1
 183      2.54611      1.47000      8.07333   2   1
 184      1.69741     -5.88000      6.05500   3   1
 185      4.24352     -4.41000      6.05500   3   1
 186      1.69741     -5.88000     -6.05500   3   1
 187      1.69741      5.88000      6.05500   3   1
 188      4.24352     -4.41000     -6.05500   3   1
 189      1.69741      5.88000     -6.05500   3   1
 190      4.24352      4.41000     -6.05500   3   1
 191      4.24352      4.41000      6.05500   3   1
 192      4.24352     -7.35000     -2.01833   2   1
 193      4.24352     -7.35000      2.01833   2   1
 194     -2.54611      7.35000     -4.03667   2   1
 195      2.54611     -7.35000     -4.03667   2   1
 196      5.09223     -5.88000     -4.03667   2   1
 197     -5.09223      5.88000     -4.03667   2   1
 198     -2.54611      7.35000      4.03667   2   1
 199     -5.09223      5.88000      4.03667   2   1
 200      2.54611     -7.35000      4.03667   2   1
 201      5.09223     -5.88000      4.03667   2   1
 202     -4.24352      7.35000     -3.02750   1   1
 203     -4.24352      7.35000      3.02750   1   1
 204     -3.39482      5.88000      6.05500   3   1
 205     -3.39482      5.88000     -6.05500   3   1
 206      6.78964      0.00000      6.05500   3   1
 207      6.78964      0.00000     -6.05500   3   1
 208      6.78964     -5.88000     -2.01833   2   1
 209      6.78964     -5.88000      2.01833   2   1
 210     -1.69741      0.00000     -9.08250   1   1
 211     -1.69741      0.00000      9.08250   1   1
 212      0.84870     -1.47000     -9.08250   1   1
 213      0.84870     -1.47000      9.08250   1   1
 214      0.84870      1.47000     -9.08250   1   1
 215      0.84870      1.47000      9.08250   1   1
 216     -1.69741      8.82000     -3.02750   1   1
 217     -1.69741      8.82000      3.02750   1   1
 218     -2.54611      4.41000     -8.07333   2   1
 219      2.54611     -4.41000     -8.07333   2   1
 220     -2.54611     -4.41000     -8.07333   2   1
 221     -5.09223      0.00000     -8.07333   2   1
 222      2.54611      4.41000     -8.07333   2   1
 223      5.09223      0.00000     -8.07333   2   1
 224     -2.54611      4.41000      8.07333   2   1
 225      2.54611     -4.41000      8.07333   2   1
 226      2.54611      4.41000      8.07333   2   1
 227     -5.09223      0.00000      8.07333   2   1
 228     -2.54611     -4.41000      8.07333   2   1
 229      5.09223      0.00000      8.07333   2   1
 230      6.78964     -2.94000      6.05500   3   1
 231     -0.84870      7.35000      6.05500   3   1
 232      6.78964     -2.94000     -6.05500   3   1
 233     -0.84870      7.35000     -6.05500   3   1
 234      6.78964      2.94000     -6.05500   3   1
 235      6.78964      2.94000      6.05500   3   1
 236     -3.39482      8.82000     -2.01833   2   1
 237     -3.39482      8.82000      2.01833   2   1
 238     -1.69741      2.94000     -9.08250   1   1
 239     -1.69741      2.94000      9.08250   1   1
 240     -1.69741     -2.94000      9.08250   1   1
 241      3.39482      0.00000     -9.08250   1   1
 242      3.39482      0.00000      9.08250   1   1
 243     -1.69741     -2.94000     -9.08250   1   1
 244      5.94093     -7.35000     -3.02750   1   1
 245      5.94093     -7.35000      3.02750   1   1
 246      0.00000     -5.88000     -8.07333   2   1
 247      0.00000      5.88000     -8.07333   2   1
 248     -5.09223      2.94000     -8.07333   2   1
 249      5.09223     -2.94000     -8.07333   2   1
 250     -5.09223     -2.94000     -8.07333   2   1
 251      5.09223      2.94000     -8.07333   2   1
 252     -5.09223      2.94000      8.07333   2   1
 253      0.00000      5.88000      8.07333   2   1
 254      5.09223     -2.94000      8.07333   2   1
 255      0.00000     -5.88000      8.07333   2   1
 256     -5.09223     -2.94000      8.07333   2   1
 257      5.09223      2.94000      8.07333   2   1
 258     -4.24352      1.47000      9.08250   1   1
 259     -4.24352      1.47000     -9.08250   1   1
 260      3.39482     -2.94000     -9.08250   1   1
 261      3.39482     -2.94000      9.08250   1   1
 262      0.84870      4.41000     -9.08250   1   1
 263      0.84870     -4.41000     -9.08250   1   1
 264      0.84870      4.41000      9.08250   1   1
 265      0.84870     -4.41000      9.08250   1   1
 266     -4.24352     -1.47000     -9.08250   1   1
 267     -4.24352     -1.47000      9.08250   1   1
 268      3.39482      2.94000     -9.08250   1   1
 269      3.39482      2.94000      9.08250   1   1
 270     -5.09223      8.82000      0.00000   3   1
 271      5.09223     -8.82000      0.00000   3   1
 272     -0.84870      1.47000    -10.09167   2   1
 273     -0.84870      1.47000     10.09167   2   1
 274     -0.84870     -1.47000     10.09167   2   1
 275      1.69741      0.00000    -10.09167   2   1
 276      1.69741      0.00000     10.09167   2   1
 277     -0.84870     -1.47000    -10.09167   2   1
 278      4.24352     -7.35000      6.05500   3   1
 279      4.24352     -7.35000     -6.05500   3   1
 280      1.69741     -2.94000    -10.09167   2   1
 281     -3.39482      0.00000    -10.09167   2   1
 282      1.69741     -2.94000     10.09167   2   1
 283      1.69741      2.94000    -10.09167   2   1
 284      1.69741      2.94000     10.09167   2   1
 285     -3.39482      0.00000     10.09167   2   1
 286      6.78964     -5.88000      6.05500   3   1
 287      6.78964     -5.88000     -6.05500   3   1
 288     -1.69741      5.88000     -9.08250   1   1
 289     -1.69741      5.88000      9.08250   1   1
 290     -4.24352      4.41000     -9.08250   1   1
 291     -4.24352      4.41000      9.08250   1   1
 292      5.94093     -1.47000     -9.08250   1   1
 293      5.94093     -1.47000      9.08250   1   1
 294      5.94093      1.47000     -9.08250   1   1
 295      5.94093      1.47000      9.08250   1   1
 296     -5.09223      8.82000     -4.03667   2   1
 297      5.09223     -8.82000     -4.03667   2   1
 298     -5.09223      8.82000      4.03667   2   1
 299      5.09223     -8.82000      4.03667   2   1
 300     -3.39482      2.94000     10.09167   2   1
 301     -0.84870     -4.41000     10.09167   2   1
 302     -0.84870     -4.41000    -10.09167   2   1
 303     -3.39482      2.94000    -10.09167   2   1
 304      4.24352     -1.47000    -10.09167   2   1
 305      4.24352     -1.47000     10.09167   2   1
 306     -0.84870      4.41000    -10.09167   2   1
 307     -3.39482     -2.94000     10.09167   2   1
 308     -0.84870      4.41000     10.09167   2   1
 309      4.24352      1.47000    -10.09167   2   1
 310      4.24352      1.47000     10.09167   2   1
 311     -3.39482     -2.94000    -10.09167   2   1
 312     -2.54611      7.35000     -8.07333   2   1
 313      2.54611     -7.35000     -8.07333   2   1
 314      5.09223     -5.88000     -8.07333   2   1
 315     -5.09223      5.88000     -8.07333   2   1
 316     -2.54611      7.35000      8.07333   2   1
 317      2.54611     -7.35000      8.07333   2   1
 318     -5.09223      5.88000      8.07333   2   1
 319      5.09223     -5.88000      8.07333   2   1
 320     -3.39482      8.82000      6.05500   3   1
 321     -3.39482      8.82000     -6.05500   3   1
 322      6.78964     -8.82000     -2.01833   2   1
 323      6.78964     -8.82000      2.01833   2   1
 324      3.39482     -5.88000     -9.08250   1   1
 325      3.39482     -5.88000      9.08250   1   1
 326      3.39482      5.88000     -9.08250   1   1
 327      3.39482      5.88000      9.08250   1   1
 328     -4.24352     10.29000     -3.02750   1   1
 329     -4.24352     10.29000      3.02750   1   1
 330      0.84870      7.35000     -9.08250   1   1
 331      0.84870      7.35000      9.08250   1   1
 332      5.94093     -4.41000     -9.08250   1   1
 333      5.94093     -4.41000      9.08250   1   1
 334      5.94093      4.41000     -9.08250   1   1
 335      5.94093      4.41000      9.08250   1   1
 336      1.69741     -5.88000    -10.09167   2   1
 337      1.69741     -5.88000     10.09167   2   1
 338      1.69741      5.88000    -10.09167   2   1
 339      1.69741      5.88000     10.09167   2   1
 340      4.24352     -4.41000    -10.09167   2   1
 341      4.24352     -4.41000     10.09167   2   1
 342      4.24352      4.41000    -10.09167   2   1
 343      4.24352      4.41000     10.09167   2   1
 344      0.00000      0.00000    -12.11000   3   1
 345      0.00000      0.00000     12.11000   3   1
 346     -3.39482      5.88000    -10.09167   2   1
 347     -3.39482      5.88000     10.09167   2   1
 348      6.78964      0.00000    -10.09167   2   1
 349      6.78964      0.00000     10.09167   2   1
 350     -4.24352      7.35000      9.08250   1   1
 351     -4.24352      7.35000     -9.08250   1   1
 352      0.00000     -2.94000    -12.11000   3   1
 353      0.00000     -2.94000     12.11000   3   1
 354      0.00000      2.94000    -12.11000   3   1
 355      0.00000      2.94000     12.11000   3   1
 356      2.54611     -1.47000    -12.11000   3   1
 357      2.54611     -1.47000     12.11000   3   1
 358      2.54611      1.47000    -12.11000   3   1
 359     -2.54611      1.47000     12.11000   3   1
 360      2.54611      1.47000     12.11000   3   1
 361     -2.54611     -1.47000     12.11000   3   1
 362     -2.54611      1.47000    -12.11000   3   1
 363     -2.54611     -1.47000    -12.11000   3   1
 364      6.78964     -2.94000    -10.09167   2   1
 365      6.78964     -2.94000     10.09167   2   1
 366     -0.84870      7.35000    -10.09167   2   1
 367     -0.84870      7.35000     10.09167   2   1
 368      6.78964      2.94000    -10.09167   2   1
 369      6.78964      2.94000     10.09167   2   1
 370      6.78964     -8.82000      6.05500   3   1
 371      6.78964     -8.82000     -6.05500   3   1
 372     -1.69741      8.82000      9.08250   1   1
 373     -1.69741      8.82000     -9.08250   1   1
 374     -5.09223      8.82000     -8.07333   2   1
 375      5.09223     -8.82000     -8.07333   2   1
 376     -5.09223      8.82000      8.07333   2   1
 377      5.09223     -8.82000      8.07333   2   1
 378      5.94093     -7.35000     -9.08250   1   1
 379      5.94093     -7.35000      9.08250   1   1
 380     -2.54611     -4.41000     12.11000   3   1
 381     -2.54611     -4.41000    -12.11000   3   1
 382     -5.09223      0.00000     12.11000   3   1
 383      2.54611     -4.41000    -12.11000   3   1
 384      2.54611     -4.41000     12.11000   3   1
 385     -5.09223      0.00000    -12.11000   3   1
 386      2.54611      4.41000    -12.11000   3   1
 387      2.54611      4.41000     12.11000   3   1
 388     -2.54611      4.41000     12.11000   3   1
 389      5.09223      0.00000    -12.11000   3   1
 390      5.09223      0.00000     12.11000   3   1
 391     -2.54611      4.41000    -12.11000   3   1
 392      4.24352     -7.35000    -10.09167   2   1
 393      4.24352     -7.35000     10.09167   2   1
 394      0.00000     -5.88000    -12.11000   3   1
 395      0.00000     -5.88000     12.11000   3   1
 396     -5.09223     -2.94000    -12.11000   3   1
 397      0.00000      5.88000    -12.11000   3   1
 398      0.00000      5.88000     12.11000   3   1
 399     -5.09223      2.94000     12.11000   3   1
 400     -5.09223      2.94000    -12.11000   3   1
 401     -5.09223     -2.94000     12.11000   3   1
 402      5.09223     -2.94000    -12.11000   3   1
 403      5.09223     -2.94000     12.11000   3   1
 404      5.09223      2.94000    -12.11000   3   1
 405      5.09223      2.94000     12.11000   3   1
 406      6.78964     -5.88000    -10.09167   2   1
 407      6.78964     -5.88000     10.09167   2   1
 408     -3.39482      8.82000     10.09167   2   1
 409     -3.39482      8.82000    -10.09167   2   1
 410      1.69741      0.00000    -14.12833   2   1
 411      1.69741      0.00000     14.12833   2   1
 412     -0.84870      1.47000    -14.12833   2   1
 413     -0.84870      1.47000     14.12833   2   1
 414     -0.84870     -1.47000     14.12833   2   1
 415     -0.84870     -1.47000    -14.12833   2   1
 416     -4.24352     10.29000      9.08250   1   1
 417     -4.24352     10.29000     -9.08250   1   1
 418      2.54611     -7.35000    -12.11000   3   1
 419      2.54611     -7.35000     12.11000   3   1
 420     -2.54611      7.35000    -12.11000   3   1
 421     -5.09223      5.88000     12.11000   3   1
 422      5.09223     -5.88000    -12.11000   3   1
 423      5.09223     -5.88000     12.11000   3   1
 424     -5.09223      5.88000    -12.11000   3   1
 425     -2.54611      7.35000     12.11000   3   1
 426      1.69741     -2.94000    -14.12833   2   1
 427      1.69741     -2.94000     14.12833   2   1
 428      1.69741      2.94000    -14.12833   2   1
 429     -3.39482      0.00000     14.12833   2   1
 430      1.69741      2.94000     14.12833   2   1
 431     -3.39482      0.00000    -14.12833   2   1
 432     -0.84870     -4.41000    -14.12833   2   1
 433     -3.39482      2.94000    -14.12833   2   1
 434     -0.84870      4.41000    -14.12833   2   1
 435     -3.39482      2.94000     14.12833   2   1
 436      4.24352     -1.47000    -14.12833   2   1
 437      4.24352     -1.47000     14.12833   2   1
 438      4.24352      1.47000    -14.12833   2   1
 439      4.24352      1.47000     14.12833   2   1
 440     -3.39482     -2.94000     14.12833   2   1
 441     -3.39482     -2.94000    -14.12833   2   1
 442     -0.84870      4.41000     14.12833   2   1
 443     -0.84870     -4.41000     14.12833   2   1
 444      6.78964     -8.82000    -10.09167   2   1
 445      6.78964     -8.82000     10.09167   2   1
 446      0.84870     -1.47000     15.13750   1   1
 447      0.84870      1.47000    -15.13750   1   1
 448      0.84870      1.47000     15.13750   1   1
 449     -1.69741      0.00000     15.13750   1   1
 450     -1.69741      0.00000    -15.13750   1   1
 451      0.84870     -1.47000    -15.13750   1   1
 452      1.69741     -5.88000     14.12833   2   1
 453      4.24352     -4.41000    -14.12833   2   1
 454      4.24352     -4.41000     14.12833   2   1
 455      1.69741     -5.88000    -14.12833   2   1
 456      1.69741      5.88000    -14.12833   2   1
 457      1.69741      5.88000     14.12833   2   1
 458      4.24352      4.41000    -14.12833   2   1
 459      4.24352      4.41000     14.12833   2   1
 460     -1.69741      2.94000    -15.13750   1   1
 461     -1.69741     -2.94000    -15.13750   1   1
 462      3.39482      0.00000    -15.13750   1   1
 463      3.39482      0.00000     15.13750   1   1
 464     -1.69741      2.94000     15.13750   1   1
 465     -1.69741     -2.94000     15.13750   1   1
 466     -3.39482      5.88000    -14.12833   2   1
 467     -3.39482      5.88000     14.12833   2   1
 468      6.78964      0.00000     14.12833   2   1
 469      6.78964      0.00000    -14.12833   2   1
 470     -4.24352      1.47000     15.13750   1   1
 471      0.84870      4.41000    -15.13750   1   1
 472      0.84870      4.41000     15.13750   1   1
 473      3.39482     -2.94000    -15.13750   1   1
 474     -4.24352      1.47000    -15.13750   1   1
 475      3.39482     -2.94000     15.13750   1   1
 476      0.84870     -4.41000    -15.13750   1   1
 477      0.84870     -4.41000     15.13750   1   1
 478      3.39482      2.94000    -15.13750   1   1
 479      3.39482      2.94000     15.13750   1   1
 480     -4.24352     -1.47000     15.13750   1   1
 481     -4.24352     -1.47000    -15.13750   1   1
 482     -5.09223      8.82000    -12.11000   3   1
 483     -5.09223      8.82000     12.11000   3   1
 484      5.09223     -8.82000    -12.11000   3   1
 485      5.09223     -8.82000     12.11000   3   1
 486      6.78964     -2.94000    -14.12833   2   1
 487      6.78964     -2.94000     14.12833   2   1
 488     -0.84870      7.35000    -14.12833   2   1
 489     -0.84870      7.35000     14.12833   2   1
 490      6.78964      2.94000    -14.12833   2   1
 491      6.78964      2.94000     14.12833   2   1
 492      0.00000      0.00000    -16.14667   2   1
 493      0.00000      0.00000     16.14667   2   1
 494     -1.69741      5.88000     15.13750   1   1
 495     -4.24352      4.41000    -15.13750   1   1
 496     -4.24352      4.41000     15.13750   1   1
 497     -1.69741      5.88000    -15.13750   1   1
 498      5.94093     -1.47000    -15.13750   1   1
 499      5.94093     -1.47000     15.13750   1   1
 500      5.94093      1.47000    -15.13750   1   1
 501      5.94093      1.47000     15.13750   1   1
 502     -2.54611     -1.47000    -16.14667   2   1
 503      0.00000      2.94000    -16.14667   2   1
 504      2.54611     -1.47000    -16.14667   2   1
 505      2.54611      1.47000    -16.14667   2   1
 506      0.00000     -2.94000    -16.14667   2   1
 507     -2.54611      1.47000    -16.14667   2   1
 508      0.00000      2.94000     16.14667   2   1
 509     -2.54611     -1.47000     16.14667   2   1
 510     -2.54611      1.47000     16.14667   2   1
 511      2.54611     -1.47000     16.14667   2   1
 512      2.54611      1.47000     16.14667   2   1
 513      0.00000     -2.94000     16.14667   2   1
 514      4.24352     -7.35000    -14.12833   2   1
 515      4.24352     -7.35000     14.12833   2   1
 516      3.39482     -5.88000    -15.13750   1   1
 517      3.39482     -5.88000     15.13750   1   1
 518      3.39482      5.88000    -15.13750   1   1
 519      3.39482      5.88000     15.13750   1   1
 520      6.78964     -5.88000    -14.12833   2   1
 521      6.78964     -5.88000     14.12833   2   1
 522      0.84870      7.35000    -15.13750   1   1
 523      0.84870      7.35000     15.13750   1   1
 524      5.94093     -4.41000    -15.13750   1   1
 525      5.94093     -4.41000     15.13750   1   1
 526      5.94093      4.41000    -15.13750   1   1
 527      5.94093      4.41000     15.13750   1   1
 528      2.54611     -4.41000    -16.14667   2   1
 529      2.54611      4.41000    -16.14667   2   1
 530     -2.54611      4.41000    -16.14667   2   1
 531     -2.54611     -4.41000    -16.14667   2   1
 532     -5.09223      0.00000    -16.14667   2   1
 533      5.09223      0.00000    -16.14667   2   1
 534     -2.54611     -4.41000     16.14667   2   1
 535      2.54611      4.41000     16.14667   2   1
 536      2.54611     -4.41000     16.14667   2   1
 537     -2.54611      4.41000     16.14667   2   1
 538     -5.09223      0.00000     16.14667   2   1
 539      5.09223      0.00000     16.14667   2   1
 540     -3.39482      8.82000    -14.12833   2   1
 541     -3.39482      8.82000     14.12833   2   1
 542      0.00000      5.88000    -16.14667   2   1
 543      0.00000     -5.88000    -16.14667   2   1
 544     -5.09223     -2.94000    -16.14667   2   1
 545      5.09223     -2.94000    -16.14667   2   1
 546     -5.09223      2.94000    -16.14667   2   1
 547      5.09223      2.94000    -16.14667   2   1
 548      0.00000      5.88000     16.14667   2   1
 549     -5.09223     -2.94000     16.14667   2   1
 550      5.09223     -2.94000     16.14667   2   1
 551     -5.09223      2.94000     16.14667   2   1
 552      0.00000     -5.88000     16.14667   2   1
 553      5.09223      2.94000     16.14667   2   1
 554     -4.24352      7.35000    -15.13750   1   1
 555     -4.24352      7.35000     15.13750   1   1
 556     -1.69741      8.82000     15.13750   1   1
 557     -1.69741      8.82000    -15.13750   1   1
 558      5.94093     -7.35000    -15.13750   1   1
 559      5.94093     -7.35000     15.13750   1   1
 560      2.54611     -7.35000    -16.14667   2   1
 561     -5.09223      5.88000    -16.14667   2   1
 562      5.09223     -5.88000    -16.14667   2   1
 563     -2.54611      7.35000    -16.14667   2   1
 564      2.54611     -7.35000     16.14667   2   1
 565      5.09223     -5.88000     16.14667   2   1
 566     -5.09223      5.88000     16.14667   2   1
 567     -2.54611      7.35000     16.14667   2   1
 568      6.78964     -8.82000    -14.12833   2   1
 569      6.78964     -8.82000     14.12833   2   1
 570     -0.84870     -1.47000    -18.16500   3   1
 571     -0.84870      1.47000    -18.16500   3   1
 572      1.69741      0.00000     18.16500   3   1
 573     -0.84870      1.47000     18.16500   3   1
 574      1.69741      0.00000    -18.16500   3   1
 575     -0.84870     -1.47000     18.16500   3   1
 576      1.69741      2.94000    -18.16500   3   1
 577      1.69741     -2.94000     18.16500   3   1
 578     -3.39482      0.00000    -18.16500   3   1
 579     -3.39482      0.00000     18.16500   3   1
 580      1.69741     -2.94000    -18.16500   3   1
 581      1.69741      2.94000     18.16500   3   1
 582      4.24352     -1.47000    -18.16500   3   1
 583     -3.39482     -2.94000     18.16500   3   1
 584      4.24352     -1.47000     18.16500   3   1
 585      4.24352      1.47000    -18.16500   3   1
 586     -3.39482      2.94000    -18.16500   3   1
 587      4.24352      1.47000     18.16500   3   1
 588     -3.39482     -2.94000    -18.16500   3   1
 589     -0.84870     -4.41000    -18.16500   3   1
 590     -3.39482      2.94000     18.16500   3   1
 591     -0.84870     -4.41000     18.16500   3   1
 592     -0.84870      4.41000     18.16500   3   1
 593     -0.84870      4.41000    -18.16500   3   1
 594     -4.24352     10.29000    -15.13750   1   1
 595     -4.24352     10.29000     15.13750   1   1
 596      5.09223     -8.82000    -16.14667   2   1
 597     -5.09223      8.82000    -16.14667   2   1
 598     -5.09223      8.82000     16.14667   2   1
 599      5.09223     -8.82000     16.14667   2   1
 600      4.24352     -4.41000    -18.16500   3   1
 601      4.24352     -4.41000     18.16500   3   1
 602      1.69741     -5.88000    -18.16500   3   1
 603      4.24352      4.41000    -18.16500   3   1
 604      4.24352      4.41000     18.16500   3   1
 605      1.69741      5.88000    -18.16500   3   1
 606      1.69741     -5.88000     18.16500   3   1
 607      1.69741      5.88000     18.16500   3   1
 608     -3.39482      5.88000     18.16500   3   1
 609     -3.39482      5.88000    -18.16500   3   1
 610      6.78964      0.00000    -18.16500   3   1
 611      6.78964      0.00000     18.16500   3   1
 612     -0.84870      7.35000     18.16500   3   1
 613      6.78964     -2.94000    -18.16500   3   1
 614      6.78964     -2.94000     18.16500   3   1
 615     -0.84870      7.35000    -18.16500   3   1
 616      6.78964      2.94000    -18.16500   3   1
 617      6.78964      2.94000     18.16500   3   1
 618      4.24352     -7.35000     18.16500   3   1
 619      4.24352     -7.35000    -18.16500   3   1
 620      0.00000      0.00000    -20.18333   2   1
 621      0.00000      0.00000     20.18333   2   1
 622      6.78964     -5.88000    -18.16500   3   1
 623      6.78964     -5.88000     18.16500   3   1
 624      2.54611     -1.47000    -20.18333   2   1
 625      2.54611      1.47000    -20.18333   2   1
 626      0.00000      2.94000    -20.18333   2   1
 627     -2.54611      1.47000    -20.18333   2   1
 628     -2.54611     -1.47000    -20.18333   2   1
 629      0.00000     -2.94000    -20.18333   2   1
 630      2.54611     -1.47000     20.18333   2   1
 631     -2.54611      1.47000     20.18333   2   1
 632     -2.54611     -1.47000     20.18333   2   1
 633      2.54611      1.47000     20.18333   2   1
 634      0.00000     -2.94000     20.18333   2   1
 635      0.00000      2.94000     20.18333   2   1
 636     -3.39482      8.82000     18.16500   3   1
 637     -3.39482      8.82000    -18.16500   3   1
 638      2.54611     -4.41000    -20.18333   2   1
 639      2.54611      4.41000    -20.18333   2   1
 640     -2.54611      4.41000    -20.18333   2   1
 641     -2.54611     -4.41000    -20.18333   2   1
 642      5.09223      0.00000    -20.18333   2   1
 643     -5.09223      0.00000    -20.18333   2   1
 644      2.54611     -4.41000     20.18333   2   1
 645      2.54611      4.41000     20.18333   2   1
 646     -2.54611     -4.41000     20.18333   2   1
 647     -5.09223      0.00000     20.18333   2   1
 648      5.09223      0.00000     20.18333   2   1
 649     -2.54611      4.41000     20.18333   2   1
 650     -5.09223     -2.94000    -20.18333   2   1
 651     -5.09223      2.94000    -20.18333   2   1
 652      0.00000      5.88000    -20.18333   2   1
 653      5.09223     -2.94000    -20.18333   2   1
 654      0.00000     -5.88000    -20.18333   2   1
 655      5.09223      2.94000    -20.18333   2   1
 656      0.00000     -5.88000     20.18333   2   1
 657      5.09223     -2.94000     20.18333   2   1
 658     -5.09223      2.94000     20.18333   2   1
 659      0.00000      5.88000     20.18333   2   1
 660     -5.09223     -2.94000     20.18333   2   1
 661      5.09223      2.94000     20.18333   2   1
 662     -1.69741      0.00000    -21.19250   1   1
 663      0.84870      1.47000     21.19250   1   1
 664      0.84870     -1.47000    -21.19250   1   1
 665     -1.69741      0.00000     21.19250   1   1
 666      0.84870     -1.47000     21.19250   1   1
 667      0.84870      1.47000    -21.19250   1   1
 668      6.78964     -8.82000    -18.16500   3   1
 669      6.78964     -8.82000     18.16500   3   1
 670     -1.69741     -2.94000     21.19250   1   1
 671     -1.69741      2.94000    -21.19250   1   1
 672     -1.69741     -2.94000    -21.19250   1   1
 673     -1.69741      2.94000     21.19250   1   1
 674      3.39482      0.00000    -21.19250   1   1
 675      3.39482      0.00000     21.19250   1   1
 676      2.54611     -7.35000    -20.18333   2   1
 677     -5.09223      5.88000    -20.18333   2   1
 678      5.09223     -5.88000    -20.18333   2   1
 679     -2.54611      7.35000    -20.18333   2   1
 680     -5.09223      5.88000     20.18333   2   1
 681      2.54611     -7.35000     20.18333   2   1
 682      5.09223     -5.88000     20.18333   2   1
 683     -2.54611      7.35000     20.18333   2   1
 684     -4.24352     -1.47000     21.19250   1   1
 685      3.39482      2.94000    -21.19250   1   1
 686     -4.24352      1.47000    -21.19250   1   1
 687      3.39482      2.94000     21.19250   1   1
 688      0.84870     -4.41000     21.19250   1   1
 689      0.84870     -4.41000    -21.19250   1   1
 690      3.39482     -2.94000    -21.19250   1   1
 691      0.84870      4.41000    -21.19250   1   1
 692     -4.24352      1.47000     21.19250   1   1
 693      3.39482     -2.94000     21.19250   1   1
 694      0.84870      4.41000     21.19250   1   1
 695     -4.24352     -1.47000    -21.19250   1   1
 696     -4.24352      4.41000     21.19250   1   1
 697     -1.69741      5.88000    -21.19250   1   1
 698      5.94093     -1.47000    -21.19250   1   1
 699      5.94093     -1.47000     21.19250   1   1
 700      5.94093      1.47000    -21.19250   1   1
 701     -1.69741      5.88000     21.19250   1   1
 702      5.94093      1.47000     21.19250   1   1
 703     -4.24352      4.41000    -21.19250   1   1
 704      3.39482     -5.88000     21.19250   1   1
 705      3.39482      5.88000    -21.19250   1   1
 706      3.39482      5.88000     21.19250   1   1
 707      3.39482     -5.88000    -21.19250   1   1
 708     -0.84870     -1.47000     22.20167   2   1
 709     -0.84870     -1.47000    -22.20167   2   1
 710      1.69741      0.00000    -22.20167   2   1
 711     -0.84870      1.47000     22.20167   2   1
 712     -0.84870      1.47000    -22.20167   2   1
 713      1.69741      0.00000     22.20167   2   1
 714      0.84870      7.35000     21.19250   1   1
 715      0.84870      7.35000    -21.19250   1   1
 716      5.94093     -4.41000    -21.19250   1   1
 717      5.94093     -4.41000     21.19250   1   1
 718      5.94093      4.41000    -21.19250   1   1
 719      5.94093      4.41000     21.19250   1   1
 720      1.69741     -2.94000    -22.20167   2   1
 721      1.69741     -2.94000     22.20167   2   1
 722     -3.39482      0.00000     22.20167   2   1
 723     -3.39482      0.00000    -22.20167   2   1
 724      1.69741      2.94000    -22.20167   2   1
 725      1.69741      2.94000     22.20167   2   1
 726      5.09223     -8.82000    -20.18333   2   1
 727     -5.09223      8.82000    -20.18333   2   1
 728     -5.09223      8.82000     20.18333   2   1
 729      5.09223     -8.82000     20.18333   2   1
 730     -0.84870      4.41000    -22.20167   2   1
 731      4.24352      1.47000     22.20167   2   1
 732      4.24352     -1.47000    -22.20167   2   1
 733     -3.39482     -2.94000    -22.20167   2   1
 734     -3.39482     -2.94000     22.20167   2   1
 735     -3.39482      2.94000    -22.20167   2   1
 736      4.24352     -1.47000     22.20167   2   1
 737     -0.84870     -4.41000     22.20167   2   1
 738     -0.84870      4.41000     22.20167   2   1
 739     -3.39482      2.94000     22.20167   2   1
 740      4.24352      1.47000    -22.20167   2   1
 741     -0.84870     -4.41000    -22.20167   2   1
 742     -4.24352      7.35000     21.19250   1   1
 743     -4.24352      7.35000    -21.19250   1   1
 744     -1.69741      8.82000     21.19250   1   1
 745     -1.69741      8.82000    -21.19250   1   1
 746      4.24352     -4.41000    -22.20167   2   1
 747      4.24352     -4.41000     22.20167   2   1
 748      1.69741     -5.88000     22.20167   2   1
 749      1.69741     -5.88000    -22.20167   2   1
 750      1.69741      5.88000     22.20167   2   1
 751      4.24352      4.41000     22.20167   2   1
 752      1.69741      5.88000    -22.20167   2   1
 753      4.24352      4.41000    -22.20167   2   1
 754      5.94093     -7.35000    -21.19250   1   1
 755      5.94093     -7.35000     21.19250   1   1
 756     -3.39482      5.88000     22.20167   2   1
 757      6.78964      0.00000    -22.20167   2   1
 758     -3.39482      5.88000    -22.20167   2   1
 759      6.78964      0.00000     22.20167   2   1
 760      6.78964     -2.94000    -22.20167   2   1
 761     -0.84870      7.35000     22.20167   2   1
 762     -0.84870      7.35000    -22.20167   2   1
 763      6.78964     -2.94000     22.20167   2   1
 764      6.78964      2.94000    -22.20167   2   1
 765      6.78964      2.94000     22.20167   2   1
 766      4.24352     -7.35000    -22.20167   2   1
 767      4.24352     -7.35000     22.20167   2   1
 768     -4.24352     10.29000     21.19250   1   1
 769     -4.24352     10.29000    -21.19250   1   1
 770      6.78964     -5.88000    -22.20167   2   1
 771      6.78964     -5.88000     22.20167   2   1
 772     -3.39482      8.82000    -22.20167   2   1
 773     -3.39482      8.82000     22.20167   2   1
 774      0.00000      0.00000     24.22000   3   1
 775      0.00000      0.00000    -24.22000   3   1
 776      0.00000     -2.94000     24.22000   3   1
 777      0.00000      2.94000     24.22000   3   1
 778     -2.54611     -1.47000    -24.22000   3   1
 779     -2.54611      1.47000    -24.22000   3   1
 780     -2.54611      1.47000     24.22000   3   1
 781      2.54611      1.47000    -24.22000   3   1
 782      0.00000     -2.94000    -24.22000   3   1
 783      2.54611      1.47000     24.22000   3   1
 784     -2.54611     -1.47000     24.22000   3   1
 785      0.00000      2.94000    -24.22000   3   1
 786      2.54611     -1.47000     24.22000   3   1
 787      2.54611     -1.47000    -24.22000   3   1
 788      2.54611      4.41000     24.22000   3   1
 789     -2.54611     -4.41000     24.22000   3   1
 790     -2.54611      4.41000    -24.22000   3   1
 791      2.54611      4.41000    -24.22000   3   1
 792     -2.54611      4.41000     24.22000   3   1
 793     -5.09223      0.00000     24.22000   3   1
 794      2.54611     -4.41000    -24.22000   3   1
 795      5.09223      0.00000    -24.22000   3   1
 796     -5.09223      0.00000    -24.22000   3   1
 797     -2.54611     -4.41000    -24.22000   3   1
 798      5.09223      0.00000     24.22000   3   1
 799      2.54611     -4.41000     24.22000   3   1
 800      6.78964     -8.82000    -22.20167   2   1
 801      6.78964     -8.82000     22.20167   2   1
 802      0.00000      5.88000     24.22000   3   1
 803      0.00000     -5.88000     24.22000   3   1
 804      0.00000     -5.88000    -24.22000   3   1
 805     -5.09223      2.94000    -24.22000   3   1
 806      5.09223     -2.94000    -24.22000   3   1
 807      5.09223     -2.94000     24.22000   3   1
 808     -5.09223      2.94000     24.22000   3   1
 809     -5.09223     -2.94000    -24.22000   3   1
 810     -5.09223     -2.94000     24.22000   3   1
 811      5.09223      2.94000    -24.22000   3   1
 812      0.00000      5.88000    -24.22000   3   1
 813      5.09223      2.94000     24.22000   3   1
 814     -2.54611      7.35000    -24.22000   3   1
 815      5.09223     -5.88000    -24.22000   3   1
 816     -2.54611      7.35000     24.22000   3   1
 817      5.09223     -5.88000     24.22000   3   1
 818     -5.09223      5.88000    -24.22000   3   1
 819      2.54611     -7.35000     24.22000   3   1
 820      2.54611     -7.35000    -24.22000   3   1
 821     -5.09223      5.88000     24.22000   3   1
 822      5.09223     -8.82000     24.22000   3   1
 823     -5.09223      8.82000    -24.22000   3   1
 824      5.09223     -8.82000    -24.22000   3   1
 825     -5.09223      8.82000     24.22000   3   1
 826     -0.84870      1.47000     26.23833   2   1
 827     -0.84870     -1.47000     26.23833   2   1
 828      1.69741      0.00000     26.23833   2   1
 829     -3.39482      0.00000     26.23833   2   1
 830      1.69741     -2.94000     26.23833   2   1
 831      1.69741      2.94000     26.23833   2   1
 832      4.24352     -1.47000     26.23833   2   1
 833     -0.84870      4.41000     26.23833   2   1
 834      4.24352      1.47000     26.23833   2   1
 835     -0.84870     -4.41000     26.23833   2   1
 836     -3.39482     -2.94000     26.23833   2   1
 837     -3.39482      2.94000     26.23833   2   1
 838      1.69741      5.88000     26.23833   2   1
 839      1.69741     -5.88000     26.23833   2   1
 840      4.24352     -4.41000     26.23833   2   1
 841      4.24352      4.41000     26.23833   2   1
 842     -3.39482      5.88000     26.23833   2   1
 843      6.78964      0.00000     26.23833   2   1
 844     -0.84870      7.35000     26.23833   2   1
 845      6.78964     -2.94000     26.23833   2   1
 846      6.78964      2.94000     26.23833   2   1
 847     -1.69741      0.00000     27.24750   1   1
 848      0.84870     -1.47000     27.24750   1   1
 849      0.84870      1.47000     27.24750   1   1
 850     -1.69741      2.94000     27.24750   1   1
 851      3.39482      0.00000     27.24750   1   1
 852     -1.69741     -2.94000     27.24750   1   1
 853      4.24352     -7.35000     26.23833   2   1
 854      0.84870     -4.41000     27.24750   1   1
 855     -4.24352     -1.47000     27.24750   1   1
 856      3.39482     -2.94000     27.24750   1   1
 857     -4.24352      1.47000     27.24750   1   1
 858      0.84870      4.41000     27.24750   1   1
 859      3.39482      2.94000     27.24750   1   1
 860      6.78964     -5.88000     26.23833   2   1
 861     -3.39482      8.82000     26.23833   2   1
 862     -4.24352      4.41000     27.24750   1   1
 863      5.94093     -1.47000     27.24750   1   1
 864     -1.69741      5.88000     27.24750   1   1
 865      5.94093      1.47000     27.24750   1   1
 866      3.39482      5.88000     27.24750   1   1
 867      3.39482     -5.88000     27.24750   1   1
 868      5.94093     -4.41000     27.24750   1   1
 869      0.84870      7.35000     27.24750   1   1
 870      5.94093      4.41000     27.24750   1   1
 871      0.00000      0.00000     28.25667   2   1
 872      2.54611      1.47000     28.25667   2   1
 873      0.00000     -2.94000     28.25667   2   1
 874      2.54611     -1.47000     28.25667   2   1
 875     -2.54611     -1.47000     28.25667   2   1
 876      0.00000      2.94000     28.25667   2   1
 877     -2.54611      1.47000     28.25667   2   1
 878      6.78964     -8.82000     26.23833   2   1
 879     -4.24352      7.35000     27.24750   1   1
 880     -1.69741      8.82000     27.24750   1   1
 881      2.54611      4.41000     28.25667   2   1
 882     -5.09223      0.00000     28.25667   2   1
 883     -2.54611      4.41000     28.25667   2   1
 884      5.09223      0.00000     28.25667   2   1
 885     -2.54611     -4.41000     28.25667   2   1
 886      2.54611     -4.41000     28.25667   2   1
 887      5.94093     -7.35000     27.24750   1   1
 888      0.00000      5.88000     28.25667   2   1
 889     -5.09223     -2.94000     28.25667   2   1
 890      5.09223     -2.94000     28.25667   2   1
 891     -5.09223      2.94000     28.25667   2   1
 892      0.00000     -5.88000     28.25667   2   1
 893      5.09223      2.94000     28.25667   2   1
 894     -5.09223      5.88000     28.25667   2   1
 895      2.54611     -7.35000     28.25667   2   1
 896      5.09223     -5.88000     28.25667   2   1
 897     -2.54611      7.35000     28.25667   2   1
 898     -4.24352     10.29000     27.24750   1   1
 899     -5.09223      8.82000     28.25667   2   1
 900      5.09223     -8.82000     28.25667   2   1
 901      1.69741      0.00000     30.27500   3   1
 902     -0.84870     -1.47000     30.27500   3   1
 903     -0.84870      1.47000     30.27500   3   1
 904      1.69741     -2.94000     30.27500   3   1
 905     -3.39482      0.00000     30.27500   3   1
 906      1.69741      2.94000     30.27500   3   1
 907     -0.84870      4.41000     30.27500   3   1
 908     -3.39482     -2.94000     30.27500   3   1
 909     -0.84870     -4.41000     30.27500   3   1
 910      4.24352     -1.47000     30.27500   3   1
 911      4.24352      1.47000     30.27500   3   1
 912     -3.39482      2.94000     30.27500   3   1
 913      4.24352      4.41000     30.27500   3   1
 914      1.69741     -5.88000     30.27500   3   1
 915      1.69741      5.88000     30.27500   3   1
 916      4.24352     -4.41000     30.27500   3   1
 917     -3.39482      5.88000     30.27500   3   1
 918      6.78964      0.00000     30.27500   3   1
 919      6.78964     -2.94000     30.27500   3   1
 920     -0.84870      7.35000     30.27500   3   1
 921      6.78964      2.94000     30.27500   3   1
 922      4.24352     -7.35000     30.27500   3   1
 923      6.78964     -5.88000     30.27500   3   1
 924     -3.39482      8.82000     30.27500   3   1
 925      6.78964     -8.82000     30.27500   3   1
 926      0.00000      0.00000     32.29333   2   1
 927      0.00000      2.94000     32.29333   2   1
 928      2.54611      1.47000     32.29333   2   1
 929     -2.54611     -1.47000     32.29333   2   1
 930      2.54611     -1.47000     32.29333   2   1
 931      0.00000     -2.94000     32.29333   2   1
 932     -2.54611      1.47000     32.29333   2   1
 933     -2.54611     -4.41000     32.29333   2   1
 934      2.54611     -4.41000     32.29333   2   1
 935      5.09223      0.00000     32.29333   2   1
 936      2.54611      4.41000     32.29333   2   1
 937     -5.09223      0.00000     32.29333   2   1
 938     -2.54611      4.41000     32.29333   2   1
 939     -5.09223     -2.94000     32.29333   2   1
 940      0.00000     -5.88000     32.29333   2   1
 941     -5.09223      2.94000     32.29333   2   1
 942      5.09223     -2.94000     32.29333   2   1
 943      0.00000      5.88000     32.29333   2   1
 944      5.09223      2.94000     32.29333   2   1
 945     -2.54611      7.35000     32.29333   2   1
 946      5.09223     -5.88000     32.29333   2   1
 947     -5.09223      5.88000     32.29333   2   1
 948      2.54611     -7.35000     32.29333   2   1
 949      0.84870     -1.47000     33.30250   1   1
 950     -1.69741      0.00000     33.30250   1   1
 951      0.84870      1.47000     33.30250   1   1
 952     -1.69741      2.94000     33.30250   1   1
 953      3.39482      0.00000     33.30250   1   1
 954     -1.69741     -2.94000     33.30250   1   1
 955      0.84870     -4.41000     33.30250   1   1
 956      0.84870      4.41000     33.30250   1   1
 957     -4.24352      1.47000     33.30250   1   1
 958      3.39482      2.94000     33.30250   1   1
 959     -4.24352     -1.47000     33.30250   1   1
 960      3.39482     -2.94000     33.30250   1   1
 961     -4.24352      4.41000     33.30250   1   1
 962      5.94093      1.47000     33.30250   1   1
 963      5.94093     -1.47000     33.30250   1   1
 964     -1.69741      5.88000     33.30250   1   1
 965      5.09223     -8.82000     32.29333   2   1
 966     -5.09223      8.82000     32.29333   2   1
 967      3.39482     -5.88000     33.30250   1   1
 968      3.39482      5.88000     33.30250   1   1
 969      0.84870      7.35000     33.30250   1   1
 970      5.94093      4.41000     33.30250   1   1
 971      5.94093     -4.41000     33.30250   1   1
 972     -0.84870     -1.47000     34.31167   2   1
 973     -0.84870      1.47000     34.31167   2   1
 974      1.69741      0.00000     34.31167   2   1
 975     -4.24352      7.35000     33.30250   1   1
 976      1.69741     -2.94000     34.31167   2   1
 977     -3.39482      0.00000     34.31167   2   1
 978      1.69741      2.94000     34.31167   2   1
 979     -1.69741      8.82000     33.30250   1   1
 980     -0.84870      4.41000     34.31167   2   1
 981     -3.39482      2.94000     34.31167   2   1
 982     -3.39482     -2.94000     34.31167   2   1
 983     -0.84870     -4.41000     34.31167   2   1
 984      4.24352     -1.47000     34.31167   2   1
 985      4.24352      1.47000     34.31167   2   1
 986      5.94093     -7.35000     33.30250   1   1
 987      4.24352     -4.41000     34.31167   2   1
 988      1.69741     -5.88000     34.31167   2   1
 989      4.24352      4.41000     34.31167   2   1
 990      1.69741      5.88000     34.31167   2   1
 991     -3.39482      5.88000     34.31167   2   1
 992      6.78964      0.00000     34.31167   2   1
 993     -0.84870      7.35000     34.31167   2   1
 994      6.78964      2.94000     34.31167   2   1
 995      6.78964     -2.94000     34.31167   2   1
 996     -4.24352     10.29000     33.30250   1   1
 997      4.24352     -7.35000     34.31167   2   1
 998      6.78964     -5.88000     34.31167   2   1
 999     -3.39482      8.82000     34.31167   2   1
1000      6.78964     -8.82000     34.31167   2   1
