#  Fermi level (eV):  -3.777
#  Charge transfer :   0.000
#    Electron counts for each orbital momentum:
#       0      0.000
#       1      0.000
#       2      0.000
#       3      0.000
#  Number of atoms in cluster: ***
#  Lorentzian broadening with HWHH     0.1000 eV
# -----------------------------------------------------------------------
#      e        sDOS           pDOS          dDOS          fDOS    @#
   -30.0000  1.218514E-04  2.931570E-04  6.730099E-04  1.311079E-04
   -29.5000  1.271671E-04  2.968791E-04  6.991259E-04  1.331190E-04
   -29.0000  1.329458E-04  3.010938E-04  7.269182E-04  1.351914E-04
   -28.5000  1.392453E-04  3.058361E-04  7.565385E-04  1.373287E-04
   -28.0000  1.461335E-04  3.111468E-04  7.881559E-04  1.395322E-04
   -27.5000  1.536903E-04  3.170730E-04  8.219601E-04  1.418081E-04
   -27.0000  1.620105E-04  3.236697E-04  8.581646E-04  1.441582E-04
   -26.5000  1.712074E-04  3.310007E-04  8.970097E-04  1.465872E-04
   -26.0000  1.814176E-04  3.391414E-04  9.387674E-04  1.490998E-04
   -25.5000  1.928068E-04  3.481798E-04  9.837465E-04  1.517006E-04
   -25.0000  2.055784E-04  3.582207E-04  1.032299E-03  1.543952E-04
   -24.5000  2.199849E-04  3.693887E-04  1.084827E-03  1.571893E-04
   -24.0000  2.363427E-04  3.818335E-04  1.141792E-03  1.600895E-04
   -23.5000  2.550548E-04  3.957369E-04  1.203727E-03  1.631027E-04
   -23.0000  2.766414E-04  4.113211E-04  1.271250E-03  1.662355E-04
   -22.5000  3.017860E-04  4.288619E-04  1.345080E-03  1.694994E-04
   -22.0000  3.314052E-04  4.487061E-04  1.426065E-03  1.729027E-04
   -21.5000  3.667569E-04  4.712968E-04  1.515191E-03  1.764566E-04
   -21.0000  4.096150E-04  4.972114E-04  1.613642E-03  1.801737E-04
   -20.5000  4.625663E-04  5.272202E-04  1.722831E-03  1.840688E-04
   -20.0000  5.295371E-04  5.623808E-04  1.844463E-03  1.881565E-04
   -19.5000  6.167977E-04  6.041979E-04  1.980621E-03  1.924591E-04
   -19.0000  7.350396E-04  6.549141E-04  2.133878E-03  1.969988E-04
   -18.5000  9.041795E-04  7.180850E-04  2.307468E-03  2.018042E-04
   -18.0000  1.166335E-03  7.998688E-04  2.505549E-03  2.069120E-04
   -17.5000  1.630246E-03  9.124975E-04  2.733659E-03  2.123821E-04
   -17.0000  2.704099E-03  1.087140E-03  2.999687E-03  2.184502E-04
   -16.5000  9.212560E-03  1.483238E-03  3.317363E-03  2.507610E-04
   -16.0000  4.355336E-02  3.873193E-03  3.749531E-03  2.326532E-04
   -15.5000  5.985289E-02  8.518807E-03  4.464507E-03  2.413232E-04
   -15.0000  6.891779E-02  1.439913E-02  5.617215E-03  2.556779E-04
   -14.5000  7.435366E-02  2.106403E-02  7.361917E-03  2.782968E-04
   -14.0000  7.761049E-02  2.823327E-02  9.880261E-03  3.129571E-04
   -13.5000  7.944462E-02  3.570634E-02  1.340494E-02  3.637068E-04
   -13.0000  8.030450E-02  4.333009E-02  1.825054E-02  4.347438E-04
   -12.5000  8.047720E-02  5.098367E-02  2.485988E-02  5.303354E-04
   -12.0000  8.015598E-02  5.857011E-02  3.387827E-02  6.547562E-04
   -11.5000  7.947577E-02  6.601123E-02  4.627795E-02  8.122405E-04
   -11.0000  7.853336E-02  7.324414E-02  6.357679E-02  1.006945E-03
   -10.5000  7.739961E-02  8.021867E-02  8.823933E-02  1.242915E-03
   -10.0000  7.612740E-02  8.689551E-02  1.244524E-01  1.524071E-03
    -9.5000  7.475651E-02  9.324454E-02  1.797153E-01  1.854173E-03
    -9.0000  7.331731E-02  9.924358E-02  2.683182E-01  2.236820E-03
    -8.5000  7.183318E-02  1.048773E-01  4.194790E-01  2.675431E-03
    -8.0000  7.032218E-02  1.101360E-01  6.972813E-01  3.173239E-03
    -7.5000  6.879838E-02  1.150152E-01  1.245824E+00  3.733282E-03
    -7.0000  6.727274E-02  1.195146E-01  2.310614E+00  4.358396E-03
    -6.5000  6.575383E-02  1.236371E-01  3.569138E+00  5.051216E-03
    -6.0000  6.424834E-02  1.273888E-01  3.236414E+00  5.814174E-03
    -5.5000  6.276148E-02  1.307784E-01  2.045801E+00  6.649492E-03
    -5.0000  6.129728E-02  1.338161E-01  1.261465E+00  7.559182E-03
    -4.5000  5.985889E-02  1.365139E-01  8.361229E-01  8.545052E-03
    -4.0000  5.844866E-02  1.388850E-01  5.969186E-01  9.608703E-03
    -3.5000  5.706834E-02  1.409433E-01  4.528264E-01  1.075154E-02
    -3.0000  5.571923E-02  1.427035E-01  3.604567E-01  1.197475E-02
    -2.5000  5.440222E-02  1.441806E-01  2.981926E-01  1.327931E-02
    -2.0000  5.311789E-02  1.453897E-01  2.545370E-01  1.466603E-02
    -1.5000  5.186660E-02  1.463461E-01  2.229825E-01  1.613549E-02
    -1.0000  5.064843E-02  1.470648E-01  1.996391E-01  1.768812E-02
    -0.5000  4.946335E-02  1.475607E-01  1.820701E-01  1.932413E-02
     0.0000  4.831120E-02  1.478484E-01  1.686865E-01  2.104353E-02
     0.5000  4.719169E-02  1.479420E-01  1.584158E-01  2.284617E-02
     1.0000  4.610445E-02  1.478552E-01  1.505119E-01  2.473174E-02
     1.5000  4.504905E-02  1.476012E-01  1.444419E-01  2.669968E-02
     2.0000  4.402500E-02  1.471929E-01  1.398162E-01  2.874935E-02
     2.5000  4.303176E-02  1.466423E-01  1.363440E-01  3.087987E-02
     3.0000  4.206877E-02  1.459610E-01  1.338040E-01  3.309020E-02
     3.5000  4.113544E-02  1.451602E-01  1.320250E-01  3.537922E-02
     4.0000  4.023120E-02  1.442502E-01  1.308724E-01  3.774556E-02
     4.5000  3.935537E-02  1.432413E-01  1.302390E-01  4.018773E-02
     5.0000  3.850736E-02  1.421427E-01  1.300382E-01  4.270408E-02
     5.5000  3.768654E-02  1.409633E-01  1.301991E-01  4.529284E-02
     6.0000  3.689229E-02  1.397114E-01  1.306628E-01  4.795207E-02
     6.5000  3.612396E-02  1.383950E-01  1.313806E-01  5.067968E-02
     7.0000  3.538095E-02  1.370215E-01  1.323110E-01  5.347344E-02
     7.5000  3.466262E-02  1.355977E-01  1.334187E-01  5.633111E-02
     8.0000  3.396838E-02  1.341302E-01  1.346736E-01  5.925018E-02
     8.5000  3.329762E-02  1.326249E-01  1.360493E-01  6.222810E-02
     9.0000  3.264976E-02  1.310877E-01  1.375232E-01  6.526215E-02
     9.5000  3.202419E-02  1.295237E-01  1.390750E-01  6.834958E-02
    10.0000  3.142036E-02  1.279379E-01  1.406873E-01  7.148742E-02
    10.5000  3.083770E-02  1.263348E-01  1.423442E-01  7.467271E-02
    11.0000  3.027565E-02  1.247186E-01  1.440320E-01  7.790235E-02
    11.5000  2.973366E-02  1.230933E-01  1.457380E-01  8.117314E-02
    12.0000  2.921122E-02  1.214626E-01  1.474513E-01  8.448192E-02
    12.5000  2.870779E-02  1.198298E-01  1.491617E-01  8.782514E-02
    13.0000  2.822288E-02  1.181979E-01  1.508603E-01  9.119949E-02
    13.5000  2.775599E-02  1.165699E-01  1.525390E-01  9.460150E-02
    14.0000  2.730663E-02  1.149484E-01  1.541904E-01  9.802759E-02
    14.5000  2.687431E-02  1.133358E-01  1.558079E-01  1.014742E-01
    15.0000  2.645856E-02  1.117343E-01  1.573857E-01  1.049376E-01
    15.5000  2.605891E-02  1.101461E-01  1.589185E-01  1.084143E-01
    16.0000  2.567496E-02  1.085728E-01  1.604014E-01  1.119004E-01
    16.5000  2.530625E-02  1.070161E-01  1.618303E-01  1.153922E-01
    17.0000  2.495238E-02  1.054777E-01  1.632014E-01  1.188860E-01
    17.5000  2.461286E-02  1.039588E-01  1.645113E-01  1.223779E-01
    18.0000  2.428733E-02  1.024608E-01  1.657572E-01  1.258643E-01
    18.5000  2.397537E-02  1.009847E-01  1.669367E-01  1.293413E-01
    19.0000  2.367660E-02  9.953156E-02  1.680473E-01  1.328052E-01
    19.5000  2.339063E-02  9.810228E-02  1.690875E-01  1.362520E-01
    20.0000  2.311710E-02  9.669764E-02  1.700557E-01  1.396785E-01
