# Cu                                                               FEFF 9.5.1
# POT  Non-SCF, core-hole, AFOLP (folp(0)= 1.150)
# Abs   Z=29 Rmt= 1.449 Rnm= 1.502 K  shell
# Pot 1 Z=29 Rmt= 1.356 Rnm= 1.393
# Gam_ch=1.729E+00 H-L exch
# Mu=-3.777E+00 kf=1.822E+00 Vint=-1.643E+01 Rs_int= 1.990
#  -----------------------------------------------------------------------
#   0.95032E+00  0.23938E+01  0.61680E+00 -0.1388030E+00  0.3303192E+03 method to calculate xsect
#   1.7291900E+00  59   1
#       em              xsnorm            xsec  
 -0.377702243E+01  0.86459E+00  0.23640E-03 -0.32604E-04  0.23047E-03
 -0.373892259E+01  0.86459E+00  0.23655E-03 -0.32879E-04  0.23065E-03
 -0.362462307E+01  0.86459E+00  0.23697E-03 -0.33702E-04  0.23116E-03
 -0.343412386E+01  0.86459E+00  0.23763E-03 -0.35054E-04  0.23197E-03
 -0.316742498E+01  0.86459E+00  0.23850E-03 -0.36905E-04  0.23303E-03
 -0.282452642E+01  0.86459E+00  0.23949E-03 -0.39212E-04  0.23427E-03
 -0.240542818E+01  0.86459E+00  0.24055E-03 -0.41920E-04  0.23560E-03
 -0.191013025E+01  0.86459E+00  0.24159E-03 -0.44963E-04  0.23694E-03
 -0.133863265E+01  0.86459E+00  0.24256E-03 -0.48262E-04  0.23822E-03
 -0.690935362E+00  0.86459E+00  0.24338E-03 -0.51733E-04  0.23937E-03
  0.329616034E-01  0.86459E+00  0.24401E-03 -0.55287E-04  0.24034E-03
  0.833058250E+00  0.86459E+00  0.24442E-03 -0.58839E-04  0.24108E-03
  0.170935458E+01  0.86459E+00  0.24458E-03 -0.62301E-04  0.24158E-03
  0.266185058E+01  0.86459E+00  0.24449E-03 -0.65600E-04  0.24182E-03
  0.369054627E+01  0.86459E+00  0.24416E-03 -0.68667E-04  0.24183E-03
  0.479544164E+01  0.86459E+00  0.24360E-03 -0.71448E-04  0.24161E-03
  0.597653669E+01  0.86459E+00  0.24285E-03 -0.73899E-04  0.24119E-03
  0.723383142E+01  0.86459E+00  0.24194E-03 -0.75989E-04  0.24060E-03
  0.856732583E+01  0.86459E+00  0.24093E-03 -0.77692E-04  0.23988E-03
  0.997701992E+01  0.86459E+00  0.23985E-03 -0.78993E-04  0.23905E-03
  0.114629137E+02  0.86459E+00  0.23873E-03 -0.79845E-04  0.23811E-03
  0.146633003E+02  0.86459E+00  0.23571E-03 -0.76815E-04  0.23786E-03
  0.181684856E+02  0.86459E+00  0.23681E-03 -0.80617E-04  0.24204E-03
  0.219784696E+02  0.86459E+00  0.23753E-03 -0.84321E-04  0.24296E-03
  0.260932524E+02  0.86459E+00  0.23949E-03 -0.86515E-04  0.24376E-03
  0.305128338E+02  0.86459E+00  0.24161E-03 -0.88146E-04  0.24493E-03
  0.352372140E+02  0.86459E+00  0.24398E-03 -0.88479E-04  0.24569E-03
  0.402663930E+02  0.86459E+00  0.24613E-03 -0.89336E-04  0.24681E-03
  0.456003706E+02  0.86459E+00  0.24804E-03 -0.89449E-04  0.24755E-03
  0.512391470E+02  0.86459E+00  0.24965E-03 -0.89815E-04  0.24846E-03
  0.571827221E+02  0.86459E+00  0.25061E-03 -0.90218E-04  0.24911E-03
  0.634310959E+02  0.86459E+00  0.25107E-03 -0.90198E-04  0.24951E-03
  0.699842684E+02  0.86459E+00  0.25130E-03 -0.90677E-04  0.24953E-03
  0.768422397E+02  0.86459E+00  0.25111E-03 -0.90744E-04  0.24934E-03
  0.840050096E+02  0.86459E+00  0.25070E-03 -0.90464E-04  0.24905E-03
  0.914725783E+02  0.86459E+00  0.25044E-03 -0.90244E-04  0.24851E-03
  0.992449458E+02  0.86459E+00  0.25021E-03 -0.89686E-04  0.24806E-03
  0.107322112E+03  0.86459E+00  0.25008E-03 -0.89056E-04  0.24765E-03
  0.115704077E+03  0.86459E+00  0.25009E-03 -0.88389E-04  0.24734E-03
  0.124390840E+03  0.86459E+00  0.25015E-03 -0.87650E-04  0.24717E-03
  0.133382403E+03  0.86459E+00  0.25025E-03 -0.87237E-04  0.24697E-03
  0.157194803E+03  0.86459E+00  0.24984E-03 -0.86800E-04  0.24652E-03
  0.182912195E+03  0.86459E+00  0.24778E-03 -0.87031E-04  0.24497E-03
  0.210534579E+03  0.86459E+00  0.24429E-03 -0.87602E-04  0.24221E-03
  0.240061956E+03  0.86459E+00  0.24117E-03 -0.87119E-04  0.23974E-03
  0.271494324E+03  0.86459E+00  0.23842E-03 -0.86980E-04  0.23748E-03
  0.304831684E+03  0.86459E+00  0.23590E-03 -0.87477E-04  0.23553E-03
  0.340074036E+03  0.86459E+00  0.23313E-03 -0.88438E-04  0.23331E-03
  0.377221381E+03  0.86459E+00  0.23031E-03 -0.89174E-04  0.23070E-03
  0.457231045E+03  0.86459E+00  0.22588E-03 -0.89709E-04  0.22580E-03
  0.544860678E+03  0.86459E+00  0.22123E-03 -0.90871E-04  0.22079E-03
  0.640110279E+03  0.86459E+00  0.21548E-03 -0.91779E-04  0.21497E-03
  0.742979848E+03  0.86459E+00  0.20994E-03 -0.92830E-04  0.20932E-03
  0.853469384E+03  0.86459E+00  0.20365E-03 -0.93901E-04  0.20314E-03
  0.971578889E+03  0.86459E+00  0.19742E-03 -0.94719E-04  0.19697E-03
  0.109730836E+04  0.86459E+00  0.19089E-03 -0.95629E-04  0.19059E-03
  0.123065780E+04  0.86459E+00  0.18433E-03 -0.96326E-04  0.18412E-03
  0.137162721E+04  0.86459E+00  0.17767E-03 -0.96983E-04  0.17758E-03
  0.152021659E+04  0.86459E+00  0.17095E-03 -0.97467E-04  0.17097E-03
 -0.377702243E+01  0.50000E-02  0.23583E-03 -0.28667E-04  0.23747E-03
 -0.377702243E+01  0.10000E-01  0.23583E-03 -0.28688E-04  0.23743E-03
 -0.377702243E+01  0.12710E-01  0.23583E-03 -0.28700E-04  0.23741E-03
 -0.377702243E+01  0.18961E-01  0.23583E-03 -0.28726E-04  0.23735E-03
 -0.377702243E+01  0.28287E-01  0.23583E-03 -0.28765E-04  0.23727E-03
 -0.377702243E+01  0.42199E-01  0.23583E-03 -0.28824E-04  0.23715E-03
 -0.377702243E+01  0.62953E-01  0.23584E-03 -0.28912E-04  0.23697E-03
 -0.377702243E+01  0.93915E-01  0.23584E-03 -0.29045E-04  0.23670E-03
 -0.377702243E+01  0.14011E+00  0.23585E-03 -0.29244E-04  0.23630E-03
 -0.377702243E+01  0.20901E+00  0.23587E-03 -0.29545E-04  0.23571E-03
 -0.377702243E+01  0.31181E+00  0.23591E-03 -0.30002E-04  0.23485E-03
 -0.377702243E+01  0.46517E+00  0.23600E-03 -0.30700E-04  0.23359E-03
 -0.377702243E+01  0.69395E+00  0.23620E-03 -0.31776E-04  0.23178E-03
 -0.377702243E+01  0.10352E+01  0.23665E-03 -0.33451E-04  0.22921E-03
 -0.377702243E+01  0.15444E+01  0.23762E-03 -0.36077E-04  0.22568E-03
 -0.377702243E+01  0.23040E+01  0.23974E-03 -0.40202E-04  0.22105E-03
 -0.377702243E+01  0.34371E+01  0.24413E-03 -0.46608E-04  0.21547E-03
 -0.377702243E+01  0.51276E+01  0.25242E-03 -0.56222E-04  0.20967E-03
 -0.377702243E+01  0.76495E+01  0.26431E-03 -0.69708E-04  0.20532E-03
 -0.377702243E+01  0.11412E+02  0.26885E-03 -0.86677E-04  0.20510E-03
 -0.377702243E+01  0.17024E+02  0.24536E-03 -0.10485E-03  0.21190E-03
