# r       w_scrn(r)      v_ch(r)
 8.5686860392E-3   1.4969611746E1   4.8459737011E1
 4.2659204628E-2   1.4823977661E1   4.8144891234E1
 7.6749723217E-2   1.4679802997E1   4.7831584911E1
 1.1084024181E-1   1.4537073131E1   4.7519803752E1
 1.4493076039E-1   1.4395773583E1   4.7209533623E1
 1.7902127898E-1   1.4255890020E1   4.6900760532E1
 2.1311179757E-1   1.4117408252E1   4.6593470637E1
 2.4720231616E-1   1.3980314231E1   4.6287650242E1
 2.8129283475E-1   1.3844594052E1   4.5983285792E1
 3.1538335334E-1   1.3710233945E1   4.5680363879E1
 3.4947387193E-1   1.3577220282E1   4.5378871231E1
 3.8356439051E-1   1.3445539570E1   4.5078794720E1
 4.1765490910E-1   1.3315178452E1   4.4780121355E1
 4.5174542769E-1   1.3186123702E1   4.4482838283E1
 4.8583594628E-1   1.3058362230E1   4.4186932786E1
 5.1992646487E-1   1.2931881076E1   4.3892392281E1
 5.5401698346E-1   1.2806667410E1   4.3599204318E1
 5.8810750205E-1   1.2682708529E1   4.3307356582E1
 6.2219802064E-1   1.2559991860E1   4.3016836885E1
 6.5628853922E-1   1.2438504954E1   4.2727633171E1
 6.9037905781E-1   1.2318235487E1   4.2439733513E1
 7.2446957640E-1   1.2199171260E1   4.2153126110E1
 7.5856009499E-1   1.2081300193E1   4.1867799287E1
 7.9265061358E-1   1.1964610332E1   4.1583741495E1
 8.2674113217E-1   1.1849089837E1   4.1300941310E1
 8.6083165076E-1   1.1734726992E1   4.1019387427E1
 8.9492216935E-1   1.1621510195E1   4.0739068667E1
 9.2901268793E-1   1.1509427961E1   4.0459973968E1
 9.6310320652E-1   1.1398468920E1   4.0182092388E1
 9.9719372511E-1   1.1288621818E1   3.9905413106E1
  1.0312842437E0   1.1179875511E1   3.9629925415E1
  1.0653747623E0   1.1072218967E1   3.9355618725E1
  1.0994652809E0   1.0965641267E1   3.9082482563E1
  1.1335557995E0   1.0860131598E1   3.8810506567E1
  1.1676463181E0   1.0755679259E1   3.8539680490E1
  1.2017368366E0   1.0652273652E1   3.8269994197E1
  1.2358273552E0   1.0549904290E1   3.8001437663E1
  1.2699178738E0   1.0448560787E1   3.7734000974E1
  1.3040083924E0   1.0348232863E1   3.7467674325E1
  1.3380989110E0   1.0248910341E1   3.7202448019E1
  1.3721894296E0   1.0150583146E1   3.6938312466E1
  1.4062799482E0   1.0053241303E1   3.6675258181E1
  1.4403704668E0   9.9568749377E0   3.6413275788E1
  1.4744609854E0   9.8614742750E0   3.6152356011E1
  1.5085515039E0   9.7670296373E0   3.5892489681E1
  1.5426420225E0   9.6735314442E0   3.5633667729E1
  1.5767325411E0   9.5809702111E0   3.5375881189E1
  1.6108230597E0   9.4893365487E0   3.5119121196E1
  1.6449135783E0   9.3986211616E0   3.4863378985E1
  1.6790040969E0   9.3088148477E0   3.4608645889E1
  1.7130946155E0   9.2199084969E0   3.4354913341E1
  1.7471851341E0   9.1318930906E0   3.4102172871E1
  1.7812756527E0   9.0447597006E0   3.3850416106E1
  1.8153661712E0   8.9584994879E0   3.3599634767E1
  1.8494566898E0   8.8731037024E0   3.3349820672E1
  1.8835472084E0   8.7885636814E0   3.3100965734E1
  1.9176377270E0   8.7048708493E0   3.2853061958E1
  1.9517282456E0   8.6220167161E0   3.2606101443E1
  1.9858187642E0   8.5399928773E0   3.2360076379E1
  2.0199092828E0   8.4587910122E0   3.2114979048E1
  2.0539998014E0   8.3784028838E0   3.1870801824E1
  2.0880903199E0   8.2988203374E0   3.1627537168E1
  2.1221808385E0   8.2200353002E0   3.1385177634E1
  2.1562713571E0   8.1420397803E0   3.1143715862E1
  2.1903618757E0   8.0648258657E0   3.0903144582E1
  2.2244523943E0   7.9883857239E0   3.0663456608E1
  2.2585429129E0   7.9127116007E0   3.0424644844E1
  2.2926334315E0   7.8377958198E0   3.0186702280E1
  2.3267239501E0   7.7636307817E0   2.9949621989E1
  2.3608144687E0   7.6902089631E0   2.9713397130E1
  2.3949049872E0   7.6175229161E0   2.9478020948E1
  2.4289955058E0   7.5455652674E0   2.9243486770E1
  2.4630860244E0   7.4743287175E0   2.9009788006E1
  2.4971765430E0   7.4038060404E0   2.8776918149E1
  2.5312670616E0   7.3339900820E0   2.8544870774E1
  2.5653575802E0   7.2648737603E0   2.8313639538E1
  2.5994480988E0   7.1964500642E0   2.8083218177E1
  2.6335386174E0   7.1287120526E0   2.7853600511E1
  2.6676291360E0   7.0616528543E0   2.7624780437E1
  2.7017196545E0   6.9952656667E0   2.7396751933E1
  2.7358101731E0   6.9295437556E0   2.7169509055E1
  2.7699006917E0   6.8644804541E0   2.6943045938E1
  2.8039912103E0   6.8000691621E0   2.6717356796E1
  2.8380817289E0   6.7363033458E0   2.6492435921E1
  2.8721722475E0   6.6731765368E0   2.6268277679E1
  2.9062627661E0   6.6106823314E0   2.6044876518E1
  2.9403532847E0   6.5488143903E0   2.5822226959E1
  2.9744438033E0   6.4875664375E0   2.5600323599E1
  3.0085343218E0   6.4269322601E0   2.5379161115E1
  3.0426248404E0   6.3669057073E0   2.5158734254E1
  3.0767153590E0   6.3074806900E0   2.4939037841E1
  3.1108058776E0   6.2486511802E0   2.4720066778E1
  3.1448963962E0   6.1904112101E0   2.4501816037E1
  3.1789869148E0   6.1327548718E0   2.4284280668E1
  3.2130774334E0   6.0756763168E0   2.4067455793E1
  3.2471679520E0   6.0191697550E0   2.3851336609E1
  3.2812584706E0   5.9632294543E0   2.3635918387E1
  3.3153489891E0   5.9078497401E0   2.3421196469E1
  3.3494395077E0   5.8530249948E0   2.3207166274E1
  3.3835300263E0   5.7987496568E0   2.2993823291E1
  3.4176205449E0   5.7450182205E0   2.2781163083E1
  3.4517110635E0   5.6918252354E0   2.2569181287E1
  3.4858015821E0   5.6391653055E0   2.2357873610E1
  3.5198921007E0   5.5870330891E0   2.2147235834E1
  3.5539826193E0   5.5354232978E0   2.1937263812E1
  3.5880731379E0   5.4843306963E0   2.1727953472E1
  3.6221636564E0   5.4337501018E0   2.1519300812E1
  3.6562541750E0   5.3836763833E0   2.1311301903E1
  3.6903446936E0   5.3341044615E0   2.1103952889E1
  3.7244352122E0   5.2850293077E0   2.0897249987E1
  3.7585257308E0   5.2364459437E0   2.0691189486E1
  3.7926162494E0   5.1883494412E0   2.0485767748E1
  3.8267067680E0   5.1407349213E0   2.0280981208E1
  3.8607972866E0   5.0935975540E0   2.0076826375E1
  3.8948878051E0   5.0469325577E0   1.9873299829E1
  3.9289783237E0   5.0007351986E0   1.9670398226E1
  3.9630688423E0   4.9550007905E0   1.9468118295E1
  3.9971593609E0   4.9097246941E0   1.9266456839E1
  4.0312498795E0   4.8649023166E0   1.9065410734E1
  4.0653403981E0   4.8205291112E0   1.8864976933E1
  4.0994309167E0   4.7766005766E0   1.8665152464E1
  4.1335214353E0   4.7331122567E0   1.8465934429E1
  4.1676119539E0   4.6900597402E0   1.8267320008E1
  4.2017024724E0   4.6474386597E0   1.8069306457E1
  4.2357929910E0   4.6052446917E0   1.7871891109E1
  4.2698835096E0   4.5634735561E0   1.7675071374E1
  4.3039740282E0   4.5221210156E0   1.7478844744E1
  4.3380645468E0   4.4811828754E0   1.7283208785E1
  4.3721550654E0   4.4406549827E0   1.7088161149E1
  4.4062455840E0   4.4005332264E0   1.6893699564E1
  4.4403361026E0   4.3608135365E0   1.6699821842E1
  4.4744266212E0   4.3214918839E0   1.6506525879E1
  4.5085171397E0   4.2825642798E0   1.6313809652E1
  4.5426076583E0   4.2440267752E0   1.6121671226E1
  4.5766981769E0   4.2058754611E0   1.5930108750E1
  4.6107886955E0   4.1681064672E0   1.5739120461E1
  4.6448792141E0   4.1307159624E0   1.5548704685E1
  4.6789697327E0   4.0937001537E0   1.5358859839E1
  4.7130602513E0   4.0570552863E0   1.5169584430E1
  4.7471507699E0   4.0207776428E0   1.4980877060E1
  4.7812412885E0   3.9848635432E0   1.4792736425E1
  4.8153318070E0   3.9493093445E0   1.4605161320E1
  4.8494223256E0   3.9141114401E0   1.4418150636E1
  4.8835128442E0   3.8792662593E0   1.4231703369E1
  4.9176033628E0   3.8447702676E0   1.4045818614E1
  4.9516938814E0   3.8106199656E0   1.3860495576E1
  4.9857844000E0   3.7768118891E0   1.3675733565E1
  5.0198749186E0   3.7433426087E0   1.3491532004E1
  5.0539654372E0   3.7102087292E0   1.3307890431E1
  5.0880559558E0   3.6774068896E0   1.3124808498E1
  5.1221464743E0   3.6449337623E0   1.2942285979E1
  5.1562369929E0   3.6127860533E0   1.2760322773E1
  5.1903275115E0   3.5809605015E0   1.2578918906E1
  5.2244180301E0   3.5494538787E0   1.2398074535E1
  5.2585085487E0   3.5182629886E0   1.2217789953E1
  5.2925990673E0   3.4873846673E0   1.2038065595E1
  5.3266895859E0   3.4568157825E0   1.1858902040E1
  5.3607801045E0   3.4265532334E0   1.1680300019E1
  5.3948706231E0   3.3965939500E0   1.1502260420E1
  5.4289611416E0   3.3669348932E0   1.1324784292E1
  5.4630516602E0   3.3375730546E0   1.1147872853E1
  5.4971421788E0   3.3085054555E0   1.0971527498E1
  5.5312326974E0   3.2797291474E0   1.0795749807E1
  5.5653232160E0   3.2512412112E0   1.0620541549E1
  5.5994137346E0   3.2230387571E0   1.0445904694E1
  5.6335042532E0   3.1951189243E0   1.0271841424E1
  5.6675947718E0   3.1674788804E0   1.0098354139E1
  5.7016852904E0   3.1401158218E0   9.9254454696E0
  5.7357758089E0   3.1130269726E0   9.7531182920E0
  5.7698663275E0   3.0862095851E0   9.5813757367E0
  5.8039568461E0   3.0596609389E0   9.4102212045E0
  5.8380473647E0   3.0333783407E0   9.2396583820E0
  5.8721378833E0   3.0073591247E0   9.0696912579E0
  5.9062284019E0   2.9816006513E0   8.9003241414E0
  5.9403189205E0   2.9561003076E0   8.7315616823E0
  5.9744094391E0   2.9308555068E0   8.5634088927E0
  6.0084999576E0   2.9058636881E0   8.3958711713E0
  6.0425904762E0   2.8811223164E0   8.2289543298E0
  6.0766809948E0   2.8566288819E0   8.0626646225E0
  6.1107715134E0   2.8323808999E0   7.8970087780E0
  6.1448620320E0   2.8083759108E0   7.7319940360E0
  6.1789525506E0   2.7846114794E0   7.5676281866E0
  6.2130430692E0   2.7610851951E0   7.4039196152E0
  6.2471335878E0   2.7377946714E0   7.2408773523E0
  6.2812241064E0   2.7147375457E0   7.0785111294E0
  6.3153146249E0   2.6919114791E0   6.9168314421E0
  6.3494051435E0   2.6693141560E0   6.7558496215E0
  6.3834956621E0   2.6469432843E0   6.5955779149E0
  6.4175861807E0   2.6247965947E0   6.4360295781E0
  6.4516766993E0   2.6028718404E0   6.2772189806E0
  6.4857672179E0   2.5811667976E0   6.1191617277E0
  6.5198577365E0   2.5596792644E0   5.9618747999E0
  6.5539482551E0   2.5384070612E0   5.8053767167E0
  6.5880387737E0   2.5173480300E0   5.6496877272E0
  6.6221292922E0   2.4965000348E0   5.4948300349E0
  6.6562198108E0   2.4758609605E0   5.3408280639E0
  6.6903103294E0   2.4554287136E0   5.1877087776E0
  6.7244008480E0   2.4352012216E0   5.0355020623E0
  6.7584913666E0   2.4151764323E0   4.8842411940E0
  6.7925818852E0   2.3953523147E0   4.7339634128E0
  6.8266724038E0   2.3757268576E0   4.5847106369E0
  6.8607629224E0   2.3562980703E0   4.4365303620E0
  6.8948534410E0   2.3370639820E0   4.2894768123E0
  6.9289439595E0   2.3180226414E0   4.1436124363E0
  6.9630344781E0   2.2991721172E0   3.9990098895E0
  6.9971249967E0   2.2805104970E0   3.8557547214E0
  7.0312155153E0   2.2620358878E0   3.7139491123E0
  7.0653060339E0   2.2437464156E0   3.5737172359E0
  7.0993965525E0   2.2256402250E0   3.4352132475E0
  7.1334870711E0   2.2077154794E0   3.2986337542E0
  7.1675775897E0   2.1899703606E0   3.1642384746E0
  7.2016681083E0   2.1724030683E0   3.0323872709E0
  7.2357586268E0   2.1550118207E0   2.9036142449E0
  7.2698491454E0   2.1377948534E0   2.7788029010E0
  7.3039396640E0   2.1207504201E0   2.6597426568E0
  7.3380301826E0   2.1038767918E0   2.5539217963E0
