nat, nph =   531    1
    1    2
 iat     x       y        z       iph  
 -----------------------------------------------------------------------
   1      0.00000      0.00000      0.00000   0   1
   2      0.00000     -1.80500      1.80500   1   1
   3      1.80500      0.00000     -1.80500   1   1
   4     -1.80500      0.00000     -1.80500   1   1
   5      1.80500     -1.80500      0.00000   1   1
   6     -1.80500      1.80500      0.00000   1   1
   7     -1.80500     -1.80500      0.00000   1   1
   8      0.00000     -1.80500     -1.80500   1   1
   9      0.00000      1.80500      1.80500   1   1
  10      1.80500      1.80500      0.00000   1   1
  11      0.00000      1.80500     -1.80500   1   1
  12     -1.80500      0.00000      1.80500   1   1
  13      1.80500      0.00000      1.80500   1   1
  14      0.00000     -3.61000      0.00000   1   1
  15      3.61000      0.00000      0.00000   1   1
  16      0.00000      3.61000      0.00000   1   1
  17      0.00000      0.00000     -3.61000   1   1
  18      0.00000      0.00000      3.61000   1   1
  19     -3.61000      0.00000      0.00000   1   1
  20     -1.80500      3.61000      1.80500   1   1
  21      3.61000     -1.80500      1.80500   1   1
  22      1.80500     -3.61000      1.80500   1   1
  23     -3.61000     -1.80500     -1.80500   1   1
  24     -1.80500     -3.61000      1.80500   1   1
  25     -1.80500      3.61000     -1.80500   1   1
  26      1.80500     -3.61000     -1.80500   1   1
  27     -3.61000      1.80500      1.80500   1   1
  28     -1.80500     -3.61000     -1.80500   1   1
  29      1.80500      3.61000      1.80500   1   1
  30      3.61000     -1.80500     -1.80500   1   1
  31      1.80500      3.61000     -1.80500   1   1
  32      3.61000      1.80500      1.80500   1   1
  33     -3.61000      1.80500     -1.80500   1   1
  34      3.61000      1.80500     -1.80500   1   1
  35      1.80500     -1.80500     -3.61000   1   1
  36      1.80500     -1.80500      3.61000   1   1
  37     -1.80500     -1.80500      3.61000   1   1
  38     -1.80500      1.80500      3.61000   1   1
  39     -1.80500     -1.80500     -3.61000   1   1
  40     -1.80500      1.80500     -3.61000   1   1
  41      1.80500      1.80500      3.61000   1   1
  42      1.80500      1.80500     -3.61000   1   1
  43     -3.61000     -1.80500      1.80500   1   1
  44      0.00000      3.61000      3.61000   1   1
  45      3.61000      0.00000     -3.61000   1   1
  46      0.00000      3.61000     -3.61000   1   1
  47      0.00000     -3.61000     -3.61000   1   1
  48      3.61000      3.61000      0.00000   1   1
  49     -3.61000     -3.61000      0.00000   1   1
  50     -3.61000      3.61000      0.00000   1   1
  51      0.00000     -3.61000      3.61000   1   1
  52     -3.61000      0.00000      3.61000   1   1
  53     -3.61000      0.00000     -3.61000   1   1
  54      3.61000     -3.61000      0.00000   1   1
  55      3.61000      0.00000      3.61000   1   1
  56      1.80500      5.41500      0.00000   1   1
  57      5.41500      0.00000     -1.80500   1   1
  58     -1.80500      5.41500      0.00000   1   1
  59      5.41500      0.00000      1.80500   1   1
  60     -5.41500      0.00000     -1.80500   1   1
  61      0.00000      1.80500     -5.41500   1   1
  62      0.00000     -1.80500      5.41500   1   1
  63     -1.80500     -5.41500      0.00000   1   1
  64     -5.41500      1.80500      0.00000   1   1
  65      1.80500      0.00000     -5.41500   1   1
  66     -5.41500     -1.80500      0.00000   1   1
  67     -5.41500      0.00000      1.80500   1   1
  68      0.00000      1.80500      5.41500   1   1
  69      0.00000      5.41500     -1.80500   1   1
  70      0.00000      5.41500      1.80500   1   1
  71     -1.80500      0.00000     -5.41500   1   1
  72      0.00000     -5.41500      1.80500   1   1
  73      0.00000     -1.80500     -5.41500   1   1
  74      0.00000     -5.41500     -1.80500   1   1
  75     -1.80500      0.00000      5.41500   1   1
  76      5.41500     -1.80500      0.00000   1   1
  77      1.80500      0.00000      5.41500   1   1
  78      5.41500      1.80500      0.00000   1   1
  79      1.80500     -5.41500      0.00000   1   1
  80      3.61000     -3.61000     -3.61000   1   1
  81     -3.61000     -3.61000      3.61000   1   1
  82     -3.61000      3.61000     -3.61000   1   1
  83     -3.61000     -3.61000     -3.61000   1   1
  84     -3.61000      3.61000      3.61000   1   1
  85      3.61000     -3.61000      3.61000   1   1
  86      3.61000      3.61000      3.61000   1   1
  87      3.61000      3.61000     -3.61000   1   1
  88     -3.61000     -1.80500      5.41500   1   1
  89      1.80500     -3.61000      5.41500   1   1
  90      3.61000     -1.80500      5.41500   1   1
  91      3.61000      1.80500      5.41500   1   1
  92      1.80500      3.61000      5.41500   1   1
  93     -1.80500      3.61000     -5.41500   1   1
  94     -3.61000      1.80500     -5.41500   1   1
  95     -3.61000      1.80500      5.41500   1   1
  96      3.61000      1.80500     -5.41500   1   1
  97      1.80500      3.61000     -5.41500   1   1
  98     -1.80500     -3.61000     -5.41500   1   1
  99     -3.61000     -1.80500     -5.41500   1   1
 100     -1.80500     -3.61000      5.41500   1   1
 101     -1.80500      3.61000      5.41500   1   1
 102      1.80500     -3.61000     -5.41500   1   1
 103     -5.41500      1.80500      3.61000   1   1
 104      5.41500      1.80500      3.61000   1   1
 105     -1.80500      5.41500      3.61000   1   1
 106      5.41500      1.80500     -3.61000   1   1
 107      5.41500     -1.80500     -3.61000   1   1
 108      1.80500     -5.41500      3.61000   1   1
 109     -1.80500      5.41500     -3.61000   1   1
 110     -1.80500     -5.41500      3.61000   1   1
 111      5.41500     -1.80500      3.61000   1   1
 112     -5.41500     -1.80500     -3.61000   1   1
 113     -5.41500     -1.80500      3.61000   1   1
 114      1.80500      5.41500      3.61000   1   1
 115      1.80500      5.41500     -3.61000   1   1
 116      1.80500     -5.41500     -3.61000   1   1
 117     -5.41500      1.80500     -3.61000   1   1
 118     -1.80500     -5.41500     -3.61000   1   1
 119      3.61000     -1.80500     -5.41500   1   1
 120      5.41500      3.61000     -1.80500   1   1
 121      5.41500     -3.61000     -1.80500   1   1
 122     -3.61000      5.41500     -1.80500   1   1
 123     -5.41500      3.61000      1.80500   1   1
 124      5.41500      3.61000      1.80500   1   1
 125     -3.61000      5.41500      1.80500   1   1
 126      3.61000      5.41500      1.80500   1   1
 127     -5.41500     -3.61000      1.80500   1   1
 128      3.61000     -5.41500     -1.80500   1   1
 129      5.41500     -3.61000      1.80500   1   1
 130     -3.61000     -5.41500     -1.80500   1   1
 131     -3.61000     -5.41500      1.80500   1   1
 132      3.61000     -5.41500      1.80500   1   1
 133     -5.41500      3.61000     -1.80500   1   1
 134      3.61000      5.41500     -1.80500   1   1
 135     -5.41500     -3.61000     -1.80500   1   1
 136     -7.22000      0.00000      0.00000   1   1
 137      0.00000      0.00000     -7.22000   1   1
 138      0.00000      7.22000      0.00000   1   1
 139      0.00000     -7.22000      0.00000   1   1
 140      0.00000      0.00000      7.22000   1   1
 141      7.22000      0.00000      0.00000   1   1
 142      1.80500     -1.80500      7.22000   1   1
 143      1.80500     -1.80500     -7.22000   1   1
 144     -1.80500      1.80500      7.22000   1   1
 145     -1.80500      1.80500     -7.22000   1   1
 146     -1.80500     -1.80500      7.22000   1   1
 147      1.80500      1.80500     -7.22000   1   1
 148      1.80500      1.80500      7.22000   1   1
 149     -1.80500     -1.80500     -7.22000   1   1
 150      0.00000     -5.41500      5.41500   1   1
 151      5.41500     -5.41500      0.00000   1   1
 152      0.00000     -5.41500     -5.41500   1   1
 153     -5.41500      0.00000     -5.41500   1   1
 154     -5.41500      5.41500      0.00000   1   1
 155      0.00000      5.41500     -5.41500   1   1
 156      0.00000      5.41500      5.41500   1   1
 157     -5.41500     -5.41500      0.00000   1   1
 158     -5.41500      0.00000      5.41500   1   1
 159      5.41500      0.00000     -5.41500   1   1
 160      5.41500      0.00000      5.41500   1   1
 161      5.41500      5.41500      0.00000   1   1
 162      1.80500      7.22000      1.80500   1   1
 163     -7.22000      1.80500      1.80500   1   1
 164      7.22000     -1.80500     -1.80500   1   1
 165     -1.80500      7.22000      1.80500   1   1
 166      1.80500     -7.22000      1.80500   1   1
 167     -7.22000      1.80500     -1.80500   1   1
 168      7.22000      1.80500     -1.80500   1   1
 169     -7.22000     -1.80500     -1.80500   1   1
 170     -7.22000     -1.80500      1.80500   1   1
 171     -1.80500     -7.22000     -1.80500   1   1
 172     -1.80500      7.22000     -1.80500   1   1
 173      1.80500      7.22000     -1.80500   1   1
 174      7.22000     -1.80500      1.80500   1   1
 175      1.80500     -7.22000     -1.80500   1   1
 176      7.22000      1.80500      1.80500   1   1
 177     -1.80500     -7.22000      1.80500   1   1
 178     -7.22000     -3.61000      0.00000   1   1
 179      7.22000      0.00000     -3.61000   1   1
 180     -7.22000      3.61000      0.00000   1   1
 181      7.22000      0.00000      3.61000   1   1
 182      0.00000     -7.22000     -3.61000   1   1
 183     -3.61000      0.00000      7.22000   1   1
 184      3.61000     -7.22000      0.00000   1   1
 185      3.61000      7.22000      0.00000   1   1
 186      3.61000      0.00000     -7.22000   1   1
 187     -3.61000      0.00000     -7.22000   1   1
 188      0.00000      7.22000     -3.61000   1   1
 189      7.22000      3.61000      0.00000   1   1
 190      0.00000      3.61000      7.22000   1   1
 191     -7.22000      0.00000      3.61000   1   1
 192      0.00000     -7.22000      3.61000   1   1
 193      3.61000      0.00000      7.22000   1   1
 194     -7.22000      0.00000     -3.61000   1   1
 195     -3.61000      7.22000      0.00000   1   1
 196      0.00000     -3.61000      7.22000   1   1
 197     -3.61000     -7.22000      0.00000   1   1
 198      0.00000     -3.61000     -7.22000   1   1
 199      0.00000      7.22000      3.61000   1   1
 200      0.00000      3.61000     -7.22000   1   1
 201      7.22000     -3.61000      0.00000   1   1
 202      5.41500      5.41500     -3.61000   1   1
 203      5.41500      5.41500      3.61000   1   1
 204     -5.41500      5.41500      3.61000   1   1
 205     -5.41500      5.41500     -3.61000   1   1
 206      5.41500     -5.41500      3.61000   1   1
 207      5.41500     -5.41500     -3.61000   1   1
 208     -5.41500     -5.41500      3.61000   1   1
 209     -5.41500     -5.41500     -3.61000   1   1
 210     -3.61000      5.41500     -5.41500   1   1
 211      3.61000      5.41500     -5.41500   1   1
 212      5.41500     -3.61000      5.41500   1   1
 213     -5.41500      3.61000     -5.41500   1   1
 214     -5.41500      3.61000      5.41500   1   1
 215      3.61000     -5.41500     -5.41500   1   1
 216      5.41500     -3.61000     -5.41500   1   1
 217      3.61000     -5.41500      5.41500   1   1
 218      5.41500      3.61000      5.41500   1   1
 219     -3.61000     -5.41500     -5.41500   1   1
 220     -5.41500     -3.61000      5.41500   1   1
 221     -3.61000     -5.41500      5.41500   1   1
 222     -5.41500     -3.61000     -5.41500   1   1
 223      3.61000      5.41500      5.41500   1   1
 224     -3.61000      5.41500      5.41500   1   1
 225      5.41500      3.61000     -5.41500   1   1
 226     -7.22000     -3.61000      3.61000   1   1
 227      7.22000     -3.61000     -3.61000   1   1
 228      7.22000     -3.61000      3.61000   1   1
 229      3.61000      7.22000      3.61000   1   1
 230     -3.61000      7.22000     -3.61000   1   1
 231     -7.22000     -3.61000     -3.61000   1   1
 232     -7.22000      3.61000      3.61000   1   1
 233      3.61000     -7.22000      3.61000   1   1
 234     -7.22000      3.61000     -3.61000   1   1
 235      3.61000     -7.22000     -3.61000   1   1
 236      7.22000      3.61000      3.61000   1   1
 237     -3.61000     -7.22000      3.61000   1   1
 238     -3.61000     -7.22000     -3.61000   1   1
 239     -3.61000      7.22000      3.61000   1   1
 240      3.61000      7.22000     -3.61000   1   1
 241      3.61000     -3.61000     -7.22000   1   1
 242      3.61000     -3.61000      7.22000   1   1
 243     -3.61000      3.61000     -7.22000   1   1
 244      3.61000      3.61000      7.22000   1   1
 245     -3.61000     -3.61000      7.22000   1   1
 246     -3.61000     -3.61000     -7.22000   1   1
 247     -3.61000      3.61000      7.22000   1   1
 248      3.61000      3.61000     -7.22000   1   1
 249      7.22000      3.61000     -3.61000   1   1
 250      0.00000     -1.80500      9.02500   1   1
 251      0.00000      1.80500      9.02500   1   1
 252     -9.02500      0.00000      1.80500   1   1
 253      1.80500      9.02500      0.00000   1   1
 254      9.02500      0.00000      1.80500   1   1
 255      0.00000      9.02500      1.80500   1   1
 256      1.80500      0.00000     -9.02500   1   1
 257      9.02500      0.00000     -1.80500   1   1
 258      0.00000      9.02500     -1.80500   1   1
 259      0.00000     -9.02500     -1.80500   1   1
 260     -9.02500     -1.80500      0.00000   1   1
 261      9.02500      1.80500      0.00000   1   1
 262     -1.80500     -9.02500      0.00000   1   1
 263     -9.02500      1.80500      0.00000   1   1
 264      0.00000      1.80500     -9.02500   1   1
 265     -1.80500      0.00000     -9.02500   1   1
 266     -1.80500      0.00000      9.02500   1   1
 267      9.02500     -1.80500      0.00000   1   1
 268      1.80500     -9.02500      0.00000   1   1
 269     -1.80500      9.02500      0.00000   1   1
 270      0.00000     -1.80500     -9.02500   1   1
 271     -9.02500      0.00000     -1.80500   1   1
 272      0.00000     -9.02500      1.80500   1   1
 273      1.80500      0.00000      9.02500   1   1
 274      5.41500      7.22000      1.80500   1   1
 275     -5.41500      7.22000      1.80500   1   1
 276      1.80500      5.41500      7.22000   1   1
 277     -7.22000      1.80500      5.41500   1   1
 278     -7.22000     -5.41500     -1.80500   1   1
 279      5.41500      7.22000     -1.80500   1   1
 280      7.22000     -1.80500      5.41500   1   1
 281      7.22000     -5.41500     -1.80500   1   1
 282     -5.41500      1.80500      7.22000   1   1
 283      1.80500     -7.22000     -5.41500   1   1
 284      7.22000      5.41500     -1.80500   1   1
 285     -1.80500      7.22000      5.41500   1   1
 286      5.41500     -7.22000     -1.80500   1   1
 287      5.41500     -7.22000      1.80500   1   1
 288      5.41500     -1.80500     -7.22000   1   1
 289      7.22000      1.80500      5.41500   1   1
 290     -1.80500      5.41500     -7.22000   1   1
 291     -7.22000      5.41500      1.80500   1   1
 292      5.41500     -1.80500      7.22000   1   1
 293     -1.80500      5.41500      7.22000   1   1
 294     -5.41500     -1.80500     -7.22000   1   1
 295     -7.22000      5.41500     -1.80500   1   1
 296      5.41500      1.80500     -7.22000   1   1
 297      7.22000     -1.80500     -5.41500   1   1
 298     -7.22000     -1.80500     -5.41500   1   1
 299      1.80500      7.22000      5.41500   1   1
 300     -7.22000     -1.80500      5.41500   1   1
 301     -5.41500     -7.22000      1.80500   1   1
 302      1.80500      7.22000     -5.41500   1   1
 303     -7.22000     -5.41500      1.80500   1   1
 304      5.41500      1.80500      7.22000   1   1
 305      1.80500     -5.41500     -7.22000   1   1
 306      1.80500      5.41500     -7.22000   1   1
 307     -5.41500     -7.22000     -1.80500   1   1
 308      7.22000     -5.41500      1.80500   1   1
 309     -1.80500     -5.41500      7.22000   1   1
 310     -1.80500     -7.22000      5.41500   1   1
 311     -7.22000      1.80500     -5.41500   1   1
 312     -1.80500      7.22000     -5.41500   1   1
 313      1.80500     -5.41500      7.22000   1   1
 314     -1.80500     -7.22000     -5.41500   1   1
 315     -5.41500      7.22000     -1.80500   1   1
 316     -5.41500     -1.80500      7.22000   1   1
 317     -1.80500     -5.41500     -7.22000   1   1
 318      1.80500     -7.22000      5.41500   1   1
 319      7.22000      5.41500      1.80500   1   1
 320     -5.41500      1.80500     -7.22000   1   1
 321      7.22000      1.80500     -5.41500   1   1
 322      9.02500      1.80500     -3.61000   1   1
 323     -3.61000     -9.02500      1.80500   1   1
 324      1.80500     -9.02500      3.61000   1   1
 325      9.02500     -3.61000      1.80500   1   1
 326     -3.61000     -9.02500     -1.80500   1   1
 327      9.02500     -3.61000     -1.80500   1   1
 328      9.02500     -1.80500     -3.61000   1   1
 329     -1.80500     -9.02500     -3.61000   1   1
 330     -1.80500      9.02500      3.61000   1   1
 331      3.61000      9.02500      1.80500   1   1
 332     -9.02500     -3.61000     -1.80500   1   1
 333     -9.02500      1.80500     -3.61000   1   1
 334     -3.61000      9.02500     -1.80500   1   1
 335     -1.80500      9.02500     -3.61000   1   1
 336      3.61000      9.02500     -1.80500   1   1
 337     -1.80500      3.61000      9.02500   1   1
 338     -9.02500      3.61000      1.80500   1   1
 339      3.61000      1.80500      9.02500   1   1
 340      3.61000      1.80500     -9.02500   1   1
 341     -9.02500      3.61000     -1.80500   1   1
 342      3.61000     -1.80500      9.02500   1   1
 343     -1.80500      3.61000     -9.02500   1   1
 344     -3.61000      1.80500      9.02500   1   1
 345      3.61000     -1.80500     -9.02500   1   1
 346      9.02500     -1.80500      3.61000   1   1
 347      3.61000     -9.02500      1.80500   1   1
 348      3.61000     -9.02500     -1.80500   1   1
 349     -9.02500     -1.80500      3.61000   1   1
 350     -1.80500     -9.02500      3.61000   1   1
 351      1.80500     -9.02500     -3.61000   1   1
 352      1.80500      9.02500      3.61000   1   1
 353     -9.02500     -3.61000      1.80500   1   1
 354     -3.61000      1.80500     -9.02500   1   1
 355      1.80500      9.02500     -3.61000   1   1
 356     -1.80500     -3.61000      9.02500   1   1
 357     -3.61000     -1.80500      9.02500   1   1
 358     -9.02500      1.80500      3.61000   1   1
 359     -9.02500     -1.80500     -3.61000   1   1
 360      1.80500      3.61000      9.02500   1   1
 361      1.80500      3.61000     -9.02500   1   1
 362     -1.80500     -3.61000     -9.02500   1   1
 363     -3.61000     -1.80500     -9.02500   1   1
 364      1.80500     -3.61000      9.02500   1   1
 365      1.80500     -3.61000     -9.02500   1   1
 366     -3.61000      9.02500      1.80500   1   1
 367      9.02500      3.61000      1.80500   1   1
 368      9.02500      3.61000     -1.80500   1   1
 369      9.02500      1.80500      3.61000   1   1
 370      7.22000      0.00000     -7.22000   1   1
 371     -7.22000      7.22000      0.00000   1   1
 372      7.22000     -7.22000      0.00000   1   1
 373      0.00000     -7.22000     -7.22000   1   1
 374      0.00000      7.22000      7.22000   1   1
 375     -7.22000      0.00000      7.22000   1   1
 376      0.00000      7.22000     -7.22000   1   1
 377     -7.22000     -7.22000      0.00000   1   1
 378     -7.22000      0.00000     -7.22000   1   1
 379      7.22000      7.22000      0.00000   1   1
 380      0.00000     -7.22000      7.22000   1   1
 381      7.22000      0.00000      7.22000   1   1
 382     -7.22000      5.41500     -5.41500   1   1
 383     -5.41500     -7.22000      5.41500   1   1
 384     -7.22000      5.41500      5.41500   1   1
 385     -7.22000     -5.41500      5.41500   1   1
 386      7.22000     -5.41500      5.41500   1   1
 387      7.22000      5.41500     -5.41500   1   1
 388     -5.41500     -5.41500      7.22000   1   1
 389     -5.41500     -7.22000     -5.41500   1   1
 390      5.41500     -5.41500      7.22000   1   1
 391      5.41500     -5.41500     -7.22000   1   1
 392      5.41500     -7.22000     -5.41500   1   1
 393      7.22000     -5.41500     -5.41500   1   1
 394      5.41500      5.41500      7.22000   1   1
 395     -5.41500      7.22000     -5.41500   1   1
 396      5.41500      5.41500     -7.22000   1   1
 397      7.22000      5.41500      5.41500   1   1
 398     -7.22000     -5.41500     -5.41500   1   1
 399     -5.41500      7.22000      5.41500   1   1
 400     -5.41500     -5.41500     -7.22000   1   1
 401      5.41500      7.22000      5.41500   1   1
 402     -5.41500      5.41500      7.22000   1   1
 403     -5.41500      5.41500     -7.22000   1   1
 404      5.41500      7.22000     -5.41500   1   1
 405      5.41500     -7.22000      5.41500   1   1
 406      9.02500     -5.41500      0.00000   1   1
 407      9.02500      5.41500      0.00000   1   1
 408      0.00000     -9.02500     -5.41500   1   1
 409      9.02500      0.00000     -5.41500   1   1
 410     -9.02500     -5.41500      0.00000   1   1
 411      5.41500      0.00000     -9.02500   1   1
 412     -5.41500      9.02500      0.00000   1   1
 413     -5.41500      0.00000     -9.02500   1   1
 414      0.00000      5.41500     -9.02500   1   1
 415     -9.02500      0.00000     -5.41500   1   1
 416      5.41500      9.02500      0.00000   1   1
 417      0.00000      5.41500      9.02500   1   1
 418      0.00000      9.02500     -5.41500   1   1
 419      5.41500      0.00000      9.02500   1   1
 420      0.00000      9.02500      5.41500   1   1
 421     -5.41500      0.00000      9.02500   1   1
 422     -9.02500      5.41500      0.00000   1   1
 423     -9.02500      0.00000      5.41500   1   1
 424      5.41500     -9.02500      0.00000   1   1
 425      0.00000     -5.41500      9.02500   1   1
 426      0.00000     -9.02500      5.41500   1   1
 427      0.00000     -5.41500     -9.02500   1   1
 428     -5.41500     -9.02500      0.00000   1   1
 429      9.02500      0.00000      5.41500   1   1
 430    -10.83000      0.00000      0.00000   1   1
 431      0.00000      0.00000    -10.83000   1   1
 432      0.00000     10.83000      0.00000   1   1
 433     10.83000      0.00000      0.00000   1   1
 434      0.00000      0.00000     10.83000   1   1
 435      0.00000    -10.83000      0.00000   1   1
 436     -7.22000      7.22000      3.61000   1   1
 437      3.61000      7.22000      7.22000   1   1
 438      7.22000     -3.61000     -7.22000   1   1
 439     -3.61000      7.22000     -7.22000   1   1
 440     -7.22000      3.61000      7.22000   1   1
 441     -7.22000     -3.61000     -7.22000   1   1
 442      3.61000     -7.22000      7.22000   1   1
 443      3.61000     -7.22000     -7.22000   1   1
 444     -7.22000      7.22000     -3.61000   1   1
 445     -3.61000      7.22000      7.22000   1   1
 446     -7.22000     -7.22000     -3.61000   1   1
 447     -3.61000     -7.22000      7.22000   1   1
 448     -7.22000     -3.61000      7.22000   1   1
 449      7.22000      7.22000      3.61000   1   1
 450      7.22000      7.22000     -3.61000   1   1
 451      7.22000      3.61000      7.22000   1   1
 452     -3.61000     -7.22000     -7.22000   1   1
 453      3.61000      7.22000     -7.22000   1   1
 454     -7.22000     -7.22000      3.61000   1   1
 455     -7.22000      3.61000     -7.22000   1   1
 456      7.22000     -7.22000     -3.61000   1   1
 457      7.22000     -7.22000      3.61000   1   1
 458      7.22000     -3.61000      7.22000   1   1
 459      7.22000      3.61000     -7.22000   1   1
 460     -1.80500      1.80500    -10.83000   1   1
 461     -1.80500     -1.80500     10.83000   1   1
 462     -1.80500      1.80500     10.83000   1   1
 463      1.80500     -1.80500    -10.83000   1   1
 464      1.80500      1.80500     10.83000   1   1
 465      1.80500     -1.80500     10.83000   1   1
 466      1.80500      1.80500    -10.83000   1   1
 467     -1.80500     -1.80500    -10.83000   1   1
 468      1.80500    -10.83000     -1.80500   1   1
 469    -10.83000      1.80500     -1.80500   1   1
 470    -10.83000     -1.80500      1.80500   1   1
 471     10.83000      1.80500     -1.80500   1   1
 472     -1.80500    -10.83000     -1.80500   1   1
 473     -1.80500    -10.83000      1.80500   1   1
 474     10.83000     -1.80500     -1.80500   1   1
 475     10.83000      1.80500      1.80500   1   1
 476     -1.80500     10.83000     -1.80500   1   1
 477    -10.83000      1.80500      1.80500   1   1
 478      1.80500     10.83000     -1.80500   1   1
 479     -1.80500     10.83000      1.80500   1   1
 480    -10.83000     -1.80500     -1.80500   1   1
 481      1.80500     10.83000      1.80500   1   1
 482     10.83000     -1.80500      1.80500   1   1
 483      1.80500    -10.83000      1.80500   1   1
 484     -9.02500     -3.61000     -5.41500   1   1
 485      5.41500      9.02500     -3.61000   1   1
 486      5.41500      9.02500      3.61000   1   1
 487      3.61000     -9.02500     -5.41500   1   1
 488      5.41500      3.61000      9.02500   1   1
 489      3.61000      5.41500      9.02500   1   1
 490      3.61000      9.02500      5.41500   1   1
 491     -5.41500      9.02500      3.61000   1   1
 492      3.61000     -9.02500      5.41500   1   1
 493      9.02500     -5.41500     -3.61000   1   1
 494      5.41500     -9.02500      3.61000   1   1
 495     -9.02500      3.61000     -5.41500   1   1
 496     -9.02500      3.61000      5.41500   1   1
 497      9.02500     -3.61000      5.41500   1   1
 498      9.02500     -5.41500      3.61000   1   1
 499     -9.02500     -5.41500      3.61000   1   1
 500     -9.02500     -3.61000      5.41500   1   1
 501     -9.02500      5.41500     -3.61000   1   1
 502      5.41500     -3.61000     -9.02500   1   1
 503     -5.41500     -3.61000     -9.02500   1   1
 504      3.61000     -5.41500      9.02500   1   1
 505      3.61000     -5.41500     -9.02500   1   1
 506     -5.41500     -9.02500     -3.61000   1   1
 507      5.41500     -9.02500     -3.61000   1   1
 508     -3.61000      9.02500     -5.41500   1   1
 509     -5.41500      3.61000     -9.02500   1   1
 510     -3.61000     -9.02500     -5.41500   1   1
 511     -3.61000      5.41500     -9.02500   1   1
 512      5.41500     -3.61000      9.02500   1   1
 513      3.61000      5.41500     -9.02500   1   1
 514     -9.02500     -5.41500     -3.61000   1   1
 515      5.41500      3.61000     -9.02500   1   1
 516     -3.61000     -5.41500      9.02500   1   1
 517      3.61000      9.02500     -5.41500   1   1
 518     -5.41500      3.61000      9.02500   1   1
 519      9.02500      5.41500      3.61000   1   1
 520     -5.41500     -3.61000      9.02500   1   1
 521     -3.61000      5.41500      9.02500   1   1
 522     -5.41500      9.02500     -3.61000   1   1
 523     -9.02500      5.41500      3.61000   1   1
 524      9.02500      3.61000      5.41500   1   1
 525     -3.61000      9.02500      5.41500   1   1
 526      9.02500     -3.61000     -5.41500   1   1
 527      9.02500      5.41500     -3.61000   1   1
 528     -3.61000     -5.41500     -9.02500   1   1
 529     -5.41500     -9.02500      3.61000   1   1
 530     -3.61000     -9.02500      5.41500   1   1
 531      9.02500      3.61000     -5.41500   1   1
