# Cu
#  POT  SCF 100  4.0000   0, screened core-hole, AFOLP (folp(0)= 1.150)
    0 195 196  Unique potential, I_mt, I_norman.    Following data in atomic units.
  iph            0
   i      r         vcoul        rho     ovrlp vcoul  ovrlp vtot  ovrlp rho
    1  1.5073E-04 -1.9226E+05  2.1365E+04 -1.9226E+05 -1.9228E+05  2.1441E+04
    2  1.5846E-04 -1.8287E+05  2.1307E+04 -1.8287E+05 -1.8290E+05  2.1375E+04
    3  1.6659E-04 -1.7395E+05  2.1249E+04 -1.7395E+05 -1.7397E+05  2.1310E+04
    4  1.7513E-04 -1.6546E+05  2.1190E+04 -1.6546E+05 -1.6548E+05  2.1245E+04
    5  1.8411E-04 -1.5738E+05  2.1131E+04 -1.5738E+05 -1.5741E+05  2.1181E+04
    6  1.9355E-04 -1.4970E+05  2.1072E+04 -1.4970E+05 -1.4973E+05  2.1116E+04
    7  2.0347E-04 -1.4239E+05  2.1012E+04 -1.4239E+05 -1.4242E+05  2.1053E+04
    8  2.1390E-04 -1.3544E+05  2.0952E+04 -1.3544E+05 -1.3547E+05  2.0988E+04
    9  2.2487E-04 -1.2883E+05  2.0891E+04 -1.2883E+05 -1.2885E+05  2.0924E+04
   10  2.3640E-04 -1.2254E+05  2.0830E+04 -1.2254E+05 -1.2257E+05  2.0859E+04
   11  2.4852E-04 -1.1655E+05  2.0768E+04 -1.1655E+05 -1.1658E+05  2.0795E+04
   12  2.6126E-04 -1.1086E+05  2.0706E+04 -1.1086E+05 -1.1089E+05  2.0730E+04
   13  2.7465E-04 -1.0545E+05  2.0643E+04 -1.0545E+05 -1.0548E+05  2.0665E+04
   14  2.8874E-04 -1.0030E+05  2.0580E+04 -1.0030E+05 -1.0033E+05  2.0599E+04
   15  3.0354E-04 -9.5402E+04  2.0515E+04 -9.5402E+04 -9.5429E+04  2.0534E+04
   16  3.1910E-04 -9.0742E+04  2.0451E+04 -9.0743E+04 -9.0770E+04  2.0467E+04
   17  3.3546E-04 -8.6310E+04  2.0385E+04 -8.6310E+04 -8.6338E+04  2.0400E+04
   18  3.5266E-04 -8.2094E+04  2.0319E+04 -8.2094E+04 -8.2121E+04  2.0332E+04
   19  3.7074E-04 -7.8084E+04  2.0251E+04 -7.8084E+04 -7.8111E+04  2.0264E+04
   20  3.8975E-04 -7.4269E+04  2.0183E+04 -7.4269E+04 -7.4296E+04  2.0195E+04
   21  4.0973E-04 -7.0640E+04  2.0114E+04 -7.0640E+04 -7.0667E+04  2.0125E+04
   22  4.3074E-04 -6.7188E+04  2.0044E+04 -6.7188E+04 -6.7215E+04  2.0054E+04
   23  4.5283E-04 -6.3904E+04  1.9973E+04 -6.3905E+04 -6.3932E+04  1.9983E+04
   24  4.7604E-04 -6.0781E+04  1.9901E+04 -6.0781E+04 -6.0808E+04  1.9910E+04
   25  5.0045E-04 -5.7810E+04  1.9828E+04 -5.7810E+04 -5.7837E+04  1.9836E+04
   26  5.2611E-04 -5.4984E+04  1.9754E+04 -5.4984E+04 -5.5011E+04  1.9762E+04
   27  5.5308E-04 -5.2296E+04  1.9679E+04 -5.2296E+04 -5.2323E+04  1.9686E+04
   28  5.8144E-04 -4.9738E+04  1.9602E+04 -4.9739E+04 -4.9765E+04  1.9608E+04
   29  6.1125E-04 -4.7306E+04  1.9524E+04 -4.7306E+04 -4.7333E+04  1.9530E+04
   30  6.4259E-04 -4.4992E+04  1.9444E+04 -4.4992E+04 -4.5019E+04  1.9450E+04
   31  6.7554E-04 -4.2791E+04  1.9363E+04 -4.2791E+04 -4.2818E+04  1.9369E+04
   32  7.1017E-04 -4.0697E+04  1.9280E+04 -4.0698E+04 -4.0724E+04  1.9286E+04
   33  7.4659E-04 -3.8706E+04  1.9196E+04 -3.8706E+04 -3.8733E+04  1.9201E+04
   34  7.8486E-04 -3.6811E+04  1.9110E+04 -3.6812E+04 -3.6838E+04  1.9115E+04
   35  8.2510E-04 -3.5009E+04  1.9023E+04 -3.5010E+04 -3.5036E+04  1.9027E+04
   36  8.6741E-04 -3.3295E+04  1.8933E+04 -3.3296E+04 -3.3322E+04  1.8938E+04
   37  9.1188E-04 -3.1665E+04  1.8842E+04 -3.1665E+04 -3.1691E+04  1.8846E+04
   38  9.5863E-04 -3.0114E+04  1.8748E+04 -3.0114E+04 -3.0140E+04  1.8753E+04
   39  1.0078E-03 -2.8638E+04  1.8652E+04 -2.8639E+04 -2.8665E+04  1.8657E+04
   40  1.0595E-03 -2.7235E+04  1.8555E+04 -2.7235E+04 -2.7262E+04  1.8559E+04
   41  1.1138E-03 -2.5900E+04  1.8454E+04 -2.5900E+04 -2.5926E+04  1.8458E+04
   42  1.1709E-03 -2.4630E+04  1.8352E+04 -2.4630E+04 -2.4657E+04  1.8356E+04
   43  1.2309E-03 -2.3422E+04  1.8247E+04 -2.3422E+04 -2.3449E+04  1.8251E+04
   44  1.2940E-03 -2.2273E+04  1.8139E+04 -2.2273E+04 -2.2300E+04  1.8143E+04
   45  1.3604E-03 -2.1180E+04  1.8028E+04 -2.1180E+04 -2.1206E+04  1.8032E+04
   46  1.4301E-03 -2.0141E+04  1.7915E+04 -2.0141E+04 -2.0167E+04  1.7919E+04
   47  1.5034E-03 -1.9152E+04  1.7799E+04 -1.9152E+04 -1.9178E+04  1.7802E+04
   48  1.5805E-03 -1.8211E+04  1.7679E+04 -1.8211E+04 -1.8237E+04  1.7683E+04
   49  1.6616E-03 -1.7316E+04  1.7556E+04 -1.7316E+04 -1.7342E+04  1.7560E+04
   50  1.7467E-03 -1.6465E+04  1.7430E+04 -1.6465E+04 -1.6491E+04  1.7434E+04
   51  1.8363E-03 -1.5655E+04  1.7301E+04 -1.5655E+04 -1.5681E+04  1.7304E+04
   52  1.9305E-03 -1.4885E+04  1.7168E+04 -1.4885E+04 -1.4911E+04  1.7171E+04
   53  2.0294E-03 -1.4152E+04  1.7031E+04 -1.4153E+04 -1.4178E+04  1.7034E+04
   54  2.1335E-03 -1.3455E+04  1.6890E+04 -1.3456E+04 -1.3481E+04  1.6894E+04
   55  2.2429E-03 -1.2792E+04  1.6746E+04 -1.2793E+04 -1.2818E+04  1.6749E+04
   56  2.3579E-03 -1.2162E+04  1.6597E+04 -1.2162E+04 -1.2187E+04  1.6600E+04
   57  2.4788E-03 -1.1562E+04  1.6443E+04 -1.1562E+04 -1.1588E+04  1.6447E+04
   58  2.6058E-03 -1.0991E+04  1.6286E+04 -1.0992E+04 -1.1017E+04  1.6289E+04
   59  2.7394E-03 -1.0449E+04  1.6124E+04 -1.0449E+04 -1.0474E+04  1.6127E+04
   60  2.8799E-03 -9.9325E+03  1.5957E+04 -9.9328E+03 -9.9577E+03  1.5960E+04
   61  3.0276E-03 -9.4414E+03  1.5785E+04 -9.4417E+03 -9.4666E+03  1.5788E+04
   62  3.1828E-03 -8.9743E+03  1.5608E+04 -8.9746E+03 -8.9994E+03  1.5611E+04
   63  3.3460E-03 -8.5300E+03  1.5426E+04 -8.5302E+03 -8.5549E+03  1.5429E+04
   64  3.5175E-03 -8.1073E+03  1.5239E+04 -8.1076E+03 -8.1322E+03  1.5242E+04
   65  3.6979E-03 -7.7052E+03  1.5047E+04 -7.7055E+03 -7.7300E+03  1.5050E+04
   66  3.8875E-03 -7.3228E+03  1.4849E+04 -7.3231E+03 -7.3475E+03  1.4852E+04
   67  4.0868E-03 -6.9590E+03  1.4645E+04 -6.9593E+03 -6.9836E+03  1.4648E+04
   68  4.2963E-03 -6.6130E+03  1.4436E+04 -6.6133E+03 -6.6375E+03  1.4438E+04
   69  4.5166E-03 -6.2839E+03  1.4220E+04 -6.2842E+03 -6.3082E+03  1.4223E+04
   70  4.7482E-03 -5.9708E+03  1.3999E+04 -5.9711E+03 -5.9950E+03  1.4002E+04
   71  4.9916E-03 -5.6730E+03  1.3772E+04 -5.6733E+03 -5.6971E+03  1.3774E+04
   72  5.2475E-03 -5.3898E+03  1.3539E+04 -5.3900E+03 -5.4137E+03  1.3541E+04
   73  5.5166E-03 -5.1203E+03  1.3299E+04 -5.1206E+03 -5.1441E+03  1.3302E+04
   74  5.7994E-03 -4.8640E+03  1.3054E+04 -4.8643E+03 -4.8877E+03  1.3056E+04
   75  6.0967E-03 -4.6203E+03  1.2802E+04 -4.6205E+03 -4.6437E+03  1.2804E+04
   76  6.4093E-03 -4.3884E+03  1.2544E+04 -4.3887E+03 -4.4117E+03  1.2546E+04
   77  6.7379E-03 -4.1678E+03  1.2280E+04 -4.1681E+03 -4.1910E+03  1.2282E+04
   78  7.0834E-03 -3.9581E+03  1.2010E+04 -3.9584E+03 -3.9811E+03  1.2012E+04
   79  7.4466E-03 -3.7586E+03  1.1733E+04 -3.7588E+03 -3.7814E+03  1.1735E+04
   80  7.8284E-03 -3.5688E+03  1.1451E+04 -3.5691E+03 -3.5914E+03  1.1453E+04
   81  8.2297E-03 -3.3883E+03  1.1163E+04 -3.3886E+03 -3.4107E+03  1.1165E+04
   82  8.6517E-03 -3.2166E+03  1.0870E+04 -3.2169E+03 -3.2389E+03  1.0872E+04
   83  9.0953E-03 -3.0533E+03  1.0571E+04 -3.0536E+03 -3.0754E+03  1.0572E+04
   84  9.5616E-03 -2.8981E+03  1.0266E+04 -2.8983E+03 -2.9199E+03  1.0268E+04
   85  1.0052E-02 -2.7504E+03  9.9572E+03 -2.7507E+03 -2.7720E+03  9.9590E+03
   86  1.0567E-02 -2.6099E+03  9.6435E+03 -2.6102E+03 -2.6314E+03  9.6454E+03
   87  1.1109E-02 -2.4764E+03  9.3256E+03 -2.4767E+03 -2.4976E+03  9.3273E+03
   88  1.1679E-02 -2.3494E+03  9.0039E+03 -2.3496E+03 -2.3703E+03  9.0056E+03
   89  1.2277E-02 -2.2286E+03  8.6788E+03 -2.2289E+03 -2.2493E+03  8.6804E+03
   90  1.2907E-02 -2.1137E+03  8.3508E+03 -2.1140E+03 -2.1342E+03  8.3524E+03
   91  1.3569E-02 -2.0045E+03  8.0205E+03 -2.0048E+03 -2.0247E+03  8.0220E+03
   92  1.4264E-02 -1.9007E+03  7.6885E+03 -1.9010E+03 -1.9206E+03  7.6899E+03
   93  1.4996E-02 -1.8020E+03  7.3553E+03 -1.8022E+03 -1.8216E+03  7.3567E+03
   94  1.5764E-02 -1.7081E+03  7.0218E+03 -1.7084E+03 -1.7274E+03  7.0231E+03
   95  1.6573E-02 -1.6189E+03  6.6885E+03 -1.6192E+03 -1.6379E+03  6.6897E+03
   96  1.7422E-02 -1.5341E+03  6.3563E+03 -1.5343E+03 -1.5528E+03  6.3575E+03
   97  1.8316E-02 -1.4534E+03  6.0259E+03 -1.4537E+03 -1.4718E+03  6.0270E+03
   98  1.9255E-02 -1.3768E+03  5.6982E+03 -1.3771E+03 -1.3948E+03  5.6993E+03
   99  2.0242E-02 -1.3040E+03  5.3740E+03 -1.3043E+03 -1.3217E+03  5.3750E+03
  100  2.1280E-02 -1.2348E+03  5.0542E+03 -1.2350E+03 -1.2521E+03  5.0552E+03
  101  2.2371E-02 -1.1690E+03  4.7398E+03 -1.1693E+03 -1.1860E+03  4.7406E+03
  102  2.3518E-02 -1.1065E+03  4.4315E+03 -1.1068E+03 -1.1231E+03  4.4323E+03
  103  2.4724E-02 -1.0472E+03  4.1303E+03 -1.0474E+03 -1.0634E+03  4.1310E+03
  104  2.5991E-02 -9.9078E+02  3.8370E+03 -9.9106E+02 -1.0066E+03  3.8378E+03
  105  2.7324E-02 -9.3722E+02  3.5526E+03 -9.3750E+02 -9.5269E+02  3.5532E+03
  106  2.8725E-02 -8.8635E+02  3.2777E+03 -8.8663E+02 -9.0143E+02  3.2784E+03
  107  3.0197E-02 -8.3805E+02  3.0133E+03 -8.3833E+02 -8.5272E+02  3.0139E+03
  108  3.1746E-02 -7.9219E+02  2.7601E+03 -7.9247E+02 -8.0645E+02  2.7606E+03
  109  3.3373E-02 -7.4865E+02  2.5186E+03 -7.4893E+02 -7.6249E+02  2.5190E+03
  110  3.5084E-02 -7.0732E+02  2.2895E+03 -7.0760E+02 -7.2074E+02  2.2899E+03
  111  3.6883E-02 -6.6809E+02  2.0732E+03 -6.6837E+02 -6.8109E+02  2.0736E+03
  112  3.8774E-02 -6.3086E+02  1.8702E+03 -6.3114E+02 -6.4344E+02  1.8706E+03
  113  4.0762E-02 -5.9554E+02  1.6807E+03 -5.9582E+02 -6.0769E+02  1.6810E+03
  114  4.2852E-02 -5.6202E+02  1.5049E+03 -5.6230E+02 -5.7374E+02  1.5053E+03
  115  4.5049E-02 -5.3022E+02  1.3429E+03 -5.3050E+02 -5.4152E+02  1.3432E+03
  116  4.7359E-02 -5.0005E+02  1.1945E+03 -5.0033E+02 -5.1094E+02  1.1948E+03
  117  4.9787E-02 -4.7144E+02  1.0596E+03 -4.7172E+02 -4.8192E+02  1.0599E+03
  118  5.2340E-02 -4.4431E+02  9.3793E+02 -4.4459E+02 -4.5438E+02  9.3822E+02
  119  5.5023E-02 -4.1857E+02  8.2893E+02 -4.1885E+02 -4.2826E+02  8.2918E+02
  120  5.7844E-02 -3.9417E+02  7.3211E+02 -3.9445E+02 -4.0348E+02  7.3239E+02
  121  6.0810E-02 -3.7104E+02  6.4681E+02 -3.7132E+02 -3.7999E+02  6.4706E+02
  122  6.3928E-02 -3.4910E+02  5.7230E+02 -3.4938E+02 -3.5771E+02  5.7257E+02
  123  6.7206E-02 -3.2831E+02  5.0775E+02 -3.2859E+02 -3.3660E+02  5.0799E+02
  124  7.0651E-02 -3.0860E+02  4.5228E+02 -3.0888E+02 -3.1659E+02  4.5256E+02
  125  7.4274E-02 -2.8992E+02  4.0499E+02 -2.9020E+02 -2.9764E+02  4.0524E+02
  126  7.8082E-02 -2.7222E+02  3.6493E+02 -2.7250E+02 -2.7969E+02  3.6521E+02
  127  8.2085E-02 -2.5545E+02  3.3116E+02 -2.5574E+02 -2.6270E+02  3.3141E+02
  128  8.6294E-02 -2.3957E+02  3.0274E+02 -2.3986E+02 -2.4662E+02  3.0302E+02
  129  9.0718E-02 -2.2453E+02  2.7880E+02 -2.2482E+02 -2.3140E+02  2.7905E+02
  130  9.5369E-02 -2.1030E+02  2.5848E+02 -2.1059E+02 -2.1701E+02  2.5876E+02
  131  1.0026E-01 -1.9683E+02  2.4102E+02 -1.9712E+02 -2.0339E+02  2.4127E+02
  132  1.0540E-01 -1.8410E+02  2.2573E+02 -1.8438E+02 -1.9052E+02  2.2599E+02
  133  1.1080E-01 -1.7206E+02  2.1199E+02 -1.7234E+02 -1.7836E+02  2.1223E+02
  134  1.1648E-01 -1.6069E+02  1.9931E+02 -1.6097E+02 -1.6687E+02  1.9956E+02
  135  1.2246E-01 -1.4995E+02  1.8727E+02 -1.5024E+02 -1.5602E+02  1.8749E+02
  136  1.2873E-01 -1.3983E+02  1.7556E+02 -1.4012E+02 -1.4577E+02  1.7579E+02
  137  1.3534E-01 -1.3029E+02  1.6396E+02 -1.3058E+02 -1.3611E+02  1.6417E+02
  138  1.4227E-01 -1.2130E+02  1.5235E+02 -1.2159E+02 -1.2699E+02  1.5256E+02
  139  1.4957E-01 -1.1285E+02  1.4067E+02 -1.1314E+02 -1.1841E+02  1.4085E+02
  140  1.5724E-01 -1.0491E+02  1.2893E+02 -1.0520E+02 -1.1032E+02  1.2911E+02
  141  1.6530E-01 -9.7448E+01  1.1720E+02 -9.7744E+01 -1.0270E+02  1.1735E+02
  142  1.7377E-01 -9.0452E+01  1.0559E+02 -9.0749E+01 -9.5542E+01  1.0574E+02
  143  1.8268E-01 -8.3894E+01  9.4214E+01 -8.4193E+01 -8.8812E+01  9.4338E+01
  144  1.9205E-01 -7.7753E+01  8.3228E+01 -7.8053E+01 -8.2489E+01  8.3350E+01
  145  2.0190E-01 -7.2005E+01  7.2771E+01 -7.2306E+01 -7.6553E+01  7.2871E+01
  146  2.1225E-01 -6.6628E+01  6.2974E+01 -6.6931E+01 -7.0984E+01  6.3072E+01
  147  2.2313E-01 -6.1601E+01  5.3947E+01 -6.1905E+01 -6.5759E+01  5.4028E+01
  148  2.3457E-01 -5.6901E+01  4.5778E+01 -5.7207E+01 -6.0861E+01  4.5858E+01
  149  2.4660E-01 -5.2507E+01  3.8520E+01 -5.2815E+01 -5.6271E+01  3.8586E+01
  150  2.5924E-01 -4.8399E+01  3.2196E+01 -4.8709E+01 -5.1971E+01  3.2263E+01
  151  2.7253E-01 -4.4558E+01  2.6799E+01 -4.4869E+01 -4.7944E+01  2.6853E+01
  152  2.8650E-01 -4.0965E+01  2.2289E+01 -4.1278E+01 -4.4176E+01  2.2343E+01
  153  3.0119E-01 -3.7604E+01  1.8605E+01 -3.7919E+01 -4.0653E+01  1.8648E+01
  154  3.1664E-01 -3.4458E+01  1.5663E+01 -3.4775E+01 -3.7362E+01  1.5705E+01
  155  3.3287E-01 -3.1514E+01  1.3368E+01 -3.1833E+01 -3.4291E+01  1.3400E+01
  156  3.4994E-01 -2.8758E+01  1.1615E+01 -2.9079E+01 -3.1430E+01  1.1644E+01
  157  3.6788E-01 -2.6181E+01  1.0301E+01 -2.6504E+01 -2.8766E+01  1.0319E+01
  158  3.8674E-01 -2.3773E+01  9.3238E+00 -2.4098E+01 -2.6288E+01  9.3362E+00
  159  4.0657E-01 -2.1524E+01  8.5921E+00 -2.1851E+01 -2.3984E+01  8.5926E+00
  160  4.2741E-01 -1.9429E+01  8.0256E+00 -1.9758E+01 -2.1844E+01  8.0186E+00
  161  4.4933E-01 -1.7481E+01  7.5585E+00 -1.7812E+01 -1.9857E+01  7.5391E+00
  162  4.7237E-01 -1.5675E+01  7.1397E+00 -1.6007E+01 -1.8015E+01  7.1118E+00
  163  4.9659E-01 -1.4006E+01  6.7329E+00 -1.4339E+01 -1.6309E+01  6.6931E+00
  164  5.2205E-01 -1.2469E+01  6.3150E+00 -1.2803E+01 -1.4732E+01  6.2671E+00
  165  5.4881E-01 -1.1060E+01  5.8748E+00 -1.1394E+01 -1.3278E+01  5.8169E+00
  166  5.7695E-01 -9.7731E+00  5.4099E+00 -1.0107E+01 -1.1941E+01  5.3456E+00
  167  6.0653E-01 -8.6046E+00  4.9248E+00 -8.9380E+00 -1.0717E+01  4.8536E+00
  168  6.3763E-01 -7.5485E+00  4.4283E+00 -7.8804E+00 -9.5988E+00  4.3537E+00
  169  6.7032E-01 -6.5991E+00  3.9314E+00 -6.9285E+00 -8.5818E+00  3.8537E+00
  170  7.0469E-01 -5.7500E+00  3.4453E+00 -6.0761E+00 -7.6604E+00  3.3679E+00
  171  7.4082E-01 -4.9947E+00  2.9807E+00 -5.3164E+00 -6.8284E+00  2.9042E+00
  172  7.7880E-01 -4.3263E+00  2.5463E+00 -4.6426E+00 -6.0800E+00  2.4732E+00
  173  8.1873E-01 -3.7378E+00  2.1485E+00 -4.0475E+00 -5.4087E+00  2.0795E+00
  174  8.6071E-01 -3.2220E+00  1.7914E+00 -3.5242E+00 -4.8087E+00  1.7284E+00
  175  9.0484E-01 -2.7721E+00  1.4768E+00 -3.0656E+00 -4.2735E+00  1.4199E+00
  176  9.5123E-01 -2.3812E+00  1.2044E+00 -2.6649E+00 -3.7975E+00  1.1548E+00
  177  1.0000E+00 -2.0427E+00  9.7242E-01 -2.3158E+00 -3.3747E+00  9.2992E-01
  178  1.0513E+00 -1.7505E+00  7.7792E-01 -2.0123E+00 -3.0000E+00  7.4292E-01
  179  1.1052E+00 -1.4989E+00  6.1716E-01 -1.7487E+00 -2.6681E+00  5.8919E-01
  180  1.1618E+00 -1.2827E+00  4.8604E-01 -1.5200E+00 -2.3749E+00  4.6499E-01
  181  1.2214E+00 -1.0971E+00  3.8038E-01 -1.3217E+00 -2.1159E+00  3.6558E-01
  182  1.2840E+00 -9.3800E-01  2.9616E-01 -1.1498E+00 -1.8876E+00  2.8723E-01
  183  1.3499E+00 -8.0164E-01  2.2968E-01 -1.0009E+00 -1.6867E+00  2.2587E-01
  184  1.4191E+00 -6.8476E-01  1.7764E-01 -8.7180E-01 -1.5104E+00  1.7843E-01
  185  1.4918E+00 -5.8456E-01  1.3717E-01 -7.6005E-01 -1.3560E+00  1.4186E-01
  186  1.5683E+00 -4.9862E-01  1.0588E-01 -6.6344E-01 -1.2214E+00  1.1397E-01
  187  1.6487E+00 -4.2486E-01  8.1780E-02 -5.8014E-01 -1.1046E+00  9.2663E-02
  188  1.7333E+00 -3.6152E-01  6.3260E-02 -5.0864E-01 -1.0040E+00  7.6507E-02
  189  1.8221E+00 -3.0710E-01  4.9045E-02 -4.4767E-01 -9.1793E-01  6.4203E-02
  190  1.9155E+00 -2.6033E-01  3.8132E-02 -3.9622E-01 -8.4515E-01  5.4884E-02
  191  2.0138E+00 -2.2014E-01  2.9743E-02 -3.5346E-01 -7.8441E-01  4.7789E-02
  192  2.1170E+00 -1.8561E-01  2.3280E-02 -3.1873E-01 -7.3479E-01  4.2413E-02
  193  2.2255E+00 -1.5596E-01  1.8285E-02 -2.9152E-01 -6.9545E-01  3.8341E-02
  194  2.3396E+00 -1.3054E-01  1.4410E-02 -2.7146E-01 -6.6444E-01  3.5289E-02
  195  2.4596E+00 -1.0878E-01  1.1392E-02 -2.5831E-01 -6.3641E-01  3.3041E-02
  196  2.5857E+00 -9.0198E-02  9.0300E-03 -2.5193E-01 -6.1197E-01  3.1434E-02
  197  2.7183E+00 -7.4372E-02  7.1721E-03 -2.5231E-01 -6.0995E-01  3.0378E-02
  198  2.8577E+00 -6.0943E-02  5.7035E-03 -2.5956E-01 -6.0995E-01  2.9757E-02
  199  3.0042E+00 -4.9597E-02  4.5368E-03 -2.7389E-01 -6.0995E-01  2.9487E-02
  200  3.1582E+00 -4.0060E-02  3.6056E-03 -2.9585E-01 -6.0995E-01  2.9501E-02
  201  3.3201E+00 -3.2091E-02  2.8595E-03  0.0000E+00 -6.0995E-01  4.1595E-02
  202  3.4903E+00 -2.5478E-02  2.2599E-03  0.0000E+00 -6.0995E-01  5.4969E-02
  203  3.6693E+00 -2.0031E-02  1.7773E-03  0.0000E+00 -6.0995E-01  7.8962E-02
  204  3.8574E+00 -1.5583E-02  1.3889E-03  0.0000E+00 -6.0995E-01  1.2425E-01
  205  4.0552E+00 -1.1986E-02  1.0768E-03  0.0000E+00 -6.0995E-01  2.1121E-01
  206  4.2631E+00 -9.1074E-03  8.2712E-04  0.0000E+00 -6.0995E-01  3.6212E-01
  207  4.4817E+00 -6.8302E-03  6.2847E-04  0.0000E+00 -6.0995E-01  5.5597E-01
  208  4.7115E+00 -5.0512E-03  4.7173E-04  0.0000E+00 -6.0995E-01  1.2978E+00
  209  4.9530E+00 -3.6803E-03  3.4928E-04  0.0000E+00 -6.0995E-01  7.7748E-03
  210  5.2070E+00 -2.6391E-03  2.5477E-04  0.0000E+00 -6.0995E-01  1.0501E-02
  211  5.4739E+00 -1.8608E-03  1.8282E-04  0.0000E+00 -6.0995E-01  1.5703E-02
  212  5.7546E+00 -1.2888E-03  1.2889E-04  0.0000E+00 -6.0995E-01  2.7291E-02
  213  6.0496E+00 -8.7576E-04  8.9169E-05  0.0000E+00 -6.0995E-01  5.6426E-02
  214  6.3598E+00 -5.8327E-04  6.0450E-05  0.0000E+00 -6.0995E-01  1.1849E-01
  215  6.6859E+00 -3.8031E-04  4.0107E-05  0.0000E+00 -6.0995E-01  3.0382E-01
  216  7.0287E+00 -2.4248E-04  2.6008E-05  0.0000E+00 -6.0995E-01  3.2314E-02
  217  7.3891E+00 -1.5100E-04  1.6461E-05  0.0000E+00 -6.0995E-01  7.6469E-02
  218  7.7679E+00 -9.1733E-05  1.0156E-05  0.0000E+00 -6.0995E-01  2.1733E-01
  219  8.1662E+00 -5.4309E-05  6.0981E-06  0.0000E+00 -6.0995E-01  5.9445E-01
  220  8.5849E+00 -3.1304E-05  3.5587E-06  0.0000E+00 -6.0995E-01  2.5096E-02
  221  9.0250E+00 -1.7560E-05  2.0154E-06  0.0000E+00 -6.0995E-01  7.9646E-02
  222  9.4877E+00 -9.5898E-06  1.1058E-06  0.0000E+00 -6.0995E-01  2.7130E-01
  223  9.9742E+00 -5.1097E-06  5.8688E-07  0.0000E+00 -6.0995E-01  6.7808E-02
  224  1.0486E+01 -2.6719E-06  3.0075E-07  0.0000E+00 -6.0995E-01  2.3642E-01
  225  1.1023E+01 -1.3886E-06  1.4855E-07  0.0000E+00 -6.0995E-01  1.9269E-02
  226  1.1588E+01 -7.3486E-07  7.0588E-08  0.0000E+00 -6.0995E-01  8.1272E-02
  227  1.2182E+01 -4.1177E-07  3.2204E-08  0.0000E+00 -6.0995E-01  3.2204E-08
  228  1.2807E+01 -2.5557E-07  1.4077E-08  0.0000E+00 -6.0995E-01  1.4077E-08
  229  1.3464E+01 -1.8027E-07  5.8826E-09  0.0000E+00 -6.0995E-01  5.8826E-09
  230  1.4154E+01 -1.4263E-07  2.3448E-09  0.0000E+00 -6.0995E-01  2.3448E-09
  231  1.4880E+01 -1.2185E-07  8.8935E-10  0.0000E+00 -6.0995E-01  8.8935E-10
  232  1.5643E+01 -1.0840E-07  3.2016E-10  0.0000E+00 -6.0995E-01  3.2016E-10
  233  1.6445E+01 -9.8145E-08  1.0910E-10  0.0000E+00 -6.0995E-01  1.0910E-10
  234  1.7288E+01 -8.9342E-08  3.5098E-11  0.0000E+00 -6.0995E-01  3.5098E-11
  235  1.8174E+01 -8.1309E-08  1.0627E-11  0.0000E+00 -6.0995E-01  1.0627E-11
  236  1.9106E+01 -7.3783E-08  3.0196E-12  0.0000E+00 -6.0995E-01  3.0196E-12
  237  2.0086E+01 -6.6659E-08  8.0256E-13  0.0000E+00 -6.0995E-01  8.0256E-13
  238  2.1115E+01 -5.9894E-08  1.9886E-13  0.0000E+00 -6.0995E-01  1.9886E-13
  239  2.2198E+01 -5.3462E-08  4.5778E-14  0.0000E+00 -6.0995E-01  4.5778E-14
  240  2.3336E+01 -4.7343E-08  9.7557E-15  0.0000E+00 -6.0995E-01  9.7557E-15
  241  2.4533E+01 -4.1524E-08  1.9174E-15  0.0000E+00 -6.0995E-01  1.9174E-15
  242  2.5790E+01 -3.5988E-08  3.4619E-16  0.0000E+00 -6.0995E-01  3.4619E-16
  243  2.7113E+01 -3.0723E-08  5.7215E-17  0.0000E+00 -6.0995E-01  5.7215E-17
  244  2.8503E+01 -2.5714E-08  8.6175E-18  0.0000E+00 -6.0995E-01  8.6175E-18
  245  2.9964E+01 -2.0949E-08  1.1722E-18  0.0000E+00 -6.0995E-01  1.1722E-18
  246  3.1500E+01 -1.6417E-08  1.4662E-19  0.0000E+00 -6.0995E-01  1.4662E-19
  247  3.3115E+01 -1.2106E-08  1.4635E-20  0.0000E+00 -6.0995E-01  1.4635E-20
  248  3.4813E+01 -8.0050E-09  1.2306E-21  0.0000E+00 -6.0995E-01  1.2306E-21
  249  3.6598E+01 -4.1041E-09  9.1606E-23  0.0000E+00 -6.0995E-01  9.1606E-23
