 Temperature (Hatree) = 0
 Electronic Temperature (eV) = 0
 xloss =   0.86458999999999986       eV
 efermi =   -7.7295476900000004       eV
 Number of poles = 0
 Omega(Hart)    Re CCHI     Im CCHI   1-Fermi   Re xmu0    Im xmu0
  -0.1469972360E+001  -0.5389652016E-003   0.2220703198E-004   0.9914738808E+000  -0.5436000000E-003   0.2239800000E-004
  -0.1454085726E+001  -0.5279180526E-003   0.2167009824E-004   0.9913581699E+000  -0.5325200000E-003   0.2185900000E-004
  -0.1438199091E+001  -0.5171394426E-003   0.2115304615E-004   0.9912392759E+000  -0.5217100000E-003   0.2134000000E-004
  -0.1422312457E+001  -0.5066193993E-003   0.2065686188E-004   0.9911170656E+000  -0.5111600000E-003   0.2084200000E-004
  -0.1406425822E+001  -0.4963281320E-003   0.2018054884E-004   0.9909913984E+000  -0.5008400000E-003   0.2036400000E-004
  -0.1390539188E+001  -0.4862854054E-003   0.1972509233E-004   0.9908621256E+000  -0.4907700000E-003   0.1990700000E-004
  -0.1374652554E+001  -0.4764515265E-003   0.1928949538E-004   0.9907290897E+000  -0.4809100000E-003   0.1947000000E-004
  -0.1358765919E+001  -0.4668363503E-003   0.1887177055E-004   0.9905921240E+000  -0.4712700000E-003   0.1905100000E-004
  -0.1342879285E+001  -0.4574200093E-003   0.1847290257E-004   0.9904510519E+000  -0.4618300000E-003   0.1865100000E-004
  -0.1326992650E+001  -0.4482024504E-003   0.1809288488E-004   0.9903056859E+000  -0.4525900000E-003   0.1827000000E-004
  -0.1311106016E+001  -0.4391737155E-003   0.1772874008E-004   0.9901558271E+000  -0.4435400000E-003   0.1790500000E-004
  -0.1295219382E+001  -0.4303139494E-003   0.1738145219E-004   0.9900012639E+000  -0.4346600000E-003   0.1755700000E-004
  -0.1279332747E+001  -0.4216330009E-003   0.1704903467E-004   0.9898417714E+000  -0.4259600000E-003   0.1722400000E-004
  -0.1263446113E+001  -0.4131110192E-003   0.1673247090E-004   0.9896771099E+000  -0.4174200000E-003   0.1690700000E-004
  -0.1247559478E+001  -0.4047380582E-003   0.1643076414E-004   0.9895070243E+000  -0.4090300000E-003   0.1660500000E-004
  -0.1231672844E+001  -0.3965140685E-003   0.1614390721E-004   0.9893312421E+000  -0.4007900000E-003   0.1631800000E-004
  -0.1215786210E+001  -0.3884291063E-003   0.1586991413E-004   0.9891494723E+000  -0.3926900000E-003   0.1604400000E-004
  -0.1199899575E+001  -0.3804732313E-003   0.1560877784E-004   0.9889614039E+000  -0.3847200000E-003   0.1578300000E-004
  -0.1184012941E+001  -0.3726463953E-003   0.1536049074E-004   0.9887667037E+000  -0.3768800000E-003   0.1553500000E-004
  -0.1168126306E+001  -0.3649386609E-003   0.1512603329E-004   0.9885650150E+000  -0.3691600000E-003   0.1530100000E-004
  -0.1152239672E+001  -0.3573499790E-003   0.1490243108E-004   0.9883559546E+000  -0.3615600000E-003   0.1507800000E-004
  -0.1136353038E+001  -0.3498605337E-003   0.1469066417E-004   0.9881391113E+000  -0.3540600000E-003   0.1486700000E-004
  -0.1120466403E+001  -0.3424801610E-003   0.1449072317E-004   0.9879140422E+000  -0.3466700000E-003   0.1466800000E-004
  -0.1104579769E+001  -0.3351890534E-003   0.1430259800E-004   0.9876802705E+000  -0.3393700000E-003   0.1448100000E-004
  -0.1088693134E+001  -0.3279970419E-003   0.1412529032E-004   0.9874372818E+000  -0.3321700000E-003   0.1430500000E-004
  -0.1072806500E+001  -0.3208843283E-003   0.1395878912E-004   0.9871845204E+000  -0.3250500000E-003   0.1414000000E-004
  -0.1056919865E+001  -0.3138508696E-003   0.1380308249E-004   0.9869213848E+000  -0.3180100000E-003   0.1398600000E-004
  -0.1041033231E+001  -0.3068867524E-003   0.1365914416E-004   0.9866472235E+000  -0.3110400000E-003   0.1384400000E-004
  -0.1025146597E+001  -0.3000017982E-003   0.1352498654E-004   0.9863613290E+000  -0.3041500000E-003   0.1371200000E-004
  -0.1009259962E+001  -0.2931663703E-003   0.1340256737E-004   0.9860629321E+000  -0.2973100000E-003   0.1359200000E-004
  -0.9933733279E+000  -0.2864001522E-003   0.1328989761E-004   0.9857511950E+000  -0.2905400000E-003   0.1348200000E-004
  -0.9774866934E+000  -0.2796735269E-003   0.1318991635E-004   0.9854252033E+000  -0.2838100000E-003   0.1338500000E-004
  -0.9616000590E+000  -0.2730061678E-003   0.1310063154E-004   0.9850839570E+000  -0.2771400000E-003   0.1329900000E-004
  -0.9457134246E+000  -0.2663684806E-003   0.1302202139E-004   0.9847263607E+000  -0.2705000000E-003   0.1322400000E-004
  -0.9298267902E+000  -0.2597702847E-003   0.1295701500E-004   0.9843512114E+000  -0.2639000000E-003   0.1316300000E-004
  -0.9139401558E+000  -0.2532017025E-003   0.1290361453E-004   0.9839571854E+000  -0.2573300000E-003   0.1311400000E-004
  -0.8980535214E+000  -0.2466528690E-003   0.1286277303E-004   0.9835428223E+000  -0.2507800000E-003   0.1307800000E-004
  -0.8821668870E+000  -0.2401139334E-003   0.1283642167E-004   0.9831065075E+000  -0.2442400000E-003   0.1305700000E-004
  -0.8662802526E+000  -0.2335848879E-003   0.1282451883E-004   0.9826464509E+000  -0.2377100000E-003   0.1305100000E-004
  -0.8503936182E+000  -0.2270657236E-003   0.1282898258E-004   0.9821606626E+000  -0.2311900000E-003   0.1306200000E-004
  -0.8345069838E+000  -0.2205269815E-003   0.1284975824E-004   0.9816469241E+000  -0.2246500000E-003   0.1309000000E-004
  -0.8186203494E+000  -0.2139785108E-003   0.1288972799E-004   0.9811027546E+000  -0.2181000000E-003   0.1313800000E-004
  -0.8027337149E+000  -0.2074007266E-003   0.1295077911E-004   0.9805253714E+000  -0.2115200000E-003   0.1320800000E-004
  -0.7868470805E+000  -0.2007838954E-003   0.1303478466E-004   0.9799116419E+000  -0.2049000000E-003   0.1330200000E-004
  -0.7709604461E+000  -0.1941183188E-003   0.1314653902E-004   0.9792580277E+000  -0.1982300000E-003   0.1342500000E-004
  -0.7550738117E+000  -0.1873845533E-003   0.1328885181E-004   0.9785605163E+000  -0.1914900000E-003   0.1358000000E-004
  -0.7391871773E+000  -0.1805730110E-003   0.1346743965E-004   0.9778145393E+000  -0.1846700000E-003   0.1377300000E-004
  -0.7233005429E+000  -0.1736741637E-003   0.1369090941E-004   0.9770148725E+000  -0.1777600000E-003   0.1401300000E-004
  -0.7074139085E+000  -0.1666395079E-003   0.1396878541E-004   0.9761555146E+000  -0.1707100000E-003   0.1431000000E-004
  -0.6915272741E+000  -0.1594695339E-003   0.1431734484E-004   0.9752295372E+000  -0.1635200000E-003   0.1468100000E-004
  -0.6756406397E+000  -0.1521063579E-003   0.1475664513E-004   0.9742288987E+000  -0.1561300000E-003   0.1514700000E-004
  -0.6597540053E+000  -0.1445313784E-003   0.1532312877E-004   0.9731442123E+000  -0.1485200000E-003   0.1574600000E-004
  -0.6438673709E+000  -0.1366873611E-003   0.1607434813E-004   0.9719644533E+000  -0.1406300000E-003   0.1653800000E-004
  -0.6279807365E+000  -0.1285369935E-003   0.1710914551E-004   0.9706765862E+000  -0.1324200000E-003   0.1762600000E-004
  -0.6120941020E+000  -0.1200531736E-003   0.1859147362E-004   0.9692650863E+000  -0.1238600000E-003   0.1918100000E-004
  -0.5962074676E+000  -0.1113738956E-003   0.2071289304E-004   0.9677113177E+000  -0.1150900000E-003   0.2140400000E-004
  -0.5803208332E+000  -0.1027140055E-003   0.2355573238E-004   0.9659927161E+000  -0.1063300000E-003   0.2438500000E-004
  -0.5644341988E+000  -0.9429683115E-004   0.2706177334E-004   0.9640817007E+000  -0.9781000000E-004   0.2807000000E-004
  -0.5485475644E+000  -0.8623829806E-004   0.3111504729E-004   0.9619442059E+000  -0.8965000000E-004   0.3234600000E-004
  -0.5326609300E+000  -0.7860436613E-004   0.3560172605E-004   0.9595376669E+000  -0.8191900000E-004   0.3710300000E-004
  -0.5167742956E+000  -0.7142286253E-004   0.4041844926E-004   0.9568082110E+000  -0.7464700000E-004   0.4224300000E-004
  -0.5008876612E+000  -0.6470573288E-004   0.4547845602E-004   0.9536866655E+000  -0.6784800000E-004   0.4768700000E-004
  -0.4850010268E+000  -0.5844814132E-004   0.5070211658E-004   0.9500827601E+000  -0.6151900000E-004   0.5336600000E-004
  -0.4691143924E+000  -0.5264370300E-004   0.5601575276E-004   0.9458765093E+000  -0.5565600000E-004   0.5922100000E-004
  -0.4532277580E+000  -0.4727671517E-004   0.6134983201E-004   0.9409050505E+000  -0.5024600000E-004   0.6520300000E-004
  -0.4373411235E+000  -0.4232949575E-004   0.6663237621E-004   0.9349419272E+000  -0.4527500000E-004   0.7126900000E-004
  -0.4214544891E+000  -0.3778094458E-004   0.7178444407E-004   0.9276633335E+000  -0.4072700000E-004   0.7738200000E-004
  -0.4055678547E+000  -0.3360573002E-004   0.7671152727E-004   0.9185909145E+000  -0.3658400000E-004   0.8351000000E-004
  -0.3896812203E+000  -0.2977377453E-004   0.8128901642E-004   0.9069904203E+000  -0.3282700000E-004   0.8962500000E-004
  -0.3737945859E+000  -0.2624847218E-004   0.8533673722E-004   0.8916829903E+000  -0.2943700000E-004   0.9570300000E-004
  -0.3579079515E+000  -0.2298233175E-004   0.8856503961E-004   0.8706747897E+000  -0.2639600000E-004   0.1017200000E-003
  -0.3420213171E+000  -0.1990394168E-004   0.9048545014E-004   0.8403961191E+000  -0.2368400000E-004   0.1076700000E-003
  -0.3261346827E+000  -0.1690157613E-004   0.9015021015E-004   0.7941350436E+000  -0.2128300000E-004   0.1135200000E-003
  -0.3102480483E+000  -0.1379471946E-004   0.8580870921E-004   0.7194492262E+000  -0.1917400000E-004   0.1192700000E-003
  -0.2943614139E+000  -0.1040119893E-004   0.7492582228E-004   0.5998384619E+000  -0.1734000000E-004   0.1249100000E-003
  -0.2840555365E+000  -0.8143500000E-005   0.6425000000E-004   0.5000000000E+000  -0.1628700000E-004   0.1285000000E-003
  -0.2625881451E+000  -0.5063011962E-005   0.3994578726E-004   0.3108621577E+000  -0.1628700000E-004   0.1285000000E-003
  -0.2467015106E+000  -0.3654103062E-005   0.2882987926E-004   0.2243570370E+000  -0.1628700000E-004   0.1285000000E-003
  -0.2308148762E+000  -0.2789420732E-005   0.2200777087E-004   0.1712666994E+000  -0.1628700000E-004   0.1285000000E-003
  -0.2149282418E+000  -0.2233581415E-005   0.1762234984E-004   0.1371389093E+000  -0.1628700000E-004   0.1285000000E-003
  -0.1990416074E+000  -0.1854249118E-005   0.1462952119E-004   0.1138484139E+000  -0.1628700000E-004   0.1285000000E-003
  -0.1831549730E+000  -0.1581554135E-005   0.1247803195E-004   0.9710530700E-001  -0.1628700000E-004   0.1285000000E-003
  -0.1672683386E+000  -0.1377111935E-005   0.1086503860E-004   0.8455282958E-001  -0.1628700000E-004   0.1285000000E-003
  -0.1513817042E+000  -0.1218602759E-005   0.9614444311E-005   0.7482057829E-001  -0.1628700000E-004   0.1285000000E-003
  -0.1354950698E+000  -0.1092328471E-005   0.8618174531E-005   0.6706750608E-001  -0.1628700000E-004   0.1285000000E-003
  -0.1196084354E+000  -0.9894769570E-006   0.7806704056E-005   0.6075256075E-001  -0.1628700000E-004   0.1285000000E-003
  -0.1037218010E+000  -0.9041469279E-006   0.7133473337E-005   0.5551341118E-001  -0.1628700000E-004   0.1285000000E-003
  -0.8783516656E-001  -0.8322489383E-006   0.6566217755E-005   0.5109897086E-001  -0.1628700000E-004   0.1285000000E-003
  -0.7194853215E-001  -0.7708650230E-006   0.6081915359E-005   0.4733008062E-001  -0.1628700000E-004   0.1285000000E-003
  -0.5606189774E-001  -0.7178600312E-006   0.5663720391E-005   0.4407564507E-001  -0.1628700000E-004   0.1285000000E-003
  -0.4017526333E-001  -0.6716371206E-006   0.5299034199E-005   0.4123762022E-001  -0.1628700000E-004   0.1285000000E-003
  -0.2428862893E-001  -0.6309790196E-006   0.4978252841E-005   0.3874126725E-001  -0.1628700000E-004   0.1285000000E-003
  -0.8401994517E-002  -0.5949420723E-006   0.4693931128E-005   0.3652864691E-001  -0.1628700000E-004   0.1285000000E-003
   0.7484639891E-002  -0.5627837524E-006   0.4440210732E-005   0.3455416912E-001  -0.1628700000E-004   0.1285000000E-003
