# Cu                                                               FEFF 9.7.1
# POT  SCF 100  4.0000   0, screened core-hole, AFOLP (folp(0)= 1.150)
# Abs   Z=29 Rmt= 1.362 Rnm= 1.399 K  shell
# Pot 1 Z=29 Rmt= 1.362 Rnm= 1.399
# Gam_ch=1.729E+00 H-L exch Vi= 0.000E+00 Vr= 0.000E+00
# Mu=-7.729E+00eV kf=1.989E+00 Vint=-1.660E+01eV Rs_int= 1.823
#  -----------------------------------------------------------------------
#   0.95032E+00  0.23938E+01  0.62233E+00 -0.2840453E+00  0.3303192E+03 method to calculate xsect
#   1.7291900E+00  77  11
#       em              xsnorm            xsec  
 -0.167650285E+02  0.86459E+00  0.66519E-05 -0.90216E-04  0.18237E-04
 -0.151968390E+02  0.86459E+00  0.17255E-04 -0.59546E-04  0.31357E-04
 -0.137780010E+02  0.86459E+00  0.40782E-04 -0.35632E-04  0.51633E-04
 -0.125085143E+02  0.86459E+00  0.66489E-04 -0.19673E-04  0.73594E-04
 -0.113883790E+02  0.86459E+00  0.90274E-04 -0.10129E-04  0.94151E-04
 -0.104175951E+02  0.86459E+00  0.11049E-03 -0.50911E-05  0.11189E-03
 -0.959616251E+01  0.86459E+00  0.12674E-03 -0.29106E-05  0.12637E-03
 -0.892408133E+01  0.86459E+00  0.13924E-03 -0.23594E-05  0.13766E-03
 -0.840135152E+01  0.86459E+00  0.14840E-03 -0.25958E-05  0.14602E-03
 -0.816156784E+01  0.86459E+00  0.15243E-03 -0.28776E-05  0.14972E-03
 -0.772927034E+01  0.86459E+00  0.15940E-03 -0.36334E-05  0.15617E-03
 -0.729697284E+01  0.86459E+00  0.16428E-03 -0.41379E-05  0.16060E-03
 -0.686467534E+01  0.86459E+00  0.16936E-03 -0.48934E-05  0.16529E-03
 -0.643237784E+01  0.86459E+00  0.17435E-03 -0.59284E-05  0.16994E-03
 -0.600008034E+01  0.86459E+00  0.17919E-03 -0.71857E-05  0.17449E-03
 -0.556778284E+01  0.86459E+00  0.18384E-03 -0.86289E-05  0.17891E-03
 -0.547033080E+01  0.86459E+00  0.18486E-03 -0.89749E-05  0.17988E-03
 -0.504094560E+01  0.86459E+00  0.18922E-03 -0.10605E-04  0.18406E-03
 -0.457422256E+01  0.86459E+00  0.19370E-03 -0.12529E-04  0.18840E-03
 -0.407016167E+01  0.86459E+00  0.19823E-03 -0.14755E-04  0.19284E-03
 -0.352876294E+01  0.86459E+00  0.20275E-03 -0.17285E-04  0.19732E-03
 -0.295002637E+01  0.86459E+00  0.20718E-03 -0.20154E-04  0.20173E-03
 -0.233395195E+01  0.86459E+00  0.21139E-03 -0.23213E-04  0.20597E-03
 -0.168053969E+01  0.86459E+00  0.21550E-03 -0.26560E-04  0.21017E-03
 -0.989789584E+00  0.86459E+00  0.21929E-03 -0.30117E-04  0.21413E-03
 -0.261701636E+00  0.86459E+00  0.22277E-03 -0.33906E-04  0.21779E-03
  0.503724156E+00  0.86459E+00  0.22586E-03 -0.37713E-04  0.22114E-03
  0.130648779E+01  0.86459E+00  0.22864E-03 -0.41680E-04  0.22416E-03
  0.214658927E+01  0.86459E+00  0.23101E-03 -0.45606E-04  0.22681E-03
  0.302402859E+01  0.86459E+00  0.23299E-03 -0.49513E-04  0.22907E-03
  0.393880576E+01  0.86459E+00  0.23461E-03 -0.53214E-04  0.23093E-03
  0.489092077E+01  0.86459E+00  0.23589E-03 -0.56615E-04  0.23249E-03
  0.588037362E+01  0.86459E+00  0.23704E-03 -0.59865E-04  0.23391E-03
  0.690716432E+01  0.86459E+00  0.23798E-03 -0.62889E-04  0.23513E-03
  0.797129286E+01  0.86459E+00  0.23876E-03 -0.65682E-04  0.23622E-03
  0.907275924E+01  0.86459E+00  0.23943E-03 -0.68321E-04  0.23720E-03
  0.102115635E+02  0.86459E+00  0.23997E-03 -0.70799E-04  0.23804E-03
  0.113877055E+02  0.86459E+00  0.24041E-03 -0.73116E-04  0.23871E-03
  0.126011854E+02  0.86459E+00  0.24078E-03 -0.75285E-04  0.23931E-03
  0.138520032E+02  0.86459E+00  0.24096E-03 -0.77220E-04  0.23969E-03
  0.151401588E+02  0.86459E+00  0.24111E-03 -0.78986E-04  0.24007E-03
  0.164656523E+02  0.86459E+00  0.24123E-03 -0.80569E-04  0.24040E-03
  0.178284835E+02  0.86459E+00  0.24130E-03 -0.81954E-04  0.24065E-03
  0.192286527E+02  0.86459E+00  0.24136E-03 -0.83185E-04  0.24082E-03
  0.206661596E+02  0.86459E+00  0.24137E-03 -0.84278E-04  0.24095E-03
  0.221410045E+02  0.86459E+00  0.24145E-03 -0.85189E-04  0.24112E-03
  0.236531871E+02  0.86459E+00  0.24147E-03 -0.86006E-04  0.24126E-03
  0.252027076E+02  0.86459E+00  0.24157E-03 -0.86696E-04  0.24141E-03
  0.267895660E+02  0.86459E+00  0.24162E-03 -0.87301E-04  0.24152E-03
  0.284137622E+02  0.86459E+00  0.24178E-03 -0.87716E-04  0.24173E-03
  0.300752962E+02  0.86459E+00  0.24187E-03 -0.88176E-04  0.24185E-03
  0.317741681E+02  0.86459E+00  0.24205E-03 -0.88418E-04  0.24201E-03
  0.335103778E+02  0.86459E+00  0.24229E-03 -0.88657E-04  0.24225E-03
  0.352839254E+02  0.86459E+00  0.24246E-03 -0.88941E-04  0.24243E-03
  0.370948108E+02  0.86459E+00  0.24274E-03 -0.89001E-04  0.24265E-03
  0.389430340E+02  0.86459E+00  0.24306E-03 -0.89121E-04  0.24293E-03
  0.408285951E+02  0.86459E+00  0.24336E-03 -0.89165E-04  0.24317E-03
  0.427514941E+02  0.86459E+00  0.24371E-03 -0.89220E-04  0.24347E-03
  0.447117309E+02  0.86459E+00  0.24405E-03 -0.89271E-04  0.24373E-03
  0.467093055E+02  0.86459E+00  0.24443E-03 -0.89292E-04  0.24404E-03
  0.487442180E+02  0.86459E+00  0.24474E-03 -0.89338E-04  0.24429E-03
  0.508164683E+02  0.86459E+00  0.24510E-03 -0.89362E-04  0.24457E-03
  0.529260564E+02  0.86459E+00  0.24545E-03 -0.89360E-04  0.24483E-03
  0.550729824E+02  0.86459E+00  0.24585E-03 -0.89420E-04  0.24511E-03
  0.572572463E+02  0.86459E+00  0.24610E-03 -0.89460E-04  0.24533E-03
  0.594788480E+02  0.86459E+00  0.24645E-03 -0.89515E-04  0.24559E-03
  0.617377875E+02  0.86459E+00  0.24671E-03 -0.89477E-04  0.24579E-03
  0.640340649E+02  0.86459E+00  0.24698E-03 -0.89554E-04  0.24599E-03
  0.663676801E+02  0.86459E+00  0.24718E-03 -0.89526E-04  0.24619E-03
  0.687386331E+02  0.86459E+00  0.24739E-03 -0.89552E-04  0.24631E-03
  0.711469241E+02  0.86459E+00  0.24755E-03 -0.89653E-04  0.24648E-03
  0.735925528E+02  0.86459E+00  0.24774E-03 -0.89675E-04  0.24664E-03
  0.760755194E+02  0.86459E+00  0.24781E-03 -0.89701E-04  0.24674E-03
  0.785958238E+02  0.86459E+00  0.24792E-03 -0.89804E-04  0.24680E-03
  0.811534661E+02  0.86459E+00  0.24792E-03 -0.89806E-04  0.24691E-03
  0.837484462E+02  0.86459E+00  0.24791E-03 -0.89844E-04  0.24700E-03
  0.863807642E+02  0.86459E+00  0.24791E-03 -0.89935E-04  0.24694E-03
 -0.772927034E+01  0.50000E-02  0.15805E-03  0.94963E-05  0.15860E-03
 -0.772927034E+01  0.10000E-01  0.15805E-03  0.94165E-05  0.15859E-03
 -0.772927034E+01  0.12710E-01  0.15805E-03  0.93733E-05  0.15858E-03
 -0.772927034E+01  0.18961E-01  0.15805E-03  0.92737E-05  0.15855E-03
 -0.772927034E+01  0.28287E-01  0.15805E-03  0.91252E-05  0.15852E-03
 -0.772927034E+01  0.42199E-01  0.15805E-03  0.89039E-05  0.15847E-03
 -0.772927034E+01  0.62953E-01  0.15805E-03  0.85744E-05  0.15840E-03
 -0.772927034E+01  0.93915E-01  0.15806E-03  0.80840E-05  0.15829E-03
 -0.772927034E+01  0.14011E+00  0.15808E-03  0.73554E-05  0.15813E-03
 -0.772927034E+01  0.20901E+00  0.15813E-03  0.62746E-05  0.15790E-03
 -0.772927034E+01  0.31181E+00  0.15822E-03  0.46764E-05  0.15758E-03
 -0.772927034E+01  0.46517E+00  0.15844E-03  0.23231E-05  0.15714E-03
 -0.772927034E+01  0.69395E+00  0.15892E-03 -0.11189E-05  0.15655E-03
 -0.772927034E+01  0.10352E+01  0.15998E-03 -0.61033E-05  0.15584E-03
 -0.772927034E+01  0.15444E+01  0.16235E-03 -0.13212E-04  0.15509E-03
 -0.772927034E+01  0.23040E+01  0.16761E-03 -0.23121E-04  0.15458E-03
 -0.772927034E+01  0.34371E+01  0.17929E-03 -0.36467E-04  0.15489E-03
 -0.772927034E+01  0.51276E+01  0.20499E-03 -0.53572E-04  0.15705E-03
 -0.772927034E+01  0.76495E+01  0.25932E-03 -0.74038E-04  0.16253E-03
 -0.772927034E+01  0.11412E+02  0.34817E-03 -0.96337E-04  0.17305E-03
 -0.772927034E+01  0.17024E+02  0.36777E-03 -0.11754E-03  0.19017E-03
