# # Cu                                                           FEFF 9.5.1  
# # POT  Non-SCF, core-hole, AFOLP (folp(0)= 1.150)
# # Abs   Z=29 Rmt= 1.449 Rnm= 1.502 K  shell
# # Pot 1 Z=29 Rmt= 1.356 Rnm= 1.393
# # Gam_ch=1.729E+00 H-L exch
# # Mu=-3.777E+00 kf=1.822E+00 Vint=-1.643E+01 Rs_int= 1.990
# # PATH  Rmax= 5.500,  Keep_limit= 0.00, Heap_limit 0.00  Pwcrit= 2.50%
#  S02=1.000  Temp= 190.00  Debye_temp= 315.00  Global_sig2= 0.00000
#  Curved wave amplitude ratio filter   4.000%
#     file         sig2 tot  cw amp ratio   deg  nlegs   reff  inp sig2
#           1       0.00610    100.00     12.00     2   2.5527
#           2       0.00748     23.00      6.00     2   3.6100
#           3       0.00687     12.34     48.00     3   3.8290
#           4       0.00757      9.42     48.00     3   4.3577
#           5       0.00767     55.83     24.00     2   4.4213
#           6       0.00772     11.78     48.00     3   4.7633
#           7       0.00772     25.47     96.00     3   4.7633
#           8       0.00776     19.17     12.00     2   5.1053
#           9       0.00776      9.63     12.00     3   5.1053
#          10       0.00776     44.57     24.00     3   5.1053
#          11       0.00776      9.70     12.00     4   5.1053
#          12       0.02442      4.46     12.00     4   5.1053
#          14       0.00776     32.37     12.00     4   5.1053
#          16       0.00807      4.64     48.00     3   5.2920
#    14/  15 paths used
#  -----------------------------------------------------------------------
#       k          chi          mag           phase @#
     0.0500   -1.487788E-01  1.748194E-01 -2.123624E+00
     0.1000   -1.539774E-01  1.799021E-01 -2.114312E+00
     0.1500   -1.690545E-01  1.943961E-01 -2.087121E+00
     0.2000   -1.842463E-01  2.084564E-01 -2.057542E+00
     0.2500   -2.079936E-01  2.298853E-01 -2.010750E+00
     0.3000   -2.315149E-01  2.501941E-01 -1.959658E+00
     0.3500   -2.608992E-01  2.751441E-01 -1.893986E+00
     0.4000   -2.887126E-01  2.981464E-01 -1.823026E+00
     0.4500   -3.184955E-01  3.231614E-01 -1.740932E+00
     0.5000   -3.442635E-01  3.454373E-01 -1.653257E+00
     0.5500   -3.677088E-01  3.677413E-01 -1.557502E+00
     0.6000   -3.841491E-01  3.866800E-01 -1.456321E+00
     0.6500   -3.946314E-01  4.045089E-01 -1.349353E+00
     0.7000   -3.955190E-01  4.185660E-01 -1.237405E+00
     0.7500   -3.881735E-01  4.310651E-01 -1.120915E+00
     0.8000   -3.699295E-01  4.395989E-01 -1.000083E+00
     0.8500   -3.428415E-01  4.465823E-01 -8.752453E-01
     0.9000   -3.053984E-01  4.495792E-01 -7.468061E-01
     0.9500   -2.601288E-01  4.512399E-01 -6.144090E-01
     1.0000   -2.070244E-01  4.490169E-01 -4.791912E-01
     1.0500   -1.485576E-01  4.456957E-01 -3.398187E-01
     1.1000   -8.648009E-02  4.386754E-01 -1.984389E-01
     1.1500   -2.261523E-02  4.307947E-01 -5.252069E-02
     1.2000    3.959467E-02  4.194521E-01  9.453691E-02
     1.2500    9.935995E-02  4.074345E-01  2.463516E-01
     1.3000    1.521322E-01  3.922391E-01  3.983042E-01
     1.3500    1.984521E-01  3.765407E-01  5.551142E-01
     1.4000    2.335690E-01  3.580079E-01  7.107640E-01
     1.4500    2.594771E-01  3.391807E-01  8.710591E-01
     1.5000    2.723231E-01  3.179686E-01  1.028346E+00
     1.5500    2.754653E-01  2.967809E-01  1.189484E+00
     1.6000    2.668916E-01  2.738516E-01  1.344861E+00
     1.6500    2.505960E-01  2.511925E-01  1.501867E+00
     1.7000    2.270536E-01  2.277490E-01  1.648962E+00
     1.7500    2.001387E-01  2.051878E-01  1.793097E+00
     1.8000    1.720267E-01  1.831481E-01  1.921076E+00
     1.8500    1.455066E-01  1.629840E-01  2.038145E+00
     1.9000    1.228864E-01  1.450652E-01  2.131067E+00
     1.9500    1.050828E-01  1.305966E-01  2.206530E+00
     2.0000    9.288020E-02  1.202646E-01  2.259141E+00
     2.0500    8.519100E-02  1.143287E-01  2.300847E+00
     2.1000    8.041434E-02  1.133871E-01  2.353227E+00
     2.1500    7.523941E-02  1.158211E-01  2.434512E+00
     2.2000    6.660011E-02  1.196775E-01  2.551429E+00
     2.2500    5.314951E-02  1.241069E-01  2.699031E+00
     2.3000    3.328297E-02  1.270104E-01  2.876448E+00
     2.3500    7.965490E-03  1.274184E-01  3.079037E+00
     2.4000   -2.009593E-02  1.246803E-01  3.303479E+00
     2.4500   -4.434010E-02  1.241380E-01  3.506844E+00
     2.5000   -6.674411E-02  1.222747E-01  3.719000E+00
     2.5500   -8.514862E-02  1.189830E-01  3.939128E+00
     2.6000   -9.762052E-02  1.142043E-01  4.166736E+00
     2.6500   -1.059530E-01  1.109472E-01  4.411204E+00
     2.7000   -1.065520E-01  1.066890E-01  4.661697E+00
     2.7500   -9.929914E-02  1.014402E-01  4.918212E+00
     2.8000   -8.496722E-02  9.523625E-02  5.181052E+00
     2.8500   -6.642923E-02  9.192756E-02  5.475592E+00
     2.9000   -4.290624E-02  8.805981E-02  5.774259E+00
     2.9500   -1.711081E-02  8.367627E-02  6.077244E+00
     3.0000    8.006647E-03  7.883032E-02  6.384929E+00
     3.0500    3.239704E-02  7.708941E-02  6.716909E+00
     3.1000    5.200105E-02  7.502530E-02  7.048985E+00
     3.1500    6.467694E-02  7.265004E-02  7.381086E+00
     3.2000    6.928741E-02  6.998027E-02  7.713147E+00
     3.2500    6.924197E-02  7.051523E-02  8.044303E+00
     3.3000    6.145206E-02  7.068216E-02  8.370763E+00
     3.3500    4.710318E-02  7.048985E-02  8.692956E+00
     3.4000    2.810967E-02  6.994146E-02  9.011184E+00
     3.4500    7.679063E-03  7.025355E-02  9.315254E+00
     3.5000   -1.299501E-02  6.994062E-02  9.611664E+00
     3.5500   -3.162627E-02  6.912328E-02  9.899998E+00
     3.6000   -4.655658E-02  6.791561E-02  1.018008E+01
     3.6500   -5.686890E-02  6.646591E-02  1.045151E+01
     3.7000   -6.172757E-02  6.429050E-02  1.071226E+01
     3.7500   -6.158270E-02  6.162270E-02  1.095954E+01
     3.8000   -5.761809E-02  5.873806E-02  1.119117E+01
     3.8500   -5.064644E-02  5.553286E-02  1.141822E+01
     3.9000   -4.201695E-02  5.206613E-02  1.162733E+01
     3.9500   -3.324316E-02  4.864243E-02  1.181393E+01
     4.0000   -2.545416E-02  4.564269E-02  1.197478E+01
     4.0500   -1.826522E-02  4.268688E-02  1.212422E+01
     4.1000   -1.264467E-02  4.049498E-02  1.224881E+01
     4.1500   -8.308305E-03  3.938095E-02  1.235380E+01
     4.2000   -4.569781E-03  3.954906E-02  1.245056E+01
     4.2500   -4.586329E-04  4.016828E-02  1.255495E+01
     4.3000    4.274470E-03  4.186936E-02  1.266864E+01
     4.3500    1.024851E-02  4.447211E-02  1.279891E+01
     4.4000    1.779791E-02  4.773821E-02  1.294842E+01
     4.4500    2.628038E-02  5.089366E-02  1.310899E+01
     4.5000    3.573766E-02  5.436179E-02  1.328374E+01
     4.5500    4.558428E-02  5.799496E-02  1.347069E+01
     4.6000    5.499953E-02  6.167382E-02  1.366764E+01
     4.6500    6.261752E-02  6.494667E-02  1.386854E+01
     4.7000    6.807583E-02  6.820398E-02  1.407586E+01
     4.7500    7.057730E-02  7.139347E-02  1.428852E+01
     4.8000    6.947197E-02  7.447061E-02  1.450564E+01
     4.8500    6.426932E-02  7.717687E-02  1.472390E+01
     4.9000    5.505582E-02  7.974522E-02  1.494593E+01
     4.9500    4.199107E-02  8.212793E-02  1.517128E+01
     5.0000    2.558392E-02  8.427539E-02  1.539952E+01
     5.0500    6.755043E-03  8.604368E-02  1.562938E+01
     5.1000   -1.339752E-02  8.748282E-02  1.586171E+01
     5.1500   -3.349448E-02  8.853329E-02  1.609595E+01
     5.2000   -5.204372E-02  8.914059E-02  1.633141E+01
     5.2500   -6.759038E-02  8.910440E-02  1.656905E+01
     5.3000   -7.884171E-02  8.853080E-02  1.680653E+01
     5.3500   -8.497316E-02  8.739726E-02  1.704268E+01
     5.4000   -8.570373E-02  8.570403E-02  1.727613E+01
     5.4500   -8.114598E-02  8.328228E-02  1.750575E+01
     5.5000   -7.238737E-02  8.040080E-02  1.772903E+01
     5.5500   -6.073499E-02  7.717224E-02  1.794362E+01
     5.6000   -4.767050E-02  7.376370E-02  1.814688E+01
     5.6500   -3.446647E-02  7.024730E-02  1.833673E+01
     5.7000   -2.233878E-02  6.711171E-02  1.851022E+01
     5.7500   -1.176104E-02  6.471926E-02  1.866682E+01
     5.8000   -2.577667E-03  6.345178E-02  1.880892E+01
     5.8500    5.941397E-03  6.357479E-02  1.894315E+01
     5.9000    1.485531E-02  6.536747E-02  1.907882E+01
     5.9500    2.525973E-02  6.880224E-02  1.922548E+01
     6.0000    3.789479E-02  7.366989E-02  1.938985E+01
     6.0500    5.293375E-02  7.959536E-02  1.957710E+01
     6.1000    6.940020E-02  8.621211E-02  1.978522E+01
     6.1500    8.549081E-02  9.315707E-02  2.001182E+01
     6.2000    9.873015E-02  1.001115E-01  2.025404E+01
     6.2500    1.063820E-01  1.068028E-01  2.050915E+01
     6.3000    1.059746E-01  1.130000E-01  2.077483E+01
     6.3500    9.584193E-02  1.185080E-01  2.104915E+01
     6.4000    7.557003E-02  1.231633E-01  2.133057E+01
     6.4500    4.625187E-02  1.268304E-01  2.161786E+01
     6.5000    1.048191E-02  1.293992E-01  2.191006E+01
     6.5500   -2.828980E-02  1.303640E-01  2.220990E+01
     6.6000   -6.481295E-02  1.300336E-01  2.251294E+01
     6.6500   -9.452516E-02  1.283905E-01  2.281863E+01
     6.7000   -1.137358E-01  1.254406E-01  2.312652E+01
     6.7500   -1.202543E-01  1.212114E-01  2.343619E+01
     6.8000   -1.137681E-01  1.157509E-01  2.374730E+01
     6.8500   -9.589473E-02  1.091264E-01  2.405951E+01
     6.9000   -6.989324E-02  1.014228E-01  2.437246E+01
     6.9500   -4.008588E-02  9.274101E-02  2.468577E+01
     7.0000   -1.109562E-02  8.319628E-02  2.499898E+01
     7.0500    1.299905E-02  7.278543E-02  2.531230E+01
     7.1000    2.910482E-02  6.182533E-02  2.562289E+01
     7.1500    3.605426E-02  5.047405E-02  2.592838E+01
     7.2000    3.450704E-02  3.889920E-02  2.622374E+01
     7.2500    2.670137E-02  2.728832E-02  2.649576E+01
     7.3000    1.591294E-02  1.591354E-02  2.669486E+01
     7.3500    5.735670E-03  5.958993E-03  2.642890E+01
     7.4000   -6.692732E-04  8.630473E-03  2.505512E+01
     7.4500   -1.207606E-03  1.847315E-02  2.506732E+01
     7.5000    4.751842E-03  2.823469E-02  2.530184E+01
     7.5500    1.639046E-02  3.731933E-02  2.558744E+01
     7.6000    3.127440E-02  4.558371E-02  2.588884E+01
     7.6500    4.628938E-02  5.292797E-02  2.619730E+01
     7.7000    5.816436E-02  5.928062E-02  2.650917E+01
     7.7500    6.413477E-02  6.459203E-02  2.682260E+01
     7.8000    6.248233E-02  6.883259E-02  2.713646E+01
     7.8500    5.285007E-02  7.199199E-02  2.744998E+01
     7.9000    3.628050E-02  7.407872E-02  2.776252E+01
     7.9500    1.498330E-02  7.511950E-02  2.807353E+01
     8.0000   -8.107306E-03  7.515864E-02  2.838241E+01
     8.0500   -2.997747E-02  7.425480E-02  2.868990E+01
     8.1000   -4.776652E-02  7.249735E-02  2.899365E+01
     8.1500   -5.957541E-02  6.998144E-02  2.929280E+01
     8.2000   -6.459061E-02  6.681652E-02  2.958629E+01
     8.2500   -6.310151E-02  6.312571E-02  2.987282E+01
     8.3000   -5.630795E-02  5.904531E-02  3.015082E+01
     8.3500   -4.597743E-02  5.472469E-02  3.041835E+01
     8.4000   -3.403765E-02  5.032632E-02  3.067315E+01
     8.4500   -2.219568E-02  4.602531E-02  3.091271E+01
     8.5000   -1.166060E-02  4.200686E-02  3.113464E+01
     8.5500   -3.031473E-03  3.857502E-02  3.133726E+01
     8.6000    3.772614E-03  3.580010E-02  3.152150E+01
     8.6500    9.199733E-03  3.380768E-02  3.169152E+01
     8.7000    1.387296E-02  3.263894E-02  3.185494E+01
     8.7500    1.833554E-02  3.222936E-02  3.202110E+01
     8.8000    2.285346E-02  3.242082E-02  3.219821E+01
     8.8500    2.732074E-02  3.300319E-02  3.239114E+01
     8.9000    3.128359E-02  3.376118E-02  3.260123E+01
     8.9500    3.406910E-02  3.450650E-02  3.282733E+01
     9.0000    3.497850E-02  3.509155E-02  3.306701E+01
     9.0500    3.359554E-02  3.554602E-02  3.331953E+01
     9.1000    2.956031E-02  3.565524E-02  3.358010E+01
     9.1500    2.310281E-02  3.538153E-02  3.384603E+01
     9.2000    1.486896E-02  3.471423E-02  3.411488E+01
     9.2500    5.801771E-03  3.366552E-02  3.438432E+01
     9.3000   -3.044483E-03  3.226732E-02  3.465201E+01
     9.3500   -1.071081E-02  3.056918E-02  3.491550E+01
     9.4000   -1.651106E-02  2.863698E-02  3.517204E+01
     9.4500   -2.014001E-02  2.655247E-02  3.541853E+01
     9.5000   -2.168963E-02  2.441322E-02  3.565145E+01
     9.5500   -2.163460E-02  2.239279E-02  3.586735E+01
     9.6000   -2.050389E-02  2.054939E-02  3.606176E+01
     9.6500   -1.892271E-02  1.902732E-02  3.623322E+01
     9.7000   -1.737262E-02  1.795976E-02  3.638472E+01
     9.7500   -1.607849E-02  1.743375E-02  3.652522E+01
     9.8000   -1.497367E-02  1.745538E-02  3.666809E+01
     9.8500   -1.374940E-02  1.794237E-02  3.682604E+01
     9.9000   -1.197254E-02  1.875341E-02  3.700667E+01
     9.9500   -9.239411E-03  1.973128E-02  3.721179E+01
    10.0000   -5.324216E-03  2.073390E-02  3.743941E+01
    10.0500   -3.023219E-04  2.183858E-02  3.768527E+01
    10.1000    5.595761E-03  2.280145E-02  3.794706E+01
    10.1500    1.175277E-02  2.355357E-02  3.822153E+01
    10.2000    1.736378E-02  2.404543E-02  3.850598E+01
    10.2500    2.159607E-02  2.424378E-02  3.879819E+01
    10.3000    2.376670E-02  2.412913E-02  3.909637E+01
    10.3500    2.349647E-02  2.369373E-02  3.939903E+01
    10.4000    2.080361E-02  2.294007E-02  3.970491E+01
    10.4500    1.611419E-02  2.187962E-02  4.001283E+01
    10.5000    1.018550E-02  2.053175E-02  4.032162E+01
    10.5500    3.958262E-03  1.892280E-02  4.062997E+01
    10.6000   -1.629726E-03  1.708529E-02  4.093624E+01
    10.6500   -5.827540E-03  1.505741E-02  4.123810E+01
    10.7000   -8.212098E-03  1.288299E-02  4.153187E+01
    10.7500   -8.755759E-03  1.061277E-02  4.181094E+01
    10.8000   -7.806929E-03  8.309457E-03  4.206194E+01
    10.8500   -5.989828E-03  6.065451E-03  4.225343E+01
    10.9000   -4.047656E-03  4.072856E-03  4.230020E+01
    10.9500   -2.665668E-03  2.886243E-03  4.201801E+01
    11.0000   -2.314393E-03  3.335090E-03  4.160767E+01
    11.0500   -3.153797E-03  4.881153E-03  4.154319E+01
    11.1000   -5.055826E-03  6.722969E-03  4.169183E+01
    11.1500   -7.586930E-03  8.574002E-03  4.192693E+01
    11.2000   -1.010252E-02  1.032942E-02  4.220151E+01
    11.2500   -1.189279E-02  1.193619E-02  4.249679E+01
    11.3000   -1.234428E-02  1.336089E-02  4.280412E+01
    11.3500   -1.108139E-02  1.458045E-02  4.311896E+01
    11.4000   -8.057357E-03  1.557886E-02  4.343872E+01
    11.4500   -3.575098E-03  1.634590E-02  4.376180E+01
    11.5000    1.765589E-03  1.687651E-02  4.408711E+01
    11.5500    7.182440E-03  1.717044E-02  4.441387E+01
    11.6000    1.186150E-02  1.723190E-02  4.474150E+01
    11.6500    1.511199E-02  1.706932E-02  4.506950E+01
    11.7000    1.649307E-02  1.669493E-02  4.539743E+01
    11.7500    1.588727E-02  1.612450E-02  4.572484E+01
    11.8000    1.350775E-02  1.537682E-02  4.605128E+01
    11.8500    9.840877E-03  1.447336E-02  4.637622E+01
    11.9000    5.539208E-03  1.343775E-02  4.669901E+01
    11.9500    1.289682E-03  1.229534E-02  4.701880E+01
    12.0000   -2.314526E-03  1.107282E-02  4.733447E+01
    12.0500   -4.970286E-03  9.964217E-03  4.764612E+01
    12.1000   -6.473268E-03  8.800869E-03  4.795033E+01
    12.1500   -6.846744E-03  7.607410E-03  4.824368E+01
    12.2000   -6.314133E-03  6.411114E-03  4.852053E+01
    12.2500   -5.228870E-03  5.244162E-03  4.877107E+01
    12.3000   -3.984551E-03  4.149283E-03  4.897741E+01
    12.3500   -2.925909E-03  3.193335E-03  4.910685E+01
    12.4000   -2.279492E-03  2.493477E-03  4.911200E+01
    12.4500   -2.117364E-03  2.215112E-03  4.899287E+01
    12.5000   -2.358965E-03  2.406185E-03  4.889312E+01
    12.5500   -2.807536E-03  2.885565E-03  4.892777E+01
    12.6000   -3.210160E-03  3.457440E-03  4.907519E+01
    12.6500   -3.326043E-03  4.015511E-03  4.928942E+01
    12.7000   -2.986912E-03  4.509902E-03  4.954160E+01
    12.7500   -2.136426E-03  4.916879E-03  4.981599E+01
    12.8000   -8.411101E-04  5.225438E-03  5.010381E+01
    12.8500    7.276471E-04  5.431704E-03  5.039985E+01
    12.9000    2.334428E-03  5.536403E-03  5.070075E+01
    12.9500    3.732619E-03  5.543574E-03  5.100418E+01
    13.0000    4.716496E-03  5.459825E-03  5.130835E+01
    13.0500    5.243315E-03  5.376958E-03  5.161286E+01
    13.1000    5.204716E-03  5.221034E-03  5.191536E+01
    13.1500    4.647070E-03  5.000288E-03  5.221440E+01
    13.2000    3.697057E-03  4.724351E-03  5.250832E+01
    13.2500    2.529980E-03  4.404167E-03  5.279514E+01
    13.3000    1.330956E-03  4.051981E-03  5.307239E+01
    13.3500    2.580780E-04  3.681426E-03  5.333691E+01
    13.4000   -5.845234E-04  3.307722E-03  5.358472E+01
    13.4500   -1.158656E-03  2.947950E-03  5.381101E+01
    13.5000   -1.487906E-03  2.621204E-03  5.401071E+01
    13.5500   -1.639965E-03  2.347960E-03  5.418032E+01
    13.6000   -1.701023E-03  2.147448E-03  5.432134E+01
    13.6500   -1.749157E-03  2.032049E-03  5.444388E+01
    13.7000   -1.833319E-03  2.000856E-03  5.456573E+01
    13.7500   -1.962579E-03  2.038179E-03  5.470465E+01
    13.8000   -2.107375E-03  2.119529E-03  5.487073E+01
    13.8500   -2.211430E-03  2.219927E-03  5.506539E+01
    13.9000   -2.210411E-03  2.318932E-03  5.528501E+01
    13.9500   -2.052029E-03  2.401879E-03  5.552438E+01
    14.0000   -1.712260E-03  2.459228E-03  5.577850E+01
    14.0500   -1.223239E-03  2.527466E-03  5.604347E+01
    14.1000   -5.918580E-04  2.565618E-03  5.631588E+01
    14.1500    1.136613E-04  2.571916E-03  5.659288E+01
    14.2000    8.090476E-04  2.546340E-03  5.687200E+01
    14.2500    1.411020E-03  2.490339E-03  5.715104E+01
    14.3000    1.853611E-03  2.406646E-03  5.742783E+01
    14.3500    2.099981E-03  2.299155E-03  5.770016E+01
    14.4000    2.147176E-03  2.172841E-03  5.796561E+01
    14.4500    2.023136E-03  2.033721E-03  5.822154E+01
    14.5000    1.777159E-03  1.888821E-03  5.846503E+01
    14.5500    1.466540E-03  1.746119E-03  5.869319E+01
    14.6000    1.142907E-03  1.614316E-03  5.890362E+01
    14.6500    8.416221E-04  1.502267E-03  5.909559E+01
    14.7000    5.766616E-04  1.417808E-03  5.927139E+01
    14.7500    3.418550E-04  1.366022E-03  5.943732E+01
    14.8000    1.176828E-04  1.347572E-03  5.960282E+01
    14.8500   -1.185717E-04  1.358206E-03  5.977767E+01
    14.9000   -3.823028E-04  1.389978E-03  5.996889E+01
    14.9500   -6.736657E-04  1.433406E-03  6.017952E+01
    15.0000   -9.744444E-04  1.479381E-03  6.040933E+01
    15.0500   -1.271580E-03  1.546686E-03  6.065541E+01
    15.1000   -1.512617E-03  1.607339E-03  6.091604E+01
    15.1500   -1.652398E-03  1.656739E-03  6.118865E+01
    15.2000   -1.654372E-03  1.691478E-03  6.147090E+01
    15.2500   -1.500170E-03  1.709187E-03  6.176079E+01
    15.3000   -1.195683E-03  1.708399E-03  6.205662E+01
    15.3500   -7.720635E-04  1.688429E-03  6.235693E+01
    15.4000   -2.812554E-04  1.649272E-03  6.266048E+01
    15.4500    2.130432E-04  1.591520E-03  6.296612E+01
    15.5000    6.470469E-04  1.516283E-03  6.327273E+01
    15.5500    9.686163E-04  1.425130E-03  6.357916E+01
    15.6000    1.146504E-03  1.320027E-03  6.388411E+01
    15.6500    1.175149E-03  1.203286E-03  6.418597E+01
    15.7000    1.074096E-03  1.077536E-03  6.448258E+01
    15.7500    8.823202E-04  9.457117E-04  6.477087E+01
    15.8000    6.489064E-04  8.111002E-04  6.504610E+01
    15.8500    4.222564E-04  6.775038E-04  6.530055E+01
    15.9000    2.402756E-04  5.496479E-04  6.552102E+01
    15.9500    1.236417E-04  4.341364E-04  6.568465E+01
    16.0000    7.346764E-05  3.413197E-04  6.575650E+01
    16.0500    7.278172E-05  2.884989E-04  6.571841E+01
    16.1000    9.831436E-05  2.850050E-04  6.562125E+01
    16.1500    1.199841E-04  3.261740E-04  6.559675E+01
    16.2000    1.100099E-04  3.916015E-04  6.568869E+01
    16.2500    4.993926E-05  4.646703E-04  6.586577E+01
    16.3000   -6.476515E-05  5.362101E-04  6.609452E+01
    16.3500   -2.235287E-04  6.013893E-04  6.635427E+01
    16.4000   -4.030036E-04  6.575406E-04  6.663317E+01
    16.4500   -5.722897E-04  7.031529E-04  6.692426E+01
    16.5000   -6.997606E-04  7.374196E-04  6.722328E+01
    16.5500   -7.599153E-04  7.600232E-04  6.752739E+01
    16.6000   -7.387393E-04  7.710212E-04  6.783464E+01
    16.6500   -6.364614E-04  7.707782E-04  6.814353E+01
    16.7000   -4.672287E-04  7.599189E-04  6.845286E+01
    16.7500   -2.559256E-04  7.392911E-04  6.876155E+01
    16.8000   -3.298531E-05  7.099329E-04  6.906856E+01
    16.8500    1.715750E-04  6.730427E-04  6.937281E+01
    16.9000    3.335716E-04  6.299518E-04  6.967307E+01
    16.9500    4.384208E-04  5.820981E-04  6.996791E+01
    17.0000    4.826033E-04  5.310033E-04  7.025556E+01
    17.0500    4.820609E-04  4.874995E-04  7.053632E+01
    17.1000    4.392057E-04  4.423681E-04  7.080548E+01
    17.1500    3.697369E-04  3.971394E-04  7.105949E+01
    17.2000    2.901357E-04  3.535205E-04  7.129399E+01
    17.2500    2.142197E-04  3.134205E-04  7.150410E+01
    17.3000    1.507582E-04  2.789254E-04  7.168560E+01
    17.3500    1.025628E-04  2.521165E-04  7.183767E+01
    17.4000    6.709605E-05  2.346010E-04  7.196658E+01
    17.4500    3.828363E-05  2.268183E-04  7.208703E+01
    17.5000    8.968625E-06  2.276158E-04  7.221722E+01
    17.5500   -2.665405E-05  2.345963E-04  7.237049E+01
    17.6000   -7.121741E-05  2.449863E-04  7.255159E+01
    17.6500   -1.233701E-04  2.563457E-04  7.275873E+01
    17.7000   -1.780869E-04  2.668435E-04  7.298732E+01
    17.7500   -2.279354E-04  2.752437E-04  7.323238E+01
    17.8000   -2.649134E-04  2.807934E-04  7.348951E+01
    17.8500   -2.823666E-04  2.831068E-04  7.375510E+01
    17.9000   -2.765166E-04  2.820737E-04  7.402625E+01
    17.9500   -2.472653E-04  2.777904E-04  7.430063E+01
    18.0000   -1.981425E-04  2.705086E-04  7.457626E+01
    18.0500   -1.381440E-04  2.663627E-04  7.485297E+01
    18.1000   -6.929081E-05  2.599434E-04  7.512840E+01
    18.1500    7.457493E-07  2.515940E-04  7.540119E+01
    18.2000    6.490698E-05  2.417140E-04  7.567009E+01
    18.2500    1.177884E-04  2.307418E-04  7.593396E+01
    18.3000    1.562187E-04  2.191368E-04  7.619182E+01
    18.3500    1.793162E-04  2.073579E-04  7.644291E+01
    18.4000    1.880932E-04  1.958401E-04  7.668681E+01
    18.4500    1.847754E-04  1.849660E-04  7.692361E+01
    18.5000    1.720495E-04  1.750361E-04  7.715402E+01
    18.5500    1.524378E-04  1.662406E-04  7.737939E+01
    18.6000    1.279330E-04  1.586394E-04  7.760171E+01
    18.6500    9.993633E-05  1.521592E-04  7.782326E+01
    18.7000    6.944751E-05  1.466089E-04  7.804634E+01
    18.7500    3.738734E-05  1.417148E-04  7.827284E+01
    18.8000    4.907777E-06  1.371643E-04  7.850403E+01
    18.8500   -2.643730E-05  1.326502E-04  7.874046E+01
    18.9000   -5.473102E-05  1.279062E-04  7.898198E+01
    18.9500   -7.793849E-05  1.227307E-04  7.922787E+01
    19.0000   -9.428500E-05  1.169986E-04  7.947695E+01
    19.0500   -1.050300E-04  1.131701E-04  7.972902E+01
    19.1000   -1.077761E-04  1.086789E-04  7.998163E+01
    19.1500   -1.027729E-04  1.035455E-04  8.023285E+01
    19.2000   -9.123612E-05  9.785207E-05  8.048044E+01
    19.2500   -7.512959E-05  9.174141E-05  8.072187E+01
    19.3000   -5.677851E-05  8.541532E-05  8.095427E+01
    19.3500   -3.840861E-05  7.913268E-05  8.117462E+01
    19.4000   -2.172471E-05  7.320347E-05  8.138010E+01
    19.4500   -7.633865E-06  6.797242E-05  8.156886E+01
    19.5000    3.819367E-06  6.378253E-05  8.174133E+01
    19.5500    1.329380E-05  6.091152E-05  8.190143E+01
    19.6000    2.181548E-05  5.949258E-05  8.205686E+01
    19.6500    3.035814E-05  5.945850E-05  8.221726E+01
    19.7000    3.945527E-05  6.055069E-05  8.239111E+01
    19.7500    4.895046E-05  6.239153E-05  8.258341E+01
    19.8000    5.795537E-05  6.457422E-05  8.279548E+01
    19.8500    6.502955E-05  6.672848E-05  8.302607E+01
    19.9000    6.853730E-05  6.855170E-05  8.327271E+01
    19.9500    6.708912E-05  6.981580E-05  8.353261E+01
    20.0000    5.995217E-05  7.036254E-05  8.380312E+01
